13 0,08203125 0,3408203125 0,263671875 0,3408203125 0,263671875 0,5400390625 0,08203125 0,5400390625
29 0,181640625 0,3212890625 0,357421875 0,3212890625 0,357421875 0,5400390625 0,181640625 0,5400390625
23 0,26953125 0,2998046875 0,36328125 0,2998046875 0,36328125 0,5400390625 0,26953125 0,5400390625
13 0,453374353515625 0,517194271484375 0,521871728515625 0,510441123046875 0,474345056640625 0,350965025390625 0,39801719140625 0,36164422265625 0,453374353515625 0,517194271484375
10 0,5943573125 0,49633005859375 0,53694426171875 0,341111337890625 0,472801546875 0,351203517578125 0,52199440625 0,5090623984375 0,5943573125 0,49633005859375
20 0,591490119140625 0,494897376953125 0,66021166796875 0,4840767890625 0,61042952734375 0,411137099609375 0,61955186328125 0,3269015703125 0,53733083203125 0,34119287890625 0,591490119140625 0,494897376953125
2 0,75223190625 0,46809693359375 0,7091780546875 0,31527334765625 0,638104166015625 0,326408146484375 0,6808730078125 0,480623427734375 0,75223190625 0,46809693359375
5 0,820827869140625 0,458710115234375 0,77538643359375 0,30024754296875 0,707139806640625 0,31160713671875 0,752581240234375 0,470069705078125 0,820827869140625 0,458710115234375
3 0,819249994140625 0,460336900390625 0,88182040234375 0,44520553515625 0,843596048828125 0,28830042578125 0,777207611328125 0,299988943359375 0,77520462109375 0,30030097265625 0,819249994140625 0,460336900390625
11 0 0,537109375 0,064453125 0,537109375 0,064453125 0,6640625 0 0,6640625
20 0,01953125 0,5380859375 0,134765625 0,5380859375 0,134765625 0,6611328125 0,01953125 0,6611328125
9 0,10546875 0,5380859375 0,21484375 0,5380859375 0,21484375 0,6494140625 0,10546875 0,6494140625
2 0,16796875 0,5380859375 0,28125 0,5380859375 0,28125 0,6416015625 0,16796875 0,6416015625
7 0,228515625 0,5380859375 0,33984375 0,5380859375 0,33984375 0,6318359375 0,228515625 0,6318359375
28 0,35546875 0,78791035546875 0,38166672265625 0,7936530234375 0,38786258984375 0,67155379296875 0,35546875 0,666775599609375 0,35546875 0,78791035546875
27 0,377087771484375 0,793604548828125 0,43796858203125 0,80716621484375 0,4402252890625 0,682986447265625 0,382121927734375 0,67211123046875 0,377087771484375 0,793604548828125
24 0,429450470703125 0,80498631640625 0,4908294375 0,81574596484375 0,496933244140625 0,696210333984375 0,43077316015625 0,687050970703125 0,429450470703125 0,80498631640625
2 0,497350798828125 0,697785630859375 0,496187193359375 0,69707723046875 0,502123107421875 0,819968380859375 0,564498662109375 0,836630306640625 0,57142479296875 0,71400759375 0,497350798828125 0,697785630859375
8 0,559720466796875 0,832484708984375 0,61871628125 0,8516623125 0,621179572265625 0,723496736328125 0,563050703125 0,7148061171875 0,559720466796875 0,832484708984375
2 0,61086768359375 0,847189861328125 0,673359755859375 0,85907184375 0,68003137890625 0,739981109375 0,613816361328125 0,72379009765625 0,61086768359375 0,847189861328125