7 0,43599353515625 0,493319171875 0,3856111953125 0,23389259765625 0,25136980859375 0,270955232421875 0,3505271484375 0,520809759765625 0,43599353515625 0,493319171875
8 0,173597677734375 0,307185232421875 0,233508125 0,55078125 0,30023197265625 0,55078125 0,3575325859375 0,5258199296875 0,28193490625 0,27520839453125 0,276761220703125 0,274883189453125 0,173597677734375 0,307185232421875
9 0,264181376953125 0,55078125 0,19705325390625 0,313682841796875 0,079391271484375 0,34894055859375 0,13286836328125 0,55078125 0,264181376953125 0,55078125
44 0,419921875 0,0546875 0,478515625 0,0546875 0,478515625 0,2109375 0,419921875 0,2109375
31 0,553197337962963 0,00863715277777777 0,682436342592593 0,00863715277777777 0,682436342592593 0,171397569444445 0,553197337962963 0,171397569444445
22 0,49056712962963 0,0225188078703704 0,621730324074074 0,0225188078703704 0,621730324074074 0,183427372685185 0,49056712962963 0,183427372685185
31 0,432761863425926 0,0401548032407407 0,563896122685185 0,0401548032407407 0,563896122685185 0,199110243055556 0,432761863425926 0,199110243055556
44 0 0,572265625 0,087890625 0,572265625 0,087890625 0,728515625 0 0,728515625
31 0,162109375 0,546875 0,291015625 0,546875 0,291015625 0,6875 0,162109375 0,6875
22 0,099609375 0,546875 0,23046875 0,546875 0,23046875 0,69921875 0,099609375 0,69921875
31 0,0421368634259259 0,557732928240741 0,173271122685185 0,557732928240741 0,173271122685185 0,716688368055556 0,0421368634259259 0,716688368055556
10 0,911250953125 0,73369489453125 0,9052600859375 0,556246875 0,842541470703125 0,5574514453125 0,83664508203125 0,7278010703125 0,911250953125 0,73369489453125
11 0,8739913984375 0,73096503125 0,876319685546875 0,55543340625 0,798317107421875 0,55520859375 0,802896986328125 0,72950280078125 0,8739913984375 0,73096503125
20 0,837682970703125 0,556683826171875 0,755698630859375 0,55698503515625 0,789645390625 0,647268806640625 0,758438806640625 0,726694328125 0,8399804765625 0,731269234375 0,837682970703125 0,556683826171875
5 0,789165583984375 0,560585642578125 0,713308076171875 0,55796725390625 0,72362555078125 0,60899964453125 0,717548525390625 0,722851685546875 0,78616615625 0,72635276953125 0,789165583984375 0,560585642578125
8 0,7446446015625 0,561122494140625 0,685064669921875 0,559579490234375 0,686326970703125 0,652151560546875 0,681279431640625 0,721024166015625 0,758055443359375 0,726750833984375 0,7446446015625 0,561122494140625
8 0,725638720703125 0,722031830078125 0,711071107421875 0,5634456484375 0,6489181328125 0,561098478515625 0,651775341796875 0,720388240234375 0,725638720703125 0,722031830078125