10 0,052734375 0 0,16015625 0 0,16015625 0,154296875 0,052734375 0,154296875
27 0,1547262578125 0 0,142675857421875 0,154222583984375 0,22969559375 0,16504475 0,2478251640625 0 0,1547262578125 0
27 0,2492870234375 0 0,230901212890625 0,1664988125 0,321817376953125 0,17780555859375 0,3466321953125 0 0,2492870234375 0
4 0,373460232421875 0 0,35808930078125 0,183620625 0,44973970703125 0,202846576171875 0,46135573828125 0 0,373460232421875 0
7 0,46575415625 0 0,44407361328125 0,208665681640625 0,524315978515625 0,222558931640625 0,559924931640625 0 0,46575415625 0
3 0,55461397265625 0 0,52663131640625 0,226760822265625 0,62264952734375 0,240006208984375 0,6484375 0,013111662109375 0,6484375 0 0,55461397265625 0
16 0,305425347222222 0,626157407407407 0,355497685185185 0,626157407407407 0,355497685185185 0,711950231481482 0,305425347222222 0,711950231481482
15 0,3455078125 0,630570023148148 0,397533275462963 0,630570023148148 0,397533275462963 0,716435185185185 0,3455078125 0,716435185185185
29 0,389453125 0,632197627314815 0,443431712962963 0,632197627314815 0,443431712962963 0,718135127314815 0,389453125 0,718135127314815
5 0,452973090277778 0,637478298611111 0,508904803240741 0,637478298611111 0,508904803240741 0,723488136574074 0,452973090277778 0,723488136574074
5 0,498871527777778 0,639178240740741 0,552879050925926 0,639178240740741 0,552879050925926 0,727068865740741 0,498871527777778 0,727068865740741
7 0,544827835648148 0,64478443287037 0,596853298611111 0,64478443287037 0,596853298611111 0,730649594907407 0,544827835648148 0,730649594907407
26 0,6484375 0,545393361328125 0,6484375 0,622705359375 0,742910123046875 0,634454400390625 0,748999810546875 0,41236257421875 0,654934091796875 0,404369861328125 0,6484375 0,545393361328125
3 0,867532390625 0,653657146484375 0,88862895703125 0,44454881640625 0,789865896484375 0,428031306640625 0,778668333984375 0,63995978515625 0,867532390625 0,653657146484375
0 0,873857072265625 0,654443712890625 0,966410154296875 0,668601423828125 0,985801349609375 0,468279955078125 0,891224708984375 0,445400802734375 0,892728515625 0,446647720703125 0,873857072265625 0,654443712890625
6 1 0,471308115234375 0,990429380859375 0,470443013671875 0,97054962109375 0,67017455859375 1 0,675194087890625 1 0,471308115234375