29 0,4267578125 0,279924712890625 0,4267578125 0,246964138671875 0,4051743671875 0,10737251953125 0,314677478515625 0,10873561328125 0,357430888671875 0,283061365234375 0,4267578125 0,279924712890625
27 0,3765005859375 0,283791953125 0,342400947265625 0,111109126953125 0,261034990234375 0,11284474609375 0,2894108984375 0,286189884765625 0,3765005859375 0,283791953125
14 0,320866142578125 0,28184289453125 0,28866271484375 0,1139425859375 0,19665530078125 0,103169466796875 0,226304501953125 0,290602041015625 0,320866142578125 0,28184289453125
6 0,23276272265625 0,272463185546875 0,187039228515625 0,109037388671875 0,102876740234375 0,114170453125 0,149969787109375 0,286390810546875 0,23276272265625 0,272463185546875
15 0 0,142087541015625 0,048503478515625 0,300629439453125 0,11994347265625 0,302291314453125 0,083467916015625 0,118330248046875 0 0,12356062109375 0 0,142087541015625
1 0,173763982421875 0,287815037109375 0,127027169921875 0,113641451171875 0,0622209453125 0,104360962890625 0,091856287109375 0,294586416015625 0,173763982421875 0,287815037109375
44 0,673075810185185 0,210785590277778 0,823857060185185 0,210785590277778 0,823857060185185 0,370855034722222 0,673075810185185 0,370855034722222
44 0,638650173611111 0,2283203125 0,767975983796296 0,2283203125 0,767975983796296 0,389228877314815 0,638650173611111 0,389228877314815
31 0,894849537037037 0,149139178240741 0,996513310185185 0,149139178240741 0,996513310185185 0,287145543981481 0,894849537037037 0,287145543981481
12 0,96828476953125 0,294057087890625 0,900047373046875 0,170992546875 0,8236320625 0,18761644921875 0,886939572265625 0,318279794921875 0,96828476953125 0,294057087890625
10 0,90416940625 0,318504310546875 0,840544615234375 0,193637373046875 0,779889513671875 0,208697591796875 0,8284961171875 0,336223123046875 0,90416940625 0,318504310546875
2 0,715297560546875 0,382830673828125 0,653640544921875 0,254532876953125 0,5701409375 0,2799224609375 0,643313181640625 0,404146919921875 0,715297560546875 0,382830673828125
10 0,8979363515625 0,76522036328125 0,87759247265625 0,701270837890625 0,8205032734375 0,706414654296875 0,83480903515625 0,77135483203125 0,8979363515625 0,76522036328125
11 0,863241861328125 0,768697408203125 0,848746330078125 0,70698603125 0,787936361328125 0,71113887890625 0,80000530859375 0,77303651953125 0,863241861328125 0,768697408203125
31 0,827890296875 0,77301075390625 0,81496223828125 0,711295478515625 0,751926505859375 0,71635946484375 0,7765115 0,775455130859375 0,827890296875 0,77301075390625
7 0,783034478515625 0,7776134140625 0,766369634765625 0,7177778671875 0,7057536015625 0,722669337890625 0,735892111328125 0,780229822265625 0,783034478515625 0,7776134140625
6 0,760803263671875 0,7786114375 0,72619625390625 0,724209564453125 0,676848654296875 0,72662173046875 0,703242587890625 0,786923859375 0,760803263671875 0,7786114375
0 0,7287273125 0,783067890625 0,700028580078125 0,726168658203125 0,64750410546875 0,73085101171875 0,673731947265625 0,789139974609375 0,7287273125 0,783067890625