13 0,0478515625 0,001953125 0,2236328125 0,001953125 0,2236328125 0,060546875 0,0478515625 0,060546875
32 0,7041015625 0,001953125 0,8564453125 0,001953125 0,8564453125 0,1484375 0,7041015625 0,1484375
32 0,6279296875 0,001953125 0,7744140625 0,001953125 0,7744140625 0,1328125 0,6279296875 0,1328125
14 0,5439453125 0,001953125 0,6943359375 0,001953125 0,6943359375 0,134765625 0,5439453125 0,134765625
8 0,4306640625 0,001953125 0,5830078125 0,001953125 0,5830078125 0,119140625 0,4306640625 0,119140625
2 0,3466796875 0,001953125 0,5029296875 0,001953125 0,5029296875 0,1171875 0,3466796875 0,1171875
2 0,2587890625 0,001953125 0,4150390625 0,001953125 0,4150390625 0,10546875 0,2587890625 0,10546875
2 0,218199314453125 0,6181795 0,24418945703125 0,489524896484375 0,1941986640625 0,487328310546875 0,16554328125 0,61441724609375 0,218199314453125 0,6181795
9 0,185026265625 0,6153741640625 0,214962447265625 0,48718796484375 0,150712154296875 0,48419637109375 0,14364171484375 0,611814220703125 0,185026265625 0,6153741640625
6 0,175795892578125 0,611656953125 0,177266896484375 0,48597321875 0,13891173046875 0,48139484375 0,108226466796875 0,606209751953125 0,175795892578125 0,611656953125
28 1 0,583379142578125 0,890021142578125 0,573927640625 0,828770595703125 0,861010068359375 0,98420965234375 0,884126009765625 1 0,8140024765625 1 0,583379142578125
24 0,854806791015625 0,864268091796875 0,90616699609375 0,5694091328125 0,755351564453125 0,551548642578125 0,703750248046875 0,848037150390625 0,854806791015625 0,864268091796875
13 0,72598814453125 0,851588271484375 0,77169332421875 0,559712755859375 0,61826765234375 0,54472308203125 0,5815180859375 0,833085205078125 0,72598814453125 0,851588271484375
5 0,556821416015625 0,82519920703125 0,594538373046875 0,533113068359375 0,4397718046875 0,517338654296875 0,413815259765625 0,8137044609375 0,556821416015625 0,82519920703125
0 0,4368966796875 0,812812322265625 0,463662953125 0,5198554609375 0,302578943359375 0,507212818359375 0,29108308203125 0,802826859375 0,4368966796875 0,812812322265625
6 0,2119140625 0,792019501953125 0,32423370703125 0,79622154296875 0,330225875 0,499921962890625 0,2119140625 0,494778240234375 0,2119140625 0,792019501953125