13 0 0 0 0,27822441796875 0,054775015625 0,289980564453125 0,1020782578125 0,02238278125 0,006742302734375 0 0 0
7 0,182023427734375 0,329748630859375 0,2278152578125 0,06099815625 0,117814498046875 0,033003001953125 0,078141630859375 0,3062099765625 0,182023427734375 0,329748630859375
7 0,163912298828125 0,335213314453125 0,253845763671875 0,362786607421875 0,31729985546875 0,09302060546875 0,207943509765625 0,065025451171875 0,163912298828125 0,335213314453125
7 0,284982837890625 0,37890625 0,358677884765625 0,37890625 0,407991771484375 0,12648044140625 0,2973138359375 0,095609130859375 0,24419175390625 0,36752901171875 0,284982837890625 0,37890625
16 0,3935546875 0 0,5732421875 0 0,5732421875 0,205078125 0,3935546875 0,205078125
24 0,5615234375 0 0,7841796875 0 0,7841796875 0,232421875 0,5615234375 0,232421875
29 0,7021484375 0 0,9189453125 0 0,9189453125 0,2578125 0,7021484375 0,2578125
10 0,841796875 0,00390625 1 0,00390625 1 0,26953125 0,841796875 0,26953125
47 0 0,46875 0,130859375 0,46875 0,130859375 0,8046875 0 0,8046875
22 0,0427734375 0,488006365740741 0,269986979166667 0,488006365740741 0,269986979166667 0,825245949074074 0,0427734375 0,825245949074074
3 0,2216796875 0,50390625 0,4228515625 0,50390625 0,4228515625 0,85546875 0,2216796875 0,85546875
46 0,7146484375 0,385850694444444 0,8080078125 0,385850694444444 0,8080078125 0,498857060185185 0,7146484375 0,498857060185185
31 0,753059895833333 0,389547164351852 0,8478515625 0,389547164351852 0,8478515625 0,494798900462963 0,753059895833333 0,494798900462963
42 0,795572916666667 0,39623119212963 0,886588541666667 0,39623119212963 0,886588541666667 0,5033203125 0,795572916666667 0,5033203125
1 0,847981770833333 0,404578993055556 0,935221354166667 0,404578993055556 0,935221354166667 0,513505497685185 0,847981770833333 0,513505497685185
2 0,890364583333333 0,408962673611111 0,985546875 0,408962673611111 0,985546875 0,520073784722222 0,890364583333333 0,520073784722222
1 0,93359375 0,416015625 1 0,416015625 1 0,51953125 0,93359375 0,51953125