6 0,2587890625 0,3427734375 0,4091796875 0,3427734375 0,4091796875 0,4013671875 0,2587890625 0,4013671875
4 0,1884765625 0,3271484375 0,3388671875 0,3271484375 0,3388671875 0,4013671875 0,1884765625 0,4013671875
3 0,1142578125 0,3056640625 0,2685546875 0,3056640625 0,2685546875 0,4013671875 0,1142578125 0,4013671875
44 0,2158203125 0,3955078125 0,3408203125 0,3955078125 0,3408203125 0,5517578125 0,2158203125 0,5517578125
44 0,271527777777778 0,404716435185185 0,392013888888889 0,404716435185185 0,392013888888889 0,561501736111111 0,271527777777778 0,561501736111111
44 0,324913194444444 0,42095630787037 0,453211805555556 0,42095630787037 0,453211805555556 0,577973090277778 0,324913194444444 0,577973090277778
31 0,5205078125 0,4755859375 0,5947265625 0,4755859375 0,5947265625 0,6376953125 0,5205078125 0,6376953125
22 0,460785590277778 0,459186921296296 0,591124131944444 0,459186921296296 0,591124131944444 0,620167824074074 0,460785590277778 0,620167824074074
31 0,402430555555556 0,446708622685185 0,532769097222222 0,446708622685185 0,532769097222222 0,607689525462963 0,402430555555556 0,607689525462963
35 0,8721903125 0,82781352734375 0,90622462109375 0,732527427734375 0,852280119140625 0,7154069375 0,813713146484375 0,811151228515625 0,8721903125 0,82781352734375
12 0,834416951171875 0,813061 0,8705939453125 0,720331552734375 0,816018634765625 0,70535188671875 0,781172091796875 0,799578595703125 0,834416951171875 0,813061
27 0,799083228515625 0,800765109375 0,8378745703125 0,706158025390625 0,781010404296875 0,69146262890625 0,745738728515625 0,785008740234375 0,799083228515625 0,800765109375
4 0,75780091015625 0,773655068359375 0,78756868359375 0,6871920078125 0,7364698359375 0,677819421875 0,69833717578125 0,766212357421875 0,75780091015625 0,773655068359375
0 0,720296380859375 0,766686162109375 0,755592091796875 0,674878328125 0,6969340546875 0,664090869140625 0,66429965625 0,75383380859375 0,720296380859375 0,766686162109375
3 0,685756615234375 0,755235177734375 0,719403916015625 0,66200075390625 0,6653025390625 0,6472321875 0,631940857421875 0,74304315625 0,685756615234375 0,755235177734375