21 0,5048828125 0,1484375 0,5927734375 0,1484375 0,5927734375 0,2734375 0,5048828125 0,2734375
5 0,431170428240741 0,154506655092593 0,525441261574074 0,154506655092593 0,525441261574074 0,277119502314815 0,431170428240741 0,277119502314815
4 0,380895543981482 0,161263020833333 0,47486255787037 0,161263020833333 0,47486255787037 0,278016493055556 0,380895543981482 0,278016493055556
6 0,32681568287037 0,169741030092593 0,424587673611111 0,169741030092593 0,424587673611111 0,284772858796296 0,32681568287037 0,284772858796296
44 0,951171875 0,259765625 1 0,259765625 1 0,5 0,951171875 0,5
44 0,85546875 0,26953125 1 0,26953125 1 0,5 0,85546875 0,5
44 0,756315104166667 0,258383969907407 0,907443576388889 0,258383969907407 0,907443576388889 0,501193576388889 0,756315104166667 0,501193576388889
19 0,5927734375 0,610415021484375 0,52174115625 0,609355109375 0,5536326953125 0,84805756640625 0,5927734375 0,84976439453125 0,5927734375 0,610415021484375
28 0,562801724609375 0,850152873046875 0,543374455078125 0,60779330078125 0,417378017578125 0,60212526171875 0,44212055859375 0,843800595703125 0,562801724609375 0,850152873046875
14 0,453805294921875 0,853745955078125 0,433762734375 0,599893392578125 0,308650462890625 0,60135578125 0,31863472265625 0,8473134765625 0,453805294921875 0,853745955078125
5 0,311052544921875 0,844081412109375 0,293204607421875 0,5995257734375 0,163737662109375 0,59169733984375 0,18465733984375 0,8391190859375 0,311052544921875 0,844081412109375
3 0,20467827734375 0,83828296484375 0,1785274609375 0,590908333984375 0,05357069921875 0,5909399765625 0,086545744140625 0,829090080078125 0,20467827734375 0,83828296484375
5 0 0,820461080078125 0,11191040625 0,83185694921875 0,06716909765625 0,587980126953125 0 0,586507162109375 0 0,820461080078125
41 0,721006944444444 0,695146122685185 0,820601851851852 0,695146122685185 0,820601851851852 0,845334201388889 0,721006944444444 0,845334201388889
50 0,664973958333333 0,703508391203704 0,762008101851852 0,703508391203704 0,762008101851852 0,841861979166667 0,664973958333333 0,841861979166667
38 0,607508680555556 0,703023726851852 0,708449074074074 0,703023726851852 0,708449074074074 0,841608796296296 0,607508680555556 0,841608796296296
1 0,5634765625 0,70703125 0,6279296875 0,70703125 0,6279296875 0,83984375 0,5634765625 0,83984375