17 0,245947677734375 0,45013425 0,272176984375 0,300275666015625 0,208576021484375 0,29861725 0,1789518203125 0,43986333203125 0,245947677734375 0,45013425
32 0,298791234375 0,44285462109375 0,3275002265625 0,299963615234375 0,267700283203125 0,298509775390625 0,241657640625 0,44259715625 0,298791234375 0,44285462109375
28 0,293812037109375 0,441477837890625 0,356803544921875 0,450907923828125 0,384778185546875 0,307318623046875 0,324892505859375 0,30049730078125 0,293812037109375 0,441477837890625
0 0,432836755859375 0,453139734375 0,459249021484375 0,306574279296875 0,399253728515625 0,3037082890625 0,3695234609375 0,44498012109375 0,432836755859375 0,453139734375
8 0,4824558828125 0,454861888671875 0,508509763671875 0,310794392578125 0,4531081328125 0,3089088359375 0,42308104296875 0,45481965625 0,4824558828125 0,454861888671875
3 0,474352875 0,45876730859375 0,528737841796875 0,46446813671875 0,53450259375 0,453087234375 0,564519984375 0,31785590234375 0,5051565546875 0,311812701171875 0,474352875 0,45876730859375
29 0,837275752314815 0,236067708333333 0,913447627314815 0,236067708333333 0,913447627314815 0,343967013888889 0,837275752314815 0,343967013888889
21 0,880570023148148 0,24517505787037 0,952907986111111 0,24517505787037 0,952907986111111 0,354998553240741 0,880570023148148 0,354998553240741
10 0,921875 0,253291377314815 0,998263888888889 0,253291377314815 0,998263888888889 0,36705005787037 0,921875 0,36705005787037
0 0,978515625 0,263671875 1 0,263671875 1 0,375 0,978515625 0,375
15 0 0,69921875 0,119140625 0,69921875 0,119140625 1 0 1
10 0,0546875 0,7265625 0,25390625 0,7265625 0,25390625 1 0,0546875 1
2 0,21875 0,76171875 0,419921875 0,76171875 0,419921875 1 0,21875 1
7 0,34375 0,783203125 0,544921875 0,783203125 0,544921875 1 0,34375 1
0 0,624352876953125 1 0,66449908203125 0,848038775390625 0,531665798828125 0,810140619140625 0,495587328125 1 0,624352876953125 1