16 0,255121527777778 0,1572265625 0,314988425925926 0,1572265625 0,314988425925926 0,2431640625 0,255121527777778 0,2431640625
15 0,295044849537037 0,1494140625 0,35494068287037 0,1494140625 0,35494068287037 0,2373046875 0,295044849537037 0,2373046875
29 0,337839988425926 0,1376953125 0,399688946759259 0,1376953125 0,399688946759259 0,2255859375 0,337839988425926 0,2255859375
5 0,399146412037037 0,123046875 0,46294849537037 0,123046875 0,46294849537037 0,2109375 0,399146412037037 0,2109375
5 0,443909143518519 0,1123046875 0,505758101851852 0,1123046875 0,505758101851852 0,2001953125 0,443909143518519 0,2001953125
7 0,488715277777778 0,1044921875 0,548582175925926 0,1044921875 0,548582175925926 0,1904296875 0,488715277777778 0,1904296875
44 0,890625 0,12109375 1 0,12109375 1 0,416015625 0,890625 0,416015625
44 0,7763671875 0,142578125 0,9404296875 0,142578125 0,9404296875 0,419921875 0,7763671875 0,419921875
44 0,6669921875 0,162109375 0,8251953125 0,162109375 0,8251953125 0,419921875 0,6669921875 0,419921875
17 0,6083984375 0,197265625 0,6728515625 0,197265625 0,6728515625 0,419921875 0,6083984375 0,419921875
35 0,130287905092593 0,7236328125 0,184324363425926 0,7236328125 0,184324363425926 0,8115234375 0,130287905092593 0,8115234375
27 0,166319444444444 0,716796875 0,218402777777778 0,716796875 0,218402777777778 0,8046875 0,166319444444444 0,8046875
22 0,201403356481482 0,7119140625 0,25150462962963 0,7119140625 0,25150462962963 0,7978515625 0,201403356481482 0,7978515625
4 0,249095775462963 0,701171875 0,301179108796296 0,701171875 0,301179108796296 0,7890625 0,249095775462963 0,7890625
0 0,285127314814815 0,6943359375 0,335257523148148 0,6943359375 0,335257523148148 0,7822265625 0,285127314814815 0,7822265625
8 0,320211226851852 0,689453125 0,370341435185185 0,689453125 0,370341435185185 0,77734375 0,320211226851852 0,77734375