10 0,172974537037037 0,0796802662037037 0,38208912037037 0,0796802662037037 0,38208912037037 0,389865451388889 0,172974537037037 0,389865451388889
16 0,0463179976851852 0,0964265046296297 0,272547743055556 0,0964265046296297 0,272547743055556 0,399450231481482 0,0463179976851852 0,399450231481482
5 0 0,09375 0,125 0,09375 0,125 0,408203125 0 0,408203125
23 0,490234375 0,38063608984375 0,490234375 0,23683444140625 0,46974812890625 0,0624363203125 0,288372287109375 0,056633404296875 0,35482497265625 0,387771501953125 0,490234375 0,38063608984375
10 0,900390625 0,19921875 1 0,19921875 1 0,427734375 0,900390625 0,427734375
44 0,788288483796296 0,205837673611111 0,964055266203704 0,205837673611111 0,964055266203704 0,446578414351852 0,788288483796296 0,446578414351852
44 0,607689525462963 0,216688368055556 0,787825520833333 0,216688368055556 0,787825520833333 0,465386284722222 0,607689525462963 0,465386284722222
44 0,690407986111111 0,214879918981482 0,877662037037037 0,214879918981482 0,877662037037037 0,4521484375 0,690407986111111 0,4521484375
28 0,865404947265625 0,782173994140625 0,802168771484375 0,80711378515625 0,8904812890625 0,922016515625 0,94575810546875 0,894653142578125 0,865404947265625 0,782173994140625
27 0,818710509765625 0,80705701171875 0,75853849609375 0,832198990234375 0,8438584375 0,94987931640625 0,905463875 0,921472291015625 0,818710509765625 0,80705701171875
24 0,7824907421875 0,83458025 0,711742525390625 0,860322958984375 0,79769054296875 0,9726698125 0,861833599609375 0,9466315703125 0,7824907421875 0,83458025
2 0,76441126953125 1 0,8015237265625 0,980831298828125 0,727531521484375 0,8621306875 0,726633064453125 0,8631090390625 0,65041691015625 0,897863474609375 0,72931191015625 1 0,76441126953125 1
8 0,747180572265625 1 0,67088353125 0,89706164453125 0,60839466015625 0,9204231640625 0,666349490234375 1 0,747180572265625 1
2 0,691228125 1 0,631277771484375 0,91954932421875 0,561087931640625 0,9530469609375 0,598304146484375 1 0,691228125 1