26 0,4677734375 0,2080078125 0,6142578125 0,2080078125 0,6142578125 0,4248046875 0,4677734375 0,4248046875
13 0,357450810185185 0,17505787037037 0,5171875 0,17505787037037 0,5171875 0,39173900462963 0,357450810185185 0,39173900462963
6 0,197576678240741 0,130620659722222 0,361205150462963 0,130620659722222 0,361205150462963 0,345551215277778 0,197576678240741 0,345551215277778
9 0,089380787037037 0,10546875 0,245138888888889 0,10546875 0,245138888888889 0,312181712962963 0,089380787037037 0,312181712962963
4 0 0,072265625 0,1328125 0,072265625 0,1328125 0,291015625 0 0,291015625
30 0,782667824074074 0,140089699074074 0,847800925925926 0,140089699074074 0,847800925925926 0,236675347222222 0,782667824074074 0,236675347222222
34 0,749500868055555 0,131532118055556 0,8107421875 0,131532118055556 0,8107421875 0,229868344907407 0,749500868055555 0,229868344907407
24 0,712456597222222 0,122771990740741 0,775636574074074 0,122771990740741 0,775636574074074 0,219256365740741 0,712456597222222 0,219256365740741
4 0,665653935185185 0,114482060185185 0,722945601851852 0,114482060185185 0,722945601851852 0,206756365740741 0,665653935185185 0,206756365740741
5 0,62564380787037 0,100687210648148 0,690805844907407 0,100687210648148 0,690805844907407 0,201179108796296 0,62564380787037 0,201179108796296
6 0,6044921875 0,0908203125 0,6533203125 0,0908203125 0,6533203125 0,1943359375 0,6044921875 0,1943359375
15 0,200758306640625 0,718393873046875 0,227725591796875 0,672249625 0,197567466796875 0,65688825390625 0,174973779296875 0,70394048828125 0,200758306640625 0,718393873046875
13 0,179069435546875 0,705228970703125 0,202880330078125 0,6586361171875 0,173379876953125 0,645767845703125 0,1491923671875 0,69036374609375 0,179069435546875 0,705228970703125
27 0,153361658203125 0,69101910546875 0,179994712890625 0,6458308046875 0,1501346953125 0,6322733984375 0,120782779296875 0,675922810546875 0,153361658203125 0,69101910546875
6 0,11316781640625 0,669651638671875 0,1358636953125 0,624837978515625 0,107896583984375 0,60748589453125 0,080753833984375 0,654241236328125 0,11316781640625 0,669651638671875
1 0,084810501953125 0,655444080078125 0,111558625 0,6084633515625 0,086744853515625 0,597521041015625 0,057818595703125 0,644046935546875 0,084810501953125 0,655444080078125
17 0,061750916015625 0,6429425625 0,088846337890625 0,598388423828125 0,059701671875 0,581656693359375 0,03003255078125 0,629976263671875 0,061750916015625 0,6429425625
20 0,87890625 0,6015625 1 0,6015625 1 0,857421875 0,87890625 0,857421875
2 0,736689814814815 0,561067708333333 0,906611689814815 0,561067708333333 0,906611689814815 0,834895833333333 0,736689814814815 0,834895833333333
4 0,647996238425926 0,540834780092593 0,794422743055555 0,540834780092593 0,794422743055555 0,805635127314815 0,647996238425926 0,805635127314815
0 0,6044921875 0,5087890625 0,7060546875 0,5087890625 0,7060546875 0,7802734375 0,6044921875 0,7802734375