1 0 0,068346259765625 0,051815341796875 0,075024865234375 0,03531841796875 0,0029296875 0 0,0029296875 0 0,068346259765625
6 0,112832845703125 0,09764961328125 0,122139037109375 0,0029296875 0,023335220703125 0,0029296875 0,00489523828125 0,080673169921875 0,112832845703125 0,09764961328125
2 0,190041255859375 0,1250041640625 0,189330181640625 0,015533849609375 0,11040324609375 0,0029296875 0,091723201171875 0,0029296875 0,074524607421875 0,104942609375 0,190041255859375 0,1250041640625
44 0,923828125 0,001953125 1 0,001953125 1 0,236328125 0,923828125 0,236328125
44 0,69140625 0,0029296875 0,916015625 0,0029296875 0,916015625 0,2138671875 0,69140625 0,2138671875
25 0,431640625 0,0029296875 0,63671875 0,0029296875 0,63671875 0,1923828125 0,431640625 0,1923828125
40 0,322265625 0,0029296875 0,525390625 0,0029296875 0,525390625 0,1708984375 0,322265625 0,1708984375
40 0,546875 0,0029296875 0,759765625 0,0029296875 0,759765625 0,1923828125 0,546875 0,1923828125
44 0,814453125 0,001953125 1 0,001953125 1 0,23046875 0,814453125 0,23046875
6 0 0,521484375 0,05859375 0,521484375 0,05859375 0,64453125 0 0,64453125
1 0 0,529296875 0,109375 0,529296875 0,109375 0,658203125 0 0,658203125
8 0,865234375 0,69921875 1 0,69921875 1 0,875 0,865234375 0,875
20 0,534635416666667 0,652199074074074 0,691145833333333 0,652199074074074 0,691145833333333 0,827589699074074 0,534635416666667 0,827589699074074
4 0,789192708333333 0,687528935185185 0,946354166666667 0,687528935185185 0,946354166666667 0,872685185185185 0,789192708333333 0,872685185185185
2 0,7103515625 0,677828414351852 0,8755859375 0,677828414351852 0,8755859375 0,867006655092593 0,7103515625 0,867006655092593
43 0,6166015625 0,664583333333333 0,7791015625 0,664583333333333 0,7791015625 0,842013888888889 0,6166015625 0,842013888888889
46 0,4611328125 0,634599247685185 0,626627604166667 0,634599247685185 0,626627604166667 0,827683738425926 0,4611328125 0,827683738425926