36 0,772026909722222 0,135149016203704 0,961263020833333 0,135149016203704 0,961263020833333 0,401728877314815 0,772026909722222 0,401728877314815
36 0,690357349537037 0,116145833333333 0,86353443287037 0,116145833333333 0,86353443287037 0,370543981481481 0,690357349537037 0,370543981481481
20 0,593352141203704 0,0781539351851852 0,7685546875 0,0781539351851852 0,7685546875 0,334563078703704 0,593352141203704 0,334563078703704
2 0,447337962962963 0,0338324652777777 0,636863425925926 0,0338324652777777 0,636863425925926 0,308224826388889 0,447337962962963 0,308224826388889
4 0,380859375 0,01171875 0,525390625 0,01171875 0,525390625 0,275390625 0,380859375 0,275390625
0 0,380859375 0 0,4375 0 0,4375 0,25 0,380859375 0,25
12 0,205078125 0,53515625 0,396484375 0,53515625 0,396484375 1 0,205078125 1
15 0,0625 0,50390625 0,3359375 0,50390625 0,3359375 1 0,0625 1
24 0 0,48046875 0,189453125 0,48046875 0,189453125 0,98828125 0 0,98828125
35 0,84765625 0,701171875 1 0,701171875 1 1 0,84765625 1
27 0,720703125 0,6640625 0,978515625 0,6640625 0,978515625 1 0,720703125 1
2 0,533203125 0,615234375 0,80078125 0,615234375 0,80078125 1 0,533203125 1
6 0,40234375 0,583984375 0,654296875 0,583984375 0,654296875 1 0,40234375 1
3 0,380859375 0,548828125 0,525390625 0,548828125 0,525390625 1 0,380859375 1