15 0 0 0,1796875 0 0,1796875 0,28515625 0 0,28515625
24 0,1162109375 0 0,3251953125 0 0,3251953125 0,267578125 0,1162109375 0,267578125
6 0,3212890625 0 0,5361328125 0 0,5361328125 0,263671875 0,3212890625 0,263671875
4 0,4755859375 0 0,5693359375 0 0,5693359375 0,275390625 0,4755859375 0,275390625
42 0,5673828125 0,099609375 0,6298828125 0,099609375 0,6298828125 0,39453125 0,5673828125 0,39453125
1 0,606532118055556 0,0723524305555556 0,759917534722222 0,0723524305555556 0,759917534722222 0,367679398148148 0,606532118055556 0,367679398148148
9 0,702039930555556 0,0517144097222222 0,867317708333333 0,0517144097222222 0,867317708333333 0,351642071759259 0,702039930555556 0,351642071759259
7 0,798394097222222 0,0282045717592593 0,968706597222222 0,0282045717592593 0,968706597222222 0,353754340277778 0,798394097222222 0,353754340277778
19 0,052503015625 0,921167234375 0,043709005859375 0,88126373828125 0,016146818359375 0,88304116015625 0,02322860546875 0,92340557421875 0,052503015625 0,921167234375
14 0,08121543359375 0,918512828125 0,0722093203125 0,8790928359375 0,0426662890625 0,881347259765625 0,051151693359375 0,921273423828125 0,08121543359375 0,918512828125
27 0,11055766796875 0,915935609375 0,101224740234375 0,876418931640625 0,070806712890625 0,878963974609375 0,07959948828125 0,918870640625 0,11055766796875 0,915935609375
8 0,15874784375 0,9107477265625 0,149369869140625 0,872990134765625 0,121149388671875 0,87443017578125 0,1281604921875 0,913537572265625 0,15874784375 0,9107477265625
4 0,18725127734375 0,908692765625 0,176988685546875 0,8705199140625 0,149544359375 0,87265101171875 0,1574938984375 0,91154980078125 0,18725127734375 0,908692765625
17 0,216975771484375 0,906559806640625 0,207565138671875 0,866579126953125 0,176952572265625 0,86910826953125 0,18596771875 0,9091467734375 0,216975771484375 0,906559806640625