25 0,560108830078125 0,0341109609375 0,43925852734375 0,04331979296875 0,449403859375 0,317306771484375 0,570652029296875 0,31102203515625 0,560108830078125 0,0341109609375
22 0,46036739453125 0,32187894921875 0,444738576171875 0,04241585546875 0,31315182421875 0,042227529296875 0,335371583984375 0,334476962890625 0,46036739453125 0,32187894921875
5 0,301247400390625 0,33098048828125 0,282037576171875 0,032603818359375 0,139303453125 0,039286876953125 0,179015103515625 0,337544283203125 0,301247400390625 0,33098048828125
2 0,1882163828125 0,346502595703125 0,1488709140625 0,040841943359375 0,0195320546875 0,05390505078125 0,05253885546875 0,357106703125 0,1882163828125 0,346502595703125
4 0 0,373226685546875 0,072058212890625 0,372631099609375 0,017552783203125 0,05738725390625 0 0,0569488984375 0 0,373226685546875
1 0,966796875 0,08203125 1 0,08203125 1 0,158203125 0,966796875 0,158203125
1 0,951974826388889 0,0845341435185185 0,991080729166667 0,0845341435185185 0,991080729166667 0,161024305555556 0,951974826388889 0,161024305555556
1 0,935322627314815 0,0837745949074074 0,976584201388889 0,0837745949074074 0,976584201388889 0,16419994212963 0,935322627314815 0,16419994212963
28 0,310727719907407 0,593684895833333 0,435423900462963 0,593684895833333 0,435423900462963 0,852944155092593 0,310727719907407 0,852944155092593
31 0,234859664351852 0,600701678240741 0,357805266203704 0,600701678240741 0,357805266203704 0,863838252314815 0,234859664351852 0,863838252314815
15 0,151649305555555 0,597996238425926 0,276851851851852 0,597996238425926 0,276851851851852 0,867021122685185 0,151649305555555 0,867021122685185
4 0,0457103587962963 0,609396701388889 0,166095196759259 0,609396701388889 0,166095196759259 0,860785590277778 0,0457103587962963 0,860785590277778
7 0 0,607421875 0,091796875 0,607421875 0,091796875 0,869140625 0 0,869140625