5 0 0,3310342109375 0,027608048828125 0,5654296875 0,039252236328125 0,5654296875 0,159417685546875 0,54978048046875 0,154591318359375 0,2764028203125 0 0,296506521484375 0 0,3310342109375
2 0,140538439453125 0,5654296875 0,141772505859375 0,5654296875 0,28730569921875 0,540811056640625 0,277348833984375 0,256023509765625 0,121054625 0,280359056640625 0,140538439453125 0,5654296875
4 0,40599244921875 0,529903474609375 0,400979068359375 0,2526173046875 0,25013612109375 0,267388484375 0,258451650390625 0,546953689453125 0,40599244921875 0,529903474609375
46 0,6513671875 0,0029296875 0,7373046875 0,0029296875 0,7373046875 0,0537109375 0,6513671875 0,0537109375
41 0,6943359375 0,0029296875 0,7861328125 0,0029296875 0,7861328125 0,0556640625 0,6943359375 0,0556640625
47 0,7431640625 0,0029296875 0,8369140625 0,0029296875 0,8369140625 0,0537109375 0,7431640625 0,0537109375
1 0,8037109375 0,0029296875 0,8916015625 0,0029296875 0,8916015625 0,0517578125 0,8037109375 0,0517578125
3 0,8505859375 0,0029296875 0,9384765625 0,0029296875 0,9384765625 0,0439453125 0,8505859375 0,0439453125
6 0,8955078125 0,0029296875 0,9814453125 0,0029296875 0,9814453125 0,0458984375 0,8955078125 0,0458984375
18 0 0,699314994140625 0,106389728515625 0,69146424609375 0,10053145703125 0,5712890625 0 0,5712890625 0 0,699314994140625
4 0,134925861328125 0,5712890625 0,139852603515625 0,683919314453125 0,277647146484375 0,6773895625 0,2700251328125 0,5712890625 0,134925861328125 0,5712890625
3 0,2495694921875 0,5712890625 0,254600025390625 0,67224593359375 0,3883294140625 0,661289 0,38837648046875 0,5712890625 0,2495694921875 0,5712890625
8 0,4931640625 0,5712890625 0,363291994140625 0,5712890625 0,36435808203125 0,657571306640625 0,4931640625 0,655393685546875 0,4931640625 0,5712890625
24 0,4658203125 0,7216796875 0,7041015625 0,7216796875 0,7041015625 0,9970703125 0,4658203125 0,9970703125
6 0,6591796875 0,7216796875 0,8876953125 0,7216796875 0,8876953125 0,9970703125 0,6591796875 0,9970703125
8 0,791015625 0,720703125 1 0,720703125 1 0,99609375 0,791015625 0,99609375
2 0,921875 0,728515625 1 0,728515625 1 0,99609375 0,921875 0,99609375