31 0,201171875 0 0,4453125 0 0,4453125 0,25390625 0,201171875 0,25390625
13 0,064453125 0 0,349609375 0 0,349609375 0,32421875 0,064453125 0,32421875
8 0 0 0,17578125 0 0,17578125 0,328125 0 0,328125
46 0,88671875 0 1 0 1 0,1484375 0,88671875 0,1484375
36 0,832197627314815 0,00576533564814818 0,957892071759259 0,00576533564814818 0,957892071759259 0,177915219907407 0,832197627314815 0,177915219907407
20 0,770334201388889 0,0309534143518518 0,89427806712963 0,0309534143518518 0,89427806712963 0,20689380787037 0,770334201388889 0,20689380787037
9 0,682356770833333 0,0561487268518518 0,814113136574074 0,0561487268518518 0,814113136574074 0,232552083333333 0,682356770833333 0,232552083333333
2 0,610423900462963 0,077662037037037 0,746795428240741 0,077662037037037 0,746795428240741 0,26796875 0,610423900462963 0,26796875
7 0,559541377314815 0,0928530092592592 0,687594039351852 0,0928530092592592 0,687594039351852 0,272931134259259 0,559541377314815 0,272931134259259
19 0,195261863425926 0,743865740740741 0,235640914351852 0,743865740740741 0,235640914351852 0,77271412037037 0,195261863425926 0,77271412037037
24 0,21479419921875 0,773181580078125 0,2089048515625 0,75093206640625 0,179111037109375 0,755706150390625 0,183270525390625 0,77885983203125 0,21479419921875 0,773181580078125
21 0,160638890625 0,77966774609375 0,16357755859375 0,78451315234375 0,1955702109375 0,778971650390625 0,190361806640625 0,755749751953125 0,1761299140625 0,757876525390625 0,178092263671875 0,77539028125 0,160638890625 0,77966774609375
9 0,170604802734375 0,784960677734375 0,163024400390625 0,77778165625 0,165171541015625 0,7732291953125 0,16338876953125 0,764169685546875 0,133802986328125 0,76977669921875 0,14132325390625 0,79129422265625 0,170604802734375 0,784960677734375
7 0,152575166015625 0,79047583984375 0,1443996328125 0,7688560546875 0,11601616796875 0,774846958984375 0,121949041015625 0,796926357421875 0,152575166015625 0,79047583984375
3 0,133244416015625 0,7963103515625 0,126974712890625 0,774544205078125 0,09716118359375 0,780767462890625 0,100183732421875 0,80223730859375 0,133244416015625 0,7963103515625
6 0,796496125 0,3271484375 0,80704703515625 0,38709544140625 0,848976046875 0,375849263671875 0,8381742265625 0,3271484375 0,796496125 0,3271484375
16 0,766261125 0,3271484375 0,779040119140625 0,39623244921875 0,81704944140625 0,385231576171875 0,808045673828125 0,3271484375 0,766261125 0,3271484375
31 0,733571046875 0,3271484375 0,752526693359375 0,407726892578125 0,784785681640625 0,402380740234375 0,77812491796875 0,3271484375 0,733571046875 0,3271484375
7 0,685842212890625 0,3271484375 0,707571642578125 0,423637494140625 0,74374578125 0,41453543359375 0,73295708203125 0,3271484375 0,685842212890625 0,3271484375
1 0,65026454296875 0,3271484375 0,667683994140625 0,4367349765625 0,714831203125 0,424874978515625 0,69391715234375 0,3271484375 0,65026454296875 0,3271484375
4 0,657378556640625 0,3271484375 0,640853275390625 0,3271484375 0,615332736328125 0,33223014453125 0,637655919921875 0,4457310625 0,67969294140625 0,4373230859375 0,657378556640625 0,3271484375