21 0,323963388671875 0,313041095703125 0,3028656953125 0,243315466796875 0,10350821875 0,339007578125 0,134158166015625 0,422602296875 0,323963388671875 0,313041095703125
22 0,359267970703125 0,397079083984375 0,3306485546875 0,321495533203125 0,137428880859375 0,407244875 0,174190740234375 0,480896826171875 0,359267970703125 0,397079083984375
12 0,381983228515625 0,474815875 0,35841394921875 0,40227210546875 0,1769522421875 0,470732421875 0,220477673828125 0,560628341796875 0,381983228515625 0,474815875
8 0,424027775390625 0,568359375 0,435277349609375 0,563001830078125 0,400669810546875 0,49476453515625 0,2384650703125 0,568359375 0,424027775390625 0,568359375
10 0,587890625 0,10174070703125 0,61012920703125 0,09434125390625 0,597889392578125 0,04612525 0,587890625 0,04826073046875 0,587890625 0,10174070703125
12 0,119379340277778 0,763165509259259 0,162174479166667 0,763165509259259 0,162174479166667 0,848451967592593 0,119379340277778 0,848451967592593
20 0,0889322916666666 0,760308159722222 0,133680555555556 0,760308159722222 0,133680555555556 0,845666956018518 0,0889322916666666 0,845666956018518
47 0,0593750000000001 0,755533854166667 0,104210069444444 0,755533854166667 0,104210069444444 0,842845775462963 0,0593750000000001 0,842845775462963
2 0,0239583333333334 0,7509765625 0,0687065972222222 0,7509765625 0,0687065972222222 0,836335358796296 0,0239583333333334 0,836335358796296
3 0,0014973958333333 0,752025462962963 0,0400390625 0,752025462962963 0,0400390625 0,82935474537037 0,0014973958333333 0,82935474537037
3 0 0,75 0,015625 0,75 0,015625 0,830078125 0 0,830078125