5 0 0,134866638671875 0,2964838671875 0,150548248046875 0,31432148046875 0,0090154140625 0,1502011875 0,0029296875 0 0,0029296875 0 0,134866638671875
9 0 0,2752239375 0,310324228515625 0,27325610546875 0,31996978515625 0,148251595703125 0 0,140748568359375 0 0,2752239375
0 0 0,38227703515625 0,3038449375 0,4033114140625 0,31446283984375 0,283315630859375 0 0,270155822265625 0 0,38227703515625
20 0,80859375 0,001953125 1 0,001953125 1 0,09375 0,80859375 0,09375
2 0,646484375 0,0029296875 0,845703125 0,0029296875 0,845703125 0,1162109375 0,646484375 0,1162109375
8 0,546875 0,0029296875 0,724609375 0,0029296875 0,724609375 0,1298828125 0,546875 0,1298828125
6 0,3046875 0,4228515625 0,501953125 0,4228515625 0,501953125 0,7255859375 0,3046875 0,7255859375
5 0,203125 0,4228515625 0,39453125 0,4228515625 0,39453125 0,7392578125 0,203125 0,7392578125
0 0,099609375 0,4228515625 0,29296875 0,4228515625 0,29296875 0,7607421875 0,099609375 0,7607421875
3 0,908203125 0,7578125 1 0,7578125 1 0,908203125 0,908203125 0,908203125
4 0,854796006944444 0,766731770833333 0,958615451388889 0,766731770833333 0,958615451388889 0,916688368055556 0,854796006944444 0,916688368055556
2 0,797352430555556 0,775889756944445 0,90306712962963 0,775889756944445 0,90306712962963 0,922026909722222 0,797352430555556 0,922026909722222