18 0,4697265625 0 0,5498046875 0 0,5498046875 0,33984375 0,4697265625 0,33984375
28 0,3310546875 0 0,5048828125 0 0,5048828125 0,359375 0,3310546875 0,359375
15 0,2021484375 0 0,3662109375 0 0,3662109375 0,3671875 0,2021484375 0,3671875
2 0,0166015625 0 0,1767578125 0 0,1767578125 0,400390625 0,0166015625 0,400390625
5 0 0 0 0,401648654296875 0,0421265390625 0,401949345703125 0,026336359375 0 0 0
12 0,777777777777778 0,1787109375 0,835575810185185 0,1787109375 0,835575810185185 0,318815104166667 0,777777777777778 0,318815104166667
30 0,730758101851852 0,181575520833333 0,792607060185185 0,181575520833333 0,792607060185185 0,325846354166667 0,730758101851852 0,325846354166667
10 0,688621238425926 0,188802083333333 0,742657696759259 0,188802083333333 0,742657696759259 0,332552083333333 0,688621238425926 0,332552083333333
6 0,624095775462963 0,196744791666667 0,681966145833333 0,196744791666667 0,681966145833333 0,338802083333333 0,624095775462963 0,338802083333333
1 0,579897280092593 0,20078125 0,636031539351852 0,20078125 0,636031539351852 0,348567708333333 0,579897280092593 0,348567708333333
5 0,5478515625 0,205078125 0,5927734375 0,205078125 0,5927734375 0,3515625 0,5478515625 0,3515625
13 0,4501953125 0,599609375 0,4990234375 0,599609375 0,4990234375 0,685546875 0,4501953125 0,685546875
15 0,4091796875 0,599609375 0,4599609375 0,599609375 0,4599609375 0,69140625 0,4091796875 0,69140625
31 0,3662109375 0,599609375 0,4169921875 0,599609375 0,4169921875 0,6953125 0,3662109375 0,6953125
2 0,3056640625 0,599609375 0,3603515625 0,599609375 0,3603515625 0,703125 0,3056640625 0,703125
7 0,2607421875 0,599609375 0,3173828125 0,599609375 0,3173828125 0,7109375 0,2607421875 0,7109375
5 0,217664930555556 0,6021484375 0,272497106481481 0,6021484375 0,272497106481481 0,714778645833333 0,217664930555556 0,714778645833333
38 0,71943581640625 1 0,70296126953125 0,94499827734375 0,627580388671875 0,971439734375 0,637041654296875 1 0,71943581640625 1
10 0,7993603515625 1 0,7693403046875 0,91572575 0,704933943359375 0,94108123046875 0,722629599609375 1 0,7993603515625 1
3 0,917061521484375 1 0,8776509765625 0,87156481640625 0,790617763671875 0,907508041015625 0,82381333984375 1 0,917061521484375 1
1 0,995435205078125 1 0,9403787421875 0,843839298828125 0,883445041015625 0,869655814453125 0,923363537109375 1 0,995435205078125 1
8 1 0,8210363515625 0,953660162109375 0,841206314453125 1 0,980282052734375 1 0,8210363515625