4 0,96484375 0 1 0 1 0,1171875 0,96484375 0,1171875
6 0,911892361111111 0,00695167824074072 0,985011574074074 0,00695167824074072 0,985011574074074 0,123271122685185 0,911892361111111 0,123271122685185
31 0,533203125 1 0,533203125 0,789555087890625 0,44869948046875 0,966024005859375 0,524730369140625 1 0,533203125 1
2 0,52861039453125 0,749257603515625 0,436404625 0,696820001953125 0,317794853515625 0,904235392578125 0,434947970703125 0,961450587890625 0,52861039453125 0,749257603515625
5 0,437541443359375 0,69279105859375 0,326789234375 0,641721369140625 0,2375196640625 0,85999180078125 0,3221668828125 0,89242080078125 0,437541443359375 0,69279105859375
8 0,246990009765625 0,59549733203125 0,15389843359375 0,82353385546875 0,246637623046875 0,84831332421875 0,32556730078125 0,6494389609375 0,3306596484375 0,63578004296875 0,246990009765625 0,59549733203125
4 0,525390625 0,8125 0,59375 0,8125 0,59375 0,9765625 0,525390625 0,9765625
3 0,569675925925926 0,818655960648148 0,666594328703704 0,818655960648148 0,666594328703704 0,975151909722222 0,569675925925926 0,975151909722222
12 0,659288194444444 0,819408275462963 0,758506944444444 0,819408275462963 0,758506944444444 0,981864872685185 0,659288194444444 0,981864872685185
47 0,733506944444444 0,823256655092593 0,817100694444444 0,823256655092593 0,817100694444444 0,98490306712963 0,733506944444444 0,98490306712963
12 0,796867766203704 0,824594907407407 0,882067418981481 0,824594907407407 0,882067418981481 0,980483217592593 0,796867766203704 0,980483217592593