10 0,3447265625 0,130859375 0,5224609375 0,130859375 0,5224609375 0,62890625 0,3447265625 0,62890625
20 0,203002025462963 0,137044270833333 0,412724247685185 0,137044270833333 0,412724247685185 0,636002604166667 0,203002025462963 0,636002604166667
5 0,0199508101851852 0,155143229166667 0,213585069444444 0,155143229166667 0,213585069444444 0,637434895833333 0,0199508101851852 0,637434895833333
7 0 0,158203125 0,078125 0,158203125 0,078125 0,6484375 0 0,6484375
20 0,84765625 0,1875 1 0,1875 1 0,54296875 0,84765625 0,54296875
2 0,685394965277778 0,199153645833333 0,855736400462963 0,199153645833333 0,855736400462963 0,553190104166667 0,685394965277778 0,553190104166667
8 0,55806568287037 0,211197916666667 0,732081886574074 0,211197916666667 0,732081886574074 0,557682291666667 0,55806568287037 0,557682291666667
1 0,5166015625 0,216796875 0,6025390625 0,216796875 0,6025390625 0,56640625 0,5166015625 0,56640625
21 0,6806640625 0,978515625 0,7236328125 0,978515625 0,7236328125 1 0,6806640625 1
30 0,6552734375 0,978515625 0,6943359375 0,978515625 0,6943359375 1 0,6552734375 1
13 0,6279296875 0,98046875 0,6689453125 0,98046875 0,6689453125 1 0,6279296875 1
8 0,5908203125 0,98046875 0,6298828125 0,98046875 0,6298828125 1 0,5908203125 1
0 0,5615234375 0,982421875 0,6025390625 0,982421875 0,6025390625 1 0,5615234375 1
1 0,5380859375 0,982421875 0,5771484375 0,982421875 0,5771484375 1 0,5380859375 1