21 0,134765625 0,0029296875 0,359375 0,0029296875 0,359375 0,0380859375 0,134765625 0,0380859375
22 0,141811342592593 0,0156901041666667 0,375593171296296 0,0156901041666667 0,375593171296296 0,116080729166667 0,141811342592593 0,116080729166667
12 0,161624710648148 0,100846354166667 0,373951099537037 0,100846354166667 0,373951099537037 0,2017578125 0,161624710648148 0,2017578125
8 0,161219618055556 0,20546875 0,373719618055556 0,20546875 0,373719618055556 0,318098958333333 0,161219618055556 0,318098958333333
6 0,173234953703704 0,290299479166667 0,391681134259259 0,290299479166667 0,391681134259259 0,4091796875 0,173234953703704 0,4091796875
0 0,176490162037037 0,377799479166667 0,398726851851852 0,377799479166667 0,398726851851852 0,489127604166667 0,176490162037037 0,489127604166667
44 0,787109375 0,0029296875 0,88671875 0,0029296875 0,88671875 0,1513671875 0,787109375 0,1513671875
44 0,85546875 0,0029296875 0,951171875 0,0029296875 0,951171875 0,1513671875 0,85546875 0,1513671875
44 0,724609375 0,0029296875 0,818359375 0,0029296875 0,818359375 0,1435546875 0,724609375 0,1435546875
36 0,650390625 0,0029296875 0,724609375 0,0029296875 0,724609375 0,1533203125 0,650390625 0,1533203125
46 0,136031539351852 0,582096354166667 0,272432002314815 0,582096354166667 0,272432002314815 0,826236979166667 0,136031539351852 0,826236979166667
42 0,240639467592593 0,583854166666667 0,363194444444444 0,583854166666667 0,363194444444444 0,815364583333333 0,240639467592593 0,815364583333333
46 0,333311631944444 0,570442708333333 0,461812789351852 0,570442708333333 0,461812789351852 0,808203125 0,333311631944444 0,808203125
4 0,45703125 0,5615234375 0,59765625 0,5615234375 0,59765625 0,7998046875 0,45703125 0,7998046875
4 0,5625 0,5615234375 0,666015625 0,5615234375 0,666015625 0,7939453125 0,5625 0,7939453125
7 0,650390625 0,856344935546875 0,650390625 0,87181973828125 0,662074892578125 0,88156579296875 0,682009091796875 0,877286357421875 0,66798044921875 0,851317890625 0,650390625 0,856344935546875
6 0,69954996484375 0,870242400390625 0,68218271875 0,847435166015625 0,6598755078125 0,850917826171875 0,673037111328125 0,8769667890625 0,69954996484375 0,870242400390625
16 0,714698365234375 0,86379638671875 0,69860862890625 0,841731267578125 0,673825927734375 0,84684914453125 0,69027178125 0,869610392578125 0,714698365234375 0,86379638671875