0 0 0,069508775390625 0,29408034375 0,050492841796875 0,296626798828125 0,0009765625 0 0,0009765625 0 0,069508775390625
9 0 0,19013608984375 0,257757224609375 0,178658306640625 0,2814651796875 0,057429873046875 0 0,06679901171875 0 0,19013608984375
5 0 0,335786505859375 0,251443548828125 0,3087508671875 0,26825088671875 0,187015994140625 0 0,192045419921875 0 0,335786505859375
7 0,6429685546875 0,3388671875 0,69309759375 0,2549672421875 0,58438975390625 0,219283830078125 0,528415232421875 0,3388671875 0,6429685546875 0,3388671875
3 0,5009765625 0,3388671875 0,54855607421875 0,3388671875 0,60768065234375 0,2199476640625 0,5009765625 0,19130166796875 0,5009765625 0,3388671875
29 0,52593093359375 0,406253083984375 0,36466296875 0,395454404296875 0,319846490234375 0,7028342109375 0,45095220703125 0,71100389453125 0,52593093359375 0,406253083984375
20 0,33881922265625 0,703805923828125 0,40034508203125 0,391538361328125 0,237640931640625 0,380633984375 0,1877579140625 0,6906090234375 0,33881922265625 0,703805923828125
19 0,214494951171875 0,694641224609375 0,260719802734375 0,381748611328125 0,10869290234375 0,379747509765625 0,06824859375 0,6776220703125 0,214494951171875 0,694641224609375
2 0 0,678343650390625 0,04417998828125 0,6808183125 0,09198055078125 0,381579169921875 0 0,377818470703125 0 0,678343650390625
8 0,896484375 0,533203125 1 0,533203125 1 0,771484375 0,896484375 0,771484375
5 0,800224247685185 0,529984085648148 0,963852719907407 0,529984085648148 0,963852719907407 0,766963252314815 0,800224247685185 0,766963252314815
5 0,710597511574074 0,524956597222222 0,862420428240741 0,524956597222222 0,862420428240741 0,755642361111111 0,710597511574074 0,755642361111111