21 0,6806640625 0,1235528203125 0,6806640625 0,102134998046875 0,623537390625 0,077136943359375 0,510952330078125 0,207605865234375 0,583368287109375 0,2413252578125 0,6806640625 0,1235528203125
37 0,450339529296875 0,178875744140625 0,516695703125 0,2064888515625 0,631204109375 0,07434456640625 0,574765658203125 0,04849973828125 0,450339529296875 0,178875744140625
20 0,399075486328125 0,14106264453125 0,471706154296875 0,17241026953125 0,57771791015625 0,0412495078125 0,50519209765625 0,01684237109375 0,399075486328125 0,14106264453125
3 0,392467755859375 0,12317753515625 0,507345236328125 0,004432544921875 0,503844486328125 0,0029296875 0,405838685546875 0,0029296875 0,31916094140625 0,092964087890625 0,392467755859375 0,12317753515625
7 0,342851255859375 0,083798880859375 0,418065623046875 0,0029296875 0,336389962890625 0,0029296875 0,2694111640625 0,05828151953125 0,342851255859375 0,083798880859375
5 0,286787228515625 0,061721775390625 0,356294185546875 0,0029296875 0,237521318359375 0,0029296875 0,20795271875 0,025267845703125 0,286787228515625 0,061721775390625
28 0,7548828125 0,205649594907407 0,940559895833333 0,205649594907407 0,940559895833333 0,407761863425926 0,7548828125 0,407761863425926
23 0,830078125 0,21875 1 0,21875 1 0,42578125 0,830078125 0,42578125
13 0,9140625 0,234375 1 0,234375 1 0,42578125 0,9140625 0,42578125
35 0,0263671875 0,4326171875 0,1806640625 0,4326171875 0,1806640625 0,5966796875 0,0263671875 0,5966796875
10 0,0919270833333333 0,446773726851852 0,242057291666667 0,446773726851852 0,242057291666667 0,613483796296296 0,0919270833333333 0,613483796296296
25 0,1494140625 0,460901331018519 0,311393229166667 0,460901331018519 0,311393229166667 0,629651331018519 0,1494140625 0,629651331018519
6 0,241341145833333 0,491456886574074 0,403059895833333 0,491456886574074 0,403059895833333 0,656300636574074 0,241341145833333 0,656300636574074
1 0,312109375 0,511545138888889 0,458333333333333 0,511545138888889 0,458333333333333 0,678226273148148 0,312109375 0,678226273148148
1 0,378255208333333 0,53158275462963 0,520442708333333 0,53158275462963 0,520442708333333 0,696281828703704 0,378255208333333 0,696281828703704
26 0,810189064453125 0,65592608203125 0,86377248046875 0,5037357421875 0,773434169921875 0,495117275390625 0,723511828125 0,6359847890625 0,810189064453125 0,65592608203125
30 0,86863203515625 0,664443759765625 0,9274689765625 0,516869669921875 0,8281035390625 0,5066291875 0,78411626171875 0,65663133203125 0,86863203515625 0,664443759765625
25 0,979909404296875 0,585634515625 0,988814595703125 0,53715703125 0,899824482421875 0,517870505859375 0,8418076796875 0,66755379296875 0,887610095703125 0,670331978515625 0,908342185546875 0,6208290859375 0,948507158203125 0,607816568359375 0,979909404296875 0,585634515625
6 1 0,59588134375 0,9626735546875 0,619275880859375 0,940944939453125 0,65009658203125 0,9277306484375 0,68020202734375 1 0,695197515625 1 0,59588134375