37 0 0 0,134765625 0 0,134765625 0,326171875 0 0,326171875
8 0,01953125 0 0,318359375 0 0,318359375 0,2890625 0,01953125 0,2890625
8 0,14453125 0 0,419921875 0 0,419921875 0,271484375 0,14453125 0,271484375
46 0,3759765625 0 0,3759765625 0,05122105078125 0,427103298828125 0,176932033203125 0,534748001953125 0,15632383203125 0,473533890625 0 0,3759765625 0
39 0,450601521484375 0 0,50047662890625 0,138597212890625 0,632193537109375 0,121822166015625 0,59986618359375 0 0,450601521484375 0
4 0,5625 0 0,755859375 0 0,755859375 0,12890625 0,5625 0,12890625
8 0,65625 0 0,86328125 0 0,86328125 0,107421875 0,65625 0,107421875
3 0,755859375 0 0,951171875 0 0,951171875 0,08984375 0,755859375 0,08984375
3 0 0,580078125 0,02734375 0,580078125 0,02734375 0,61328125 0 0,61328125
28 0,7675266796875 0,61333503125 0,739759318359375 0,564600740234375 0,6961628125 0,568743234375 0,72271679296875 0,617045171875 0,7675266796875 0,61333503125
20 0,785299515625 0,610034779296875 0,75808225390625 0,56091730859375 0,7132385625 0,56467753515625 0,74091500390625 0,613230109375 0,785299515625 0,610034779296875
24 0,805033341796875 0,6073974921875 0,777473900390625 0,5590263515625 0,731748572265625 0,5620745859375 0,7592096015625 0,61081394921875 0,805033341796875 0,6073974921875
2 0,82918298828125 0,603090162109375 0,801569775390625 0,5552359375 0,756631126953125 0,557977537109375 0,782715947265625 0,60560617578125 0,82918298828125 0,603090162109375
4 0,84759681640625 0,5998418515625 0,82009703125 0,5512711875 0,775026478515625 0,55455438671875 0,801345244140625 0,60323315234375 0,84759681640625 0,5998418515625
8 0,865105873046875 0,596399900390625 0,83515424609375 0,5488919453125 0,79351440234375 0,552734943359375 0,82175352734375 0,599488068359375 0,865105873046875 0,596399900390625