0 0 0 0,134765625 0 0,134765625 0,357421875 0 0,357421875
9 0,0756076388888889 0,0263744212962963 0,269184027777778 0,0263744212962963 0,269184027777778 0,406438078703704 0,0756076388888889 0,406438078703704
5 0,1982421875 0,0419921875 0,4072265625 0,0419921875 0,4072265625 0,4677734375 0,1982421875 0,4677734375
28 0,6279296875 0,0009765625 0,6962890625 0,0009765625 0,6962890625 0,0908203125 0,6279296875 0,0908203125
31 0,6689453125 0,0009765625 0,7353515625 0,0009765625 0,7353515625 0,0986328125 0,6689453125 0,0986328125
19 0,705844907407407 0,00422453703703707 0,775361689814815 0,00422453703703707 0,775361689814815 0,100274884259259 0,705844907407407 0,100274884259259
1 0,760951967592592 0,0106626157407407 0,828718171296296 0,0106626157407407 0,828718171296296 0,11060474537037 0,760951967592592 0,11060474537037
1 0,844581886574074 0,018872974537037 0,90638744212963 0,018872974537037 0,90638744212963 0,116818576388889 0,844581886574074 0,116818576388889
2 0,799660011574074 0,0152271412037037 0,871433738425926 0,0152271412037037 0,871433738425926 0,117151331018519 0,799660011574074 0,117151331018519
27 0 0,848190580078125 0,070336994140625 0,746858990234375 0,021983271484375 0,679837701171875 0 0,6792174921875 0 0,848190580078125
0 0,10929586328125 0,692760666015625 0,0586520390625 0,97933601953125 0,1755680625 0,9990234375 0,192553123046875 0,9990234375 0,24469654296875 0,7224796171875 0,10929586328125 0,692760666015625
1 0,244530072265625 0,723575728515625 0,185655353515625 0,998026158203125 0,192361822265625 0,9990234375 0,317100119140625 0,9990234375 0,3541468203125 0,7243103671875 0,244530072265625 0,723575728515625
4 0,382516453125 0,732698505859375 0,3137880390625 0,9990234375 0,4072265625 0,9990234375 0,4072265625 0,733836802734375 0,382516453125 0,732698505859375
26 0,3896484375 0,6396484375 0,4521484375 0,6396484375 0,4521484375 0,8408203125 0,3896484375 0,8408203125
12 0,403240740740741 0,647511574074074 0,531264467592593 0,647511574074074 0,531264467592593 0,855280671296296 0,403240740740741 0,855280671296296
6 0,516471354166667 0,659454571759259 0,63216869212963 0,659454571759259 0,63216869212963 0,855418113425926 0,516471354166667 0,855418113425926
4 0,586950231481482 0,666767939814815 0,699146412037037 0,666767939814815 0,699146412037037 0,870515046296296 0,586950231481482 0,870515046296296
3 0,659013310185185 0,672048611111111 0,776967592592593 0,672048611111111 0,776967592592593 0,87388599537037 0,659013310185185 0,87388599537037