23 0 0 0 0,34422533984375 0,1159899921875 0,339911048828125 0,002690015625 0 0 0
39 0 0 0 0,04731851953125 0,083427505859375 0,326156515625 0,215271662109375 0,322533740234375 0,1519075 0 0 0
0 0,17715855078125 0 0,264520732421875 0,330465396484375 0,3896484375 0,321733626953125 0,3896484375 0,183188759765625 0,344284080078125 0 0,17715855078125 0
27 0,3486328125 0,1123046875 0,4228515625 0,1123046875 0,4228515625 0,3779296875 0,3486328125 0,3779296875
10 0,3486328125 0,0869140625 0,5185546875 0,0869140625 0,5185546875 0,3544921875 0,3486328125 0,3544921875
11 0,409208622685185 0,0575303819444444 0,611725983796296 0,0575303819444444 0,611725983796296 0,330852141203704 0,409208622685185 0,330852141203704
6 0,546867766203704 0,0305049189814814 0,754839409722222 0,0305049189814814 0,754839409722222 0,296317997685185 0,546867766203704 0,296317997685185
1 0,651323784722222 0,00702401620370363 0,830504918981481 0,00702401620370363 0,830504918981481 0,281083622685185 0,651323784722222 0,281083622685185
7 0,73828125 0 0,927734375 0 0,927734375 0,236328125 0,73828125 0,236328125
10 0,0830078125 0,6826171875 0,2822265625 0,6826171875 0,2822265625 0,8603515625 0,0830078125 0,8603515625
10 0,1650390625 0,6826171875 0,3720703125 0,6826171875 0,3720703125 0,8466796875 0,1650390625 0,8466796875
10 0,2529296875 0,6826171875 0,3896484375 0,6826171875 0,3896484375 0,8212890625 0,2529296875 0,8212890625
29 0,539380787037037 0,870789930555556 0,61478587962963 0,870789930555556 0,61478587962963 0,946629050925926 0,539380787037037 0,946629050925926
25 0,558557581018519 0,86263744212963 0,639923321759259 0,86263744212963 0,639923321759259 0,940733506944444 0,558557581018519 0,940733506944444
14 0,5845703125 0,85443431712963 0,666037326388889 0,85443431712963 0,666037326388889 0,934483506944444 0,5845703125 0,934483506944444
6 0,616391782407407 0,844950810185185 0,697960069444444 0,844950810185185 0,697960069444444 0,926953125 0,616391782407407 0,926953125
8 0,641529224537037 0,838852719907407 0,720941840277778 0,838852719907407 0,720941840277778 0,916847511574074 0,641529224537037 0,916847511574074
2 0,665690104166667 0,832703993055556 0,745102719907407 0,832703993055556 0,745102719907407 0,910698784722222 0,665690104166667 0,910698784722222