21 0,369835069444444 0,203125 0,557248263888889 0,203125 0,557248263888889 0,2890625 0,369835069444444 0,2890625
37 0,3779296875 0,2705078125 0,5771484375 0,2705078125 0,5771484375 0,3505859375 0,3779296875 0,3505859375
28 0,2043964140625 0,607363470703125 0,277403791015625 0,5989124765625 0,23404909375 0,4662806484375 0,15137920703125 0,482932740234375 0,2043964140625 0,607363470703125
28 0,339653990234375 0,58401029296875 0,31199238671875 0,45710598046875 0,217847044921875 0,46748923046875 0,264827169921875 0,59692718359375 0,339653990234375 0,58401029296875
10 0,41215263671875 0,57073304296875 0,32543984375 0,433559853515625 0,2927499296875 0,45116763671875 0,313166525390625 0,58876627734375 0,41215263671875 0,57073304296875
0 0,486442263671875 0,55014219921875 0,448600125 0,41266074609375 0,37066921875 0,435911115234375 0,40498683984375 0,564998130859375 0,486442263671875 0,55014219921875
1 0,5461189140625 0,543474048828125 0,49098259765625 0,411371046875 0,432945740234375 0,420285470703125 0,4681378828125 0,553879935546875 0,5461189140625 0,543474048828125
3 0,6025858046875 0,53129092578125 0,574807623046875 0,392862818359375 0,485059529296875 0,409419109375 0,529184900390625 0,54100049609375 0,6025858046875 0,53129092578125
30 0,755902777777778 0,5458984375 0,807595486111111 0,5458984375 0,807595486111111 0,5888671875 0,755902777777778 0,5888671875
35 0,7734375 0,5439453125 0,823177083333333 0,5439453125 0,823177083333333 0,5869140625 0,7734375 0,5869140625
23 0,788997395833333 0,541015625 0,838736979166667 0,541015625 0,838736979166667 0,583984375 0,788997395833333 0,583984375
4 0,810416666666667 0,5380859375 0,86015625 0,5380859375 0,86015625 0,5810546875 0,810416666666667 0,5810546875
0 0,826974826388889 0,5361328125 0,876714409722222 0,5361328125 0,876714409722222 0,5791015625 0,826974826388889 0,5791015625
9 0,842578125 0,53515625 0,892274305555556 0,53515625 0,892274305555556 0,576171875 0,842578125 0,576171875