31 0,58203125 0,10459087109375 0,58203125 0,0029296875 0,43631678125 0,0029296875 0,3872857890625 0,05727375390625 0,58203125 0,10459087109375
25 0,58203125 0,112362529296875 0,388078732421875 0,06047721484375 0,32722157421875 0,16187878515625 0,58203125 0,243387818359375 0,58203125 0,112362529296875
9 0,220902822265625 0,307021607421875 0,555184298828125 0,457893279296875 0,58203125 0,42396049609375 0,58203125 0,313449701171875 0,4735039453125 0,280080947265625 0,400056853515625 0,30852532421875 0,301410580078125 0,212314865234375 0,220902822265625 0,307021607421875
7 0,549672173828125 0,5166015625 0,58203125 0,47882969921875 0,58203125 0,457534375 0,201346197265625 0,338154857421875 0,1236124921875 0,426987060546875 0,31259373828125 0,5166015625 0,549672173828125 0,5166015625
29 0,616766611328125 0,235346048828125 0,634078544921875 0,0029296875 0,53515625 0,0029296875 0,53515625 0,23703991015625 0,616766611328125 0,235346048828125
17 0,74695615234375 0,236203529296875 0,7581202578125 0,0029296875 0,597761755859375 0,0029296875 0,586944244140625 0,237817541015625 0,74695615234375 0,236203529296875
18 0,848050251953125 0,23461765234375 0,86348280078125 0,0029296875 0,72113230078125 0,0029296875 0,708958447265625 0,23526521875 0,848050251953125 0,23461765234375
4 1 0,0029296875 0,883561166015625 0,0029296875 0,867505685546875 0,233407396484375 1 0,23635151171875 1 0,0029296875
29 0,06030050390625 0,5224609375 0,06204048828125 0,582746830078125 0,15692305078125 0,61720285546875 0,1797388828125 0,5224609375 0,06030050390625 0,5224609375
24 0,144609712890625 0,5224609375 0,124452857421875 0,623513525390625 0,247695978515625 0,679179310546875 0,269744947265625 0,5224609375 0,144609712890625 0,5224609375
20 0,23290937890625 0,5224609375 0,2047245078125 0,68790703515625 0,33621444921875 0,74967451953125 0,37150144140625 0,5224609375 0,23290937890625 0,5224609375
0 0,5036755546875 0,876521572265625 0,54969728125 0,630872724609375 0,44423540234375 0,58396778515625 0,38475655078125 0,82410245703125 0,5036755546875 0,876521572265625
9 0,58203125 0,652952568359375 0,52364646875 0,631821873046875 0,470926306640625 0,88443844921875 0,58203125 0,925121361328125 0,58203125 0,652952568359375
23 0,53515625 0,5224609375 0,53515625 0,59756526953125 0,648333140625 0,605609638671875 0,6566031484375 0,5224609375 0,53515625 0,5224609375
29 0,611442703125 0,5224609375 0,603186822265625 0,61060251953125 0,744112029296875 0,62493087109375 0,757784087890625 0,5224609375 0,611442703125 0,5224609375
30 0,7195500859375 0,5224609375 0,710332572265625 0,633166205078125 0,86716944921875 0,650744626953125 0,8755721640625 0,5224609375 0,7195500859375 0,5224609375
1 1 0,5224609375 0,881289755859375 0,5224609375 0,86856021875 0,6668936953125 1 0,68273553125 1 0,5224609375