25 0 0,39367387890625 0,113648873046875 0,38699701171875 0 0,034233765625 0 0,39367387890625
9 0,114004212890625 0,375683990234375 0,293569943359375 0,39004730859375 0,21612977734375 0,01323271484375 0,03843917578125 0,0232663359375 0,114004212890625 0,375683990234375
7 0,21519901953125 0,093477802734375 0,290672623046875 0,0956723984375 0,315908751953125 0,387697451171875 0,444294017578125 0,40271333984375 0,37393827734375 0,02166517578125 0,196400779296875 0,01503114453125 0,21519901953125 0,093477802734375
2 0,4677734375 0,0410475078125 0,365091779296875 0,03424192578125 0,441852345703125 0,418503640625 0,4677734375 0,419924712890625 0,4677734375 0,0410475078125
9 0,4521484375 0,2275390625 0,6142578125 0,2275390625 0,6142578125 0,4228515625 0,4521484375 0,4228515625
8 0,5380859375 0,2138671875 0,6865234375 0,2138671875 0,6865234375 0,4228515625 0,5380859375 0,4228515625
1 0,615617766203704 0,182573784722222 0,774442997685185 0,182573784722222 0,774442997685185 0,411176215277778 0,615617766203704 0,411176215277778
21 0,257045685546875 0,91326108984375 0,216052330078125 0,866455015625 0,19451692578125 0,87324430859375 0,224725259765625 0,925369115234375 0,257045685546875 0,91326108984375
26 0,279668681640625 0,903836798828125 0,25501671484375 0,855012728515625 0,216846376953125 0,8658429921875 0,24761094140625 0,916439748046875 0,279668681640625 0,903836798828125
24 0,3054221796875 0,895420482421875 0,28068922265625 0,8440183671875 0,243773873046875 0,856006482421875 0,27035434765625 0,906471146484375 0,3054221796875 0,895420482421875
4 0,34707291796875 0,880374216796875 0,3219510546875 0,8319253359375 0,286329453125 0,840158611328125 0,3118299375 0,89060549609375 0,34707291796875 0,880374216796875
1 0,37069860546875 0,872602853515625 0,342543845703125 0,82273400390625 0,311226982421875 0,83332586328125 0,34031918359375 0,88272398828125 0,37069860546875 0,872602853515625
15 0,393761779296875 0,86461013671875 0,37121891015625 0,814604005859375 0,33585545703125 0,8243896171875 0,363701033203125 0,875475294921875 0,393761779296875 0,86461013671875
43 0,44921875 0,615234375 0,654296875 0,615234375 0,654296875 1 0,44921875 1
6 0,5625 0,578125 0,84375 0,578125 0,84375 1 0,5625 1
9 0,69140625 0,544921875 0,96875 0,544921875 0,96875 1 0,69140625 1
9 0,8203125 0,53125 1 0,53125 1 1 0,8203125 1