2 0,15625 0,193359375 0,302734375 0,193359375 0,302734375 0,63671875 0,15625 0,63671875
1 0,0406467013888889 0,238122106481481 0,213838252314815 0,238122106481481 0,213838252314815 0,687977430555556 0,0406467013888889 0,687977430555556
15 0,960116501953125 0,37548923046875 0,93714279296875 0,326989275390625 0,902455984375 0,332370525390625 0,929224384765625 0,381406462890625 0,960116501953125 0,37548923046875
31 0,942730748046875 0,3824704140625 0,91834755859375 0,333383685546875 0,88333120703125 0,3386603046875 0,910297958984375 0,387939982421875 0,942730748046875 0,3824704140625
25 0,92358170703125 0,38647288671875 0,89963815234375 0,338742498046875 0,86194255859375 0,345395501953125 0,888411734375 0,392972787109375 0,92358170703125 0,38647288671875
1 0,89169175390625 0,398077970703125 0,871323751953125 0,3487615703125 0,83393762890625 0,35374957421875 0,853065708984375 0,404524630859375 0,89169175390625 0,398077970703125
7 0,8706064609375 0,404773958984375 0,851587919921875 0,354530900390625 0,808511333984375 0,361770349609375 0,832889021484375 0,411167333984375 0,8706064609375 0,404773958984375
9 0,84968475390625 0,411601607421875 0,82768433984375 0,36269141796875 0,78510457421875 0,370140662109375 0,806134224609375 0,419734095703125 0,84968475390625 0,411601607421875
9 0,719495081018519 0,947800925925926 0,772417534722222 0,947800925925926 0,772417534722222 0,974696180555556 0,719495081018519 0,974696180555556
19 0,801475694444444 0,936103877314815 0,854412615740741 0,936103877314815 0,854412615740741 0,964952256944444 0,801475694444444 0,964952256944444
7 0,694118923611111 0,951258680555556 0,747041377314815 0,951258680555556 0,747041377314815 0,978153935185185 0,694118923611111 0,978153935185185
3 0,669712094907407 0,953682002314815 0,722634548611111 0,953682002314815 0,722634548611111 0,980577256944444 0,669712094907407 0,980577256944444
24 0,777083333333333 0,940480324074074 0,830005787037037 0,940480324074074 0,830005787037037 0,967375578703704 0,777083333333333 0,967375578703704
21 0,752683738425926 0,943880208333333 0,80560619212963 0,943880208333333 0,80560619212963 0,970775462962963 0,752683738425926 0,970775462962963