21 0,189667263671875 0,235350234375 0,2705078125 0,242217484375 0,2705078125 0,07880358984375 0,189667263671875 0,235350234375
24 0,2705078125 0,062982265625 0,2705078125 0,047302044921875 0,20326076171875 0,035336603515625 0,1356145078125 0,21999909375 0,209391142578125 0,231039994140625 0,2705078125 0,062982265625
21 0,096598572265625 0,164918427734375 0,08231441015625 0,200285576171875 0,156384662109375 0,218844755859375 0,22009908203125 0,0333875703125 0,18912628125 0,025150673828125 0,139419830078125 0,167784359375 0,096598572265625 0,164918427734375
4 0,08974834765625 0,193697861328125 0,145602998046875 0,019378013671875 0,09398759765625 0,00189098828125 0,0105815390625 0,181677068359375 0,08974834765625 0,193697861328125
0 0,0322874453125 0 0 0,078334365234375 0 0,1766870546875 0,03081753125 0,184047869140625 0,101930751953125 0,0038716171875 0,085089287109375 0 0,0322874453125 0
3 0 0 0 0,091031029296875 0,052381291015625 0 0 0
45 0,824186279296875 0,3087227421875 0,740635439453125 0,292727115234375 0,65776464453125 0,472223431640625 0,75496699609375 0,489538111328125 0,824186279296875 0,3087227421875
31 0,75741815234375 0,28431603515625 0,651362478515625 0,26601206640625 0,58407353125 0,4574926015625 0,688508607421875 0,467715251953125 0,75741815234375 0,28431603515625
47 0,56878473046875 0,252875806640625 0,50568378515625 0,4395183984375 0,599946931640625 0,451335611328125 0,666892947265625 0,278271802734375 0,67601178125 0,268595919921875 0,56878473046875 0,252875806640625
0 0,56374437109375 0,248918650390625 0,4533461328125 0,230284919921875 0,39519584765625 0,409505720703125 0,50559408203125 0,428139451171875 0,56374437109375 0,248918650390625
2 0,476402212890625 0,22187383984375 0,36824704296875 0,20873757421875 0,307756232421875 0,39829378125 0,436300712890625 0,413408625 0,476402212890625 0,22187383984375
3 0,2294921875 0,362641369140625 0,2294921875 0,3855127578125 0,34664265625 0,394115369140625 0,3881703203125 0,199996732421875 0,2685819921875 0,180703474609375 0,2294921875 0,362641369140625
31 0,633760484375 1 0,66597383203125 0,901224736328125 0,58988178125 0,8970026875 0,558954890625 1 0,633760484375 1
30 0,58389702734375 1 0,618532486328125 0,897444724609375 0,542756369140625 0,886135134765625 0,5110536484375 1 0,58389702734375 1
28 0,538920130859375 1 0,571387646484375 0,885494421875 0,504543771484375 0,8760095 0,46424405078125 1 0,538920130859375 1
1 0,473584583984375 1 0,51359629296875 0,877485642578125 0,459730134765625 0,871494490234375 0,409109544921875 1 0,473584583984375 1
2 0,43517435546875 1 0,475031171875 0,873139119140625 0,41687115625 0,863616595703125 0,36292605859375 0,99773019921875 0,384189771484375 1 0,43517435546875 1
3 0,38437358203125 0,99963653125 0,435431552734375 0,863268021484375 0,37487951171875 0,85741393359375 0,3329404921875 0,989684806640625 0,38437358203125 0,99963653125