30 0 0,35475886328125 0,067123501953125 0,336755244140625 0,02828770703125 0,0009765625 0 0,0009765625 0 0,35475886328125
27 0,20795759375 0,278082376953125 0,177295693359375 0,0009765625 0,039160828125 0,0009765625 0,067749375 0,328262583984375 0,20795759375 0,278082376953125
6 0,38612186328125 0,206162490234375 0,3673111171875 0,0009765625 0,230915087890625 0,0009765625 0,250621365234375 0,2443880390625 0,38612186328125 0,206162490234375
8 0,4921875 0,17438175 0,4921875 0,0009765625 0,3652978046875 0,0009765625 0,38353749609375 0,2028643984375 0,4921875 0,17438175
1 0,849609375 0,3408203125 0,998046875 0,3408203125 0,998046875 0,3779296875 0,849609375 0,3779296875
8 1 0,763810912109375 0,965342544921875 0,73459823046875 0,923592353515625 0,766726052734375 1 0,83552277734375 1 0,763810912109375
7 1 0,839909650390625 0,922210650390625 0,77046676953125 0,890601947265625 0,79693013671875 0,976209607421875 0,898121404296875 1 0,877451537109375 1 0,839909650390625
6 0,97772523828125 0,88830137109375 0,887193033203125 0,800720279296875 0,84875844140625 0,83221512890625 0,929551322265625 0,92188941796875 0,97772523828125 0,88830137109375
10 0,833716638671875 0,841595490234375 0,7879700390625 0,874351625 0,873917291015625 0,966935470703125 0,9137709453125 0,94238419921875 0,833716638671875 0,841595490234375
17 0,790145453125 0,879262521484375 0,74301961328125 0,906469908203125 0,81748880078125 0,9990234375 0,840596029296875 0,9990234375 0,87730529296875 0,9720902421875 0,790145453125 0,879262521484375
27 0,70202922265625 0,934128400390625 0,747558556640625 0,9990234375 0,818036173828125 0,9990234375 0,747798427734375 0,909613421875 0,70202922265625 0,934128400390625