6 0,085171666015625 0 0 0,028440412109375 0 0,16996094921875 0,4079967265625 0,039096810546875 0,3871366875 0 0,085171666015625 0
8 0,49963723046875 0,177181982421875 0,42777562890625 0,0595930234375 0,012901337890625 0,175561248046875 0,071943669921875 0,29415250390625 0,49963723046875 0,177181982421875
4 0,546540306640625 0,2789233359375 0,483278611328125 0,162811408203125 0,085980970703125 0,2918683671875 0,17596489453125 0,416332009765625 0,546540306640625 0,2789233359375
48 0,250117171875 0,5400390625 0,4100157890625 0,5400390625 0,6720360078125 0,46343173828125 0,5867507109375 0,32260594921875 0,2058127578125 0,44893895703125 0,250117171875 0,5400390625
4 0,71875 0 0,837890625 0 0,837890625 0,21484375 0,71875 0,21484375
3 0,77734375 0 0,96875 0 0,96875 0,201171875 0,77734375 0,201171875
1 0,912109375 0 1 0 1 0,201171875 0,912109375 0,201171875
27 0,291189236111111 0,734765625 0,361414930555556 0,734765625 0,361414930555556 0,825434027777778 0,291189236111111 0,825434027777778
20 0,328559027777778 0,735011574074074 0,396657986111111 0,735011574074074 0,396657986111111 0,821657986111111 0,328559027777778 0,821657986111111
32 0,362782118055555 0,734107349537037 0,432921006944444 0,734107349537037 0,432921006944444 0,822822627314815 0,362782118055555 0,822822627314815
3 0,4119140625 0,732118055555556 0,480013020833333 0,732118055555556 0,480013020833333 0,818764467592592 0,4119140625 0,818764467592592
2 0,448003472222222 0,729376446759259 0,518315972222222 0,729376446759259 0,518315972222222 0,821997974537037 0,448003472222222 0,821997974537037
6 0,482400173611111 0,728472222222222 0,552625868055556 0,728472222222222 0,552625868055556 0,819140625 0,482400173611111 0,819140625
11 0,766643904296875 0,680940373046875 0,71875 0,678542947265625 0,71875 0,94548584375 0,784011177734375 0,945201146484375 0,790797029296875 0,836336728515625 0,772751064453125 0,781710337890625 0,766643904296875 0,680940373046875
4 0,935223263671875 0,94331244140625 0,921783435546875 0,677480431640625 0,809308263671875 0,6859463828125 0,82022902734375 0,944621890625 0,935223263671875 0,94331244140625
6 1 0,672657390625 0,909963220703125 0,67559501171875 0,926299423828125 0,944905625 1 0,944270701171875 1 0,672657390625