5 0,25390625 0,0009765625 0,482421875 0,0009765625 0,482421875 0,0498046875 0,25390625 0,0498046875
8 0,259765625 0,0458984375 0,482421875 0,0458984375 0,482421875 0,1533203125 0,259765625 0,1533203125
52 0,355859375 0,381127025462963 0,453168402777778 0,381127025462963 0,453168402777778 0,540313946759259 0,355859375 0,540313946759259
10 0,288541666666667 0,389019097222222 0,381727430555556 0,389019097222222 0,381727430555556 0,538382523148148 0,288541666666667 0,538382523148148
25 0,215082465277778 0,390017361111111 0,314344618055556 0,390017361111111 0,314344618055556 0,549233217592593 0,215082465277778 0,549233217592593
6 0,118381076388889 0,400267650462963 0,215516493055556 0,400267650462963 0,215516493055556 0,551642071759259 0,118381076388889 0,551642071759259
1 0,051974826388889 0,395421006944444 0,147287326388889 0,395421006944444 0,147287326388889 0,552625868055556 0,051974826388889 0,552625868055556
1 0 0,3984375 0,083984375 0,3984375 0,083984375 0,568359375 0 0,568359375
18 0,703428819444444 0,825933159722222 0,763411458333333 0,825933159722222 0,763411458333333 0,886942997685185 0,703428819444444 0,886942997685185
23 0,661436631944444 0,826439525462963 0,729231770833333 0,826439525462963 0,729231770833333 0,887565104166667 0,661436631944444 0,887565104166667
29 0,626280381944444 0,827018229166667 0,690169270833333 0,827018229166667 0,690169270833333 0,8880859375 0,626280381944444 0,8880859375
1 0,578407118055556 0,828761574074074 0,638389756944444 0,828761574074074 0,638389756944444 0,889771412037037 0,578407118055556 0,889771412037037
0 0,536414930555556 0,829267939814815 0,604210069444444 0,829267939814815 0,604210069444444 0,890393518518519 0,536414930555556 0,890393518518519
3 0,499305555555556 0,829875578703704 0,563194444444444 0,829875578703704 0,563194444444444 0,890943287037037 0,499305555555556 0,890943287037037