6 0,4709657109375 0 0,464105595703125 0,13178958984375 0,545665595703125 0,12508629296875 0,553183560546875 0 0,4709657109375 0
5 0,494508400390625 0,000179123046875 0,4145944453125 0,00686201171875 0,40772040234375 0,14026473046875 0,49835228125 0,1317487734375 0,494508400390625 0,000179123046875
5 0,441059494140625 0,00750705078125 0,350484181640625 0,01345088671875 0,351866849609375 0,14090105859375 0,444123150390625 0,12707758984375 0,441059494140625 0,00750705078125
46 0,371013455078125 0,141431671875 0,367955267578125 0,01559008203125 0,2842142578125 0,02080724609375 0,279859798828125 0,1499680390625 0,371013455078125 0,141431671875
37 0,311665296875 0,019402751953125 0,2236671328125 0,02311337890625 0,224240181640625 0,153196896484375 0,30638597265625 0,14806136328125 0,311665296875 0,019402751953125
46 0,255299408203125 0,024219779296875 0,175531904296875 0,031845802734375 0,17183781640625 0,156805484375 0,25332913671875 0,150183822265625 0,255299408203125 0,024219779296875
27 0,8505859375 0 0,9892578125 0 0,9892578125 0,091796875 0,8505859375 0,091796875
18 0,7802734375 0 0,8955078125 0 0,8955078125 0,095703125 0,7802734375 0,095703125
18 0,6943359375 0 0,8115234375 0 0,8115234375 0,09765625 0,6943359375 0,09765625
2 0,5732421875 0 0,6962890625 0 0,6962890625 0,10546875 0,5732421875 0,10546875
30 0,6064453125 0,670816126953125 0,5527853984375 0,6693354375 0,542148232421875 0,74617292578125 0,6064453125 0,749043021484375 0,6064453125 0,670816126953125
15 0,511935763888889 0,668619791666667 0,580598958333333 0,668619791666667 0,580598958333333 0,747251157407407 0,511935763888889 0,747251157407407
15 0,477611400462963 0,665979456018519 0,550296585648148 0,665979456018519 0,550296585648148 0,748806423611111 0,477611400462963 0,748806423611111
7 0,491966572265625 0,74537441796875 0,502058521484375 0,6671298125 0,437609466796875 0,665252751953125 0,434238181640625 0,7419568203125 0,491966572265625 0,74537441796875
5 0,467318982421875 0,665324841796875 0,463685380859375 0,665045384765625 0,40397026953125 0,66236176953125 0,400006587890625 0,7436471875 0,4628687578125 0,74345569921875 0,467318982421875 0,665324841796875
3 0,43223564453125 0,74504307421875 0,43468059765625 0,664492109375 0,369545197265625 0,662594458984375 0,3686751796875 0,744521173828125 0,43223564453125 0,74504307421875
23 0,5732421875 0,9249143984375 0,61081410546875 0,927235404296875 0,637452541015625 0,831163125 0,5732421875 0,82736375 0,5732421875 0,9249143984375
20 0,682025109375 0,840420533203125 0,61490516015625 0,835208697265625 0,591378435546875 0,92861078515625 0,654158642578125 0,934617734375 0,682025109375 0,840420533203125
2 0,73550566015625 0,852767259765625 0,671367732421875 0,846099478515625 0,6455383515625 0,9423060390625 0,71181251953125 0,953733935546875 0,73550566015625 0,852767259765625
9 0,73429096484375 0,95532989453125 0,777982056640625 0,868982130859375 0,7136496484375 0,852713546875 0,6860274609375 0,944847681640625 0,73429096484375 0,95532989453125
1 0,81093280859375 0,8690684296875 0,7583262890625 0,864775423828125 0,73057825390625 0,95823122265625 0,790180833984375 0,965113853515625 0,81093280859375 0,8690684296875