21 0,300580205078125 0,427668228515625 0,260334009765625 0,24854124609375 0,181504775390625 0,25548762109375 0,20224584765625 0,437374490234375 0,300580205078125 0,427668228515625
24 0,348643796875 0,413306095703125 0,3346588125 0,2381442109375 0,240098736328125 0,246051126953125 0,266675263671875 0,422684724609375 0,348643796875 0,413306095703125
21 0,407780140625 0,400415638671875 0,367409935546875 0,234418806640625 0,2965810234375 0,237063865234375 0,314781103515625 0,40911719140625 0,407780140625 0,400415638671875
4 0,4785321953125 0,3842655234375 0,44986140234375 0,2087967109375 0,371531056640625 0,2263151875 0,391214013671875 0,387937974609375 0,4785321953125 0,3842655234375
0 0,5270874765625 0,378553935546875 0,5049074296875 0,208335484375 0,424838115234375 0,22005540234375 0,439568443359375 0,380538935546875 0,5270874765625 0,378553935546875
3 0,5756789609375 0,36466155859375 0,5564725078125 0,193926689453125 0,472370142578125 0,206569541015625 0,494398978515625 0,3739760546875 0,5756789609375 0,36466155859375
47 0,5673828125 0,005859375 0,7080078125 0,005859375 0,7080078125 0,142578125 0,5673828125 0,142578125
9 0,5673828125 0,138671875 0,6826171875 0,138671875 0,6826171875 0,28515625 0,5673828125 0,28515625
29 0 0,78112215234375 0,054706986328125 0,78076297265625 0,067983068359375 0,6547588203125 0 0,65525195703125 0 0,78112215234375
21 0,13298215234375 0,779131533203125 0,103251001953125 0,652452935546875 0,025124927734375 0,654554232421875 0,02137563671875 0,781697806640625 0,13298215234375 0,779131533203125
2 0,2191127890625 0,776168494140625 0,2145736015625 0,648217158203125 0,11301123046875 0,648125556640625 0,10473985546875 0,77625757421875 0,2191127890625 0,776168494140625
6 0,27743887890625 0,77429693359375 0,277488349609375 0,644457349609375 0,1768290546875 0,64987616015625 0,171967671875 0,776216708984375 0,27743887890625 0,77429693359375
6 0,3307424609375 0,772453677734375 0,337486490234375 0,64619883203125 0,239559453125 0,645482939453125 0,230864146484375 0,7758320546875 0,3307424609375 0,772453677734375
23 0,5673828125 0,77310042578125 0,587018599609375 0,77599507421875 0,6746378359375 0,56350046484375 0,5673828125 0,54609188671875 0,5673828125 0,77310042578125
10 0,582546349609375 0,776408279296875 0,696321578125 0,798694396484375 0,75955411328125 0,583288099609375 0,65243730078125 0,568004189453125 0,65159473828125 0,56920662109375 0,582546349609375 0,776408279296875
7 0,799922947265625 0,831460408203125 0,887506970703125 0,62327102734375 0,7660546875 0,599332361328125 0,711138810546875 0,813464578125 0,799922947265625 0,831460408203125
5 0,891699185546875 0,854172583984375 0,979899853515625 0,651131970703125 0,86629076171875 0,62856526171875 0,792514080078125 0,830185349609375 0,891699185546875 0,854172583984375
6 1 0,6605277890625 0,96408892578125 0,655473322265625 0,881783345703125 0,84153742578125 0,984196228515625 0,868664802734375 1 0,847129314453125 1 0,6605277890625