21 0,074138744140625 0,27975471875 0,0531723515625 0,334335486328125 0,265852578125 0,386220708984375 0,277725763671875 0,3407136953125 0,074138744140625 0,27975471875
43 0,070172615234375 0,280488375 0,279055439453125 0,33837670703125 0,298940763671875 0,285057580078125 0,09002225 0,23271727734375 0,089898802734375 0,23218086328125 0,070172615234375 0,280488375
21 0,11233119921875 0,179013865234375 0,087464673828125 0,23359977734375 0,303577560546875 0,2849237109375 0,31474016796875 0,24783833984375 0,11233119921875 0,179013865234375
4 0,136712513671875 0,11720285546875 0,118848201171875 0,159530197265625 0,32447807421875 0,213388115234375 0,34092465234375 0,1734733671875 0,136712513671875 0,11720285546875
0 0,341059609375 0,168267859375 0,354337953125 0,127029947265625 0,154221890625 0,06884095703125 0,130058802734375 0,113612681640625 0,341059609375 0,168267859375
3 0,357492640625 0,122994322265625 0,372992796875 0,079007025390625 0,167180734375 0,025728654296875 0,142874275390625 0,07197024609375 0,357492640625 0,122994322265625
16 0,900390625 0,078125 1 0,078125 1 0,466796875 0,900390625 0,466796875
30 0,765625 0,1015625 1 0,1015625 1 0,466796875 0,765625 0,466796875
2 0,5830078125 0,14453125 0,8310546875 0,14453125 0,8310546875 0,466796875 0,5830078125 0,466796875
1 0,4775390625 0,166015625 0,6923828125 0,166015625 0,6923828125 0,466796875 0,4775390625 0,466796875
0 0,3642578125 0,1875 0,5791015625 0,1875 0,5791015625 0,466796875 0,3642578125 0,466796875
13 0,282643541015625 0,835154146484375 0,31267339453125 0,998046875 0,3935546875 0,998046875 0,3935546875 0,82227716796875 0,282643541015625 0,835154146484375
33 0,1513671875 0,833984375 0,3583984375 0,833984375 0,3583984375 0,998046875 0,1513671875 0,998046875
34 0,0361328125 0,857421875 0,2353515625 0,857421875 0,2353515625 0,998046875 0,0361328125 0,998046875
10 0,8642578125 0,781271701388889 0,9326171875 0,781271701388889 0,9326171875 0,840733506944444 0,8642578125 0,840733506944444
27 0,837890625 0,784592013888889 0,91015625 0,784592013888889 0,91015625 0,84609375 0,837890625 0,84609375
37 0,8134765625 0,787955729166667 0,8837890625 0,787955729166667 0,8837890625 0,8513671875 0,8134765625 0,8513671875
8 0,7744140625 0,791970486111111 0,8427734375 0,791970486111111 0,8427734375 0,857291666666667 0,7744140625 0,857291666666667
4 0,7509765625 0,798285590277778 0,8193359375 0,798285590277778 0,8193359375 0,867513020833333 0,7509765625 0,867513020833333
7 0,72265625 0,8025390625 0,791015625 0,8025390625 0,791015625 0,865907118055556 0,72265625 0,865907118055556