40 0,317704234375 0,44921875 0,4140625 0,2475616484375 0,4140625 0,070509568359375 0,33565561328125 0,07003625 0,192464009765625 0,43599870703125 0,248569611328125 0,44921875 0,317704234375 0,44921875
41 0,332287599609375 0,054034345703125 0,216929154296875 0,037896939453125 0,067752990234375 0,403180408203125 0,18668755859375 0,430793017578125 0,332287599609375 0,054034345703125
48 0 0,38830561328125 0,05562834765625 0,403746291015625 0,21943662890625 0,043419533203125 0,068901861328125 0,004716564453125 0 0,189629056640625 0 0,38830561328125
21 0,914836697265625 0,392770544921875 0,940354626953125 0,30747400390625 0,727360046875 0,22419904296875 0,710690828125 0,295070419921875 0,914836697265625 0,392770544921875
22 0,867190615234375 0,44921875 0,880506884765625 0,44921875 0,91126065625 0,3776833984375 0,70532915625 0,30395548828125 0,68131815234375 0,3811335234375 0,867190615234375 0,44921875
12 0,8738611171875 0,44921875 0,8762433046875 0,443502546875 0,68299436328125 0,386290337890625 0,666731453125 0,44921875 0,8738611171875 0,44921875
1 0 0,44921875 0,12890625 0,44921875 0,12890625 0,72265625 0 0,72265625
1 0,056640625 0,44921875 0,248046875 0,44921875 0,248046875 0,708984375 0,056640625 0,708984375
9 0,173828125 0,44921875 0,384765625 0,44921875 0,384765625 0,70703125 0,173828125 0,70703125
9 0,595811631944444 0,559700520833333 0,785611979166667 0,559700520833333 0,785611979166667 0,838563368055556 0,595811631944444 0,838563368055556
2 0,706293402777778 0,542144097222222 0,912586805555556 0,542144097222222 0,912586805555556 0,841232638888889 0,706293402777778 0,841232638888889
3 0,81640625 0,515625 1 0,515625 1 0,8125 0,81640625 0,8125
47 0,4337890625 0,588715277777778 0,645334201388889 0,588715277777778 0,645334201388889 0,874392361111111 0,4337890625 0,874392361111111
41 0,40234375 0,627679935546875 0,40234375 0,83097407421875 0,4222325859375 0,887696015625 0,52787898046875 0,87609291015625 0,4339915703125 0,62257309765625 0,40234375 0,627679935546875