22 0,74719804296875 0,075037537109375 0,773684892578125 0,0009765625 0,633793419921875 0,0009765625 0,619204861328125 0,0356884609375 0,74719804296875 0,075037537109375
29 0,787333154296875 0,09569009765625 0,85568743359375 0,0009765625 0,75625351953125 0,0009765625 0,729937443359375 0,080747578125 0,787333154296875 0,09569009765625
4 1 0,0009765625 0,8981856953125 0,0009765625 0,852535642578125 0,056302076171875 0,851663896484375 0,127143849609375 0,9398326484375 0,15193338671875 1 0,030942677734375 1 0,0009765625
52 0 0,259765625 0,240234375 0,259765625 0,240234375 0,73046875 0 0,73046875
40 0,0518880208333333 0,272265625 0,35298755787037 0,272265625 0,35298755787037 0,753125 0,0518880208333333 0,753125
43 0,1708984375 0,3134765625 0,4755859375 0,3134765625 0,4755859375 0,8056640625 0,1708984375 0,8056640625
6 0,3564453125 0,3603515625 0,4755859375 0,3603515625 0,4755859375 0,8623046875 0,3564453125 0,8623046875
10 0,755953414351852 0,557682291666667 0,821462673611111 0,557682291666667 0,821462673611111 0,608463541666667 0,755953414351852 0,608463541666667
33 0,77330005787037 0,562369791666667 0,838693576388889 0,562369791666667 0,838693576388889 0,611197916666667 0,77330005787037 0,611197916666667
22 0,790588831018519 0,565950520833333 0,857935474537037 0,565950520833333 0,857935474537037 0,614908854166667 0,790588831018519 0,614908854166667
6 0,816608796296296 0,570182291666667 0,882002314814815 0,570182291666667 0,882002314814815 0,619010416666667 0,816608796296296 0,619010416666667
6 0,854058159722222 0,578385416666667 0,919451678240741 0,578385416666667 0,919451678240741 0,627213541666667 0,854058159722222 0,627213541666667
5 0,833839699074074 0,574739583333333 0,901186342592593 0,574739583333333 0,901186342592593 0,623697916666667 0,833839699074074 0,623697916666667