35 0,165345337890625 0,49413208984375 0,19059440625 0,001464755859375 0,186535359375 0,0009765625 0,0331524375 0,0009765625 0,01655158203125 0,486521970703125 0,165345337890625 0,49413208984375
16 0,140625 0,0009765625 0,330078125 0,0009765625 0,330078125 0,4892578125 0,140625 0,4892578125
24 0,272844328703704 0,0319155092592592 0,459765625 0,0319155092592592 0,459765625 0,520732060185185 0,272844328703704 0,520732060185185
6 0,466796875 0,0615234375 0,564453125 0,0615234375 0,564453125 0,5380859375 0,466796875 0,5380859375
7 0,66244803125 0,41595554296875 0,708238923828125 0,224339751953125 0,59590465234375 0,224748044921875 0,6008686640625 0,412359341796875 0,66244803125 0,41595554296875
2 0,782820279296875 0,429512966796875 0,792602962890625 0,227178802734375 0,702749845703125 0,225096056640625 0,667609056640625 0,42322846484375 0,782820279296875 0,429512966796875
8 0,8653943984375 0,430558876953125 0,88669023828125 0,22642526953125 0,78633953125 0,22741787890625 0,773799013671875 0,42961996484375 0,8653943984375 0,430558876953125
31 0,11891671875 0,956972169921875 0,1249771953125 0,844705728515625 0,072991783203125 0,85440376171875 0,0800379296875 0,96127995703125 0,11891671875 0,956972169921875
20 0,174718818359375 0,949584763671875 0,16503296484375 0,834934046875 0,113589361328125 0,8454937578125 0,111522224609375 0,9608768515625 0,174718818359375 0,949584763671875
26 0,216608314453125 0,944794888671875 0,2113368125 0,832994009765625 0,157382578125 0,839713083984375 0,1612485 0,948953396484375 0,216608314453125 0,944794888671875
1 0,271522255859375 0,9401513359375 0,26005219140625 0,8265264921875 0,21203208984375 0,83412678125 0,21836912109375 0,94190194140625 0,271522255859375 0,9401513359375
6 0,3155243203125 0,937525283203125 0,308270431640625 0,820236126953125 0,255662330078125 0,82670155859375 0,2587319609375 0,94161813671875 0,3155243203125 0,937525283203125
8 0,353871443359375 0,92791025 0,348878375 0,82181798828125 0,29998113671875 0,824120484375 0,301490998046875 0,933499921875 0,353871443359375 0,92791025
11 0,5703125 0,8056640625 0,73046875 0,8056640625 0,73046875 0,9990234375 0,5703125 0,9990234375
24 0,703125 0,8134765625 0,865234375 0,8134765625 0,865234375 0,9990234375 0,703125 0,9990234375
16 0,830078125 0,8173828125 0,998046875 0,8173828125 0,998046875 0,9990234375 0,830078125 0,9990234375