15 0 0,04296875 0,140625 0,04296875 0,140625 0,490234375 0 0,490234375
24 0,1064453125 0,0390625 0,2841796875 0,0390625 0,2841796875 0,490234375 0,1064453125 0,490234375
6 0,2998046875 0,056640625 0,4677734375 0,056640625 0,4677734375 0,490234375 0,2998046875 0,490234375
44 0,5244140625 0,2890625 0,6728515625 0,2890625 0,6728515625 0,490234375 0,5244140625 0,490234375
44 0,6416015625 0,271484375 0,8037109375 0,271484375 0,8037109375 0,490234375 0,6416015625 0,490234375
44 0,7724609375 0,26171875 0,9130859375 0,26171875 0,9130859375 0,490234375 0,7724609375 0,490234375
33 0 0,48828125 0,091796875 0,48828125 0,091796875 0,791015625 0 0,791015625
34 0,0576171875 0,486328125 0,2099609375 0,486328125 0,2099609375 0,78125 0,0576171875 0,78125
6 0,2314453125 0,486328125 0,3876953125 0,486328125 0,3876953125 0,7578125 0,2314453125 0,7578125
5 0,3505859375 0,486328125 0,4794921875 0,486328125 0,4794921875 0,759765625 0,3505859375 0,759765625
30 0,4609375 0,970703125 0,51171875 0,970703125 0,51171875 1 0,4609375 1
9 0,494140625 0,96875 0,546875 0,96875 0,546875 1 0,494140625 1
9 0,521484375 0,966796875 0,5703125 0,966796875 0,5703125 1 0,521484375 1
0 0,546875 0,96484375 0,595703125 0,96484375 0,595703125 1 0,546875 1