24 0 0,0390625 0,056640625 0,0390625 0,056640625 0,501953125 0 0,501953125
6 0,0452907986111111 0,0330150462962964 0,238230613425926 0,0330150462962964 0,238230613425926 0,490581597222222 0,0452907986111111 0,490581597222222
8 0,1904296875 0,02734375 0,3525390625 0,02734375 0,3525390625 0,47265625 0,1904296875 0,47265625
16 0,3466796875 0,259765625 0,4951171875 0,259765625 0,4951171875 0,55859375 0,3466796875 0,55859375
21 0,460959201388889 0,245052083333333 0,618424479166667 0,245052083333333 0,618424479166667 0,558188657407407 0,460959201388889 0,558188657407407
14 0,584035011574074 0,236668113425926 0,743453414351852 0,236668113425926 0,743453414351852 0,549920428240741 0,584035011574074 0,549920428240741
6 0,752177372685185 0,226714409722222 0,911422164351852 0,226714409722222 0,911422164351852 0,534107349537037 0,752177372685185 0,534107349537037
1 0,8828125 0,224609375 1 0,224609375 1 0,544921875 0,8828125 0,544921875
35 0 0,787109375 0,0625 0,787109375 0,0625 1 0 1
0 0,0634765625 0,763671875 0,1845703125 0,763671875 0,1845703125 1 0,0634765625 1
0 0,1513671875 0,7421875 0,2802734375 0,7421875 0,2802734375 1 0,1513671875 1
0 0,2451171875 0,728515625 0,3525390625 0,728515625 0,3525390625 0,994140625 0,2451171875 0,994140625
12 0,379897216796875 0,728515625 0,4123230546875 0,88961576953125 0,49436623828125 0,86204683984375 0,469879345703125 0,728515625 0,379897216796875 0,728515625
23 0,47282991796875 0,728515625 0,49479187890625 0,8714059375 0,58403870703125 0,8539762109375 0,56939090625 0,728515625 0,47282991796875 0,728515625
10 0,574168021484375 0,728515625 0,58477678125 0,85108467578125 0,66916565625 0,833428765625 0,6560862734375 0,728515625 0,574168021484375 0,728515625
7 0,709063361328125 0,728515625 0,720249962890625 0,817915521484375 0,802510587890625 0,799981681640625 0,7985060859375 0,728515625 0,709063361328125 0,728515625
3 0,7971546015625 0,728515625 0,801203259765625 0,797136146484375 0,89127906640625 0,781079046875 0,888180080078125 0,728515625 0,7971546015625 0,728515625
7 0,890435453125 0,728515625 0,893421962890625 0,780677416015625 0,9731893515625 0,759486673828125 0,97323359375 0,728515625 0,890435453125 0,728515625