52 0,322265625 0,125 0,478515625 0,125 0,478515625 0,615234375 0,322265625 0,615234375
40 0,201678240740741 0,134382233796296 0,419921875 0,134382233796296 0,419921875 0,600701678240741 0,201678240740741 0,600701678240741
43 0,0522280092592593 0,137369791666667 0,286458333333333 0,137369791666667 0,286458333333333 0,613917824074074 0,0522280092592593 0,613917824074074
6 0 0,125 0,08203125 0,125 0,08203125 0,61328125 0 0,61328125
26 1 0,01081969140625 0,930296033203125 0,00549123046875 0,896832177734375 0,162181919921875 0,976324701171875 0,172529669921875 1 0,052207474609375 1 0,01081969140625
15 0,854134146484375 0 0,831003138671875 0,14997559375 0,908808662109375 0,1675032109375 0,94107851171875 0,00156442578125 0,93349363671875 0 0,854134146484375 0
34 0,77377048828125 0 0,764605490234375 0,144428744140625 0,836554630859375 0,15712895703125 0,86534833203125 0 0,77377048828125 0
4 0,678797330078125 0 0,66550023046875 0,1303569609375 0,75280435546875 0,138746767578125 0,768413546875 0 0,678797330078125 0
0 0,611030111328125 0 0,59335012109375 0,122445890625 0,677831333984375 0,130583314453125 0,6935172734375 0 0,611030111328125 0
5 0,53712119140625 0 0,530196380859375 0,111098072265625 0,609909443359375 0,124262275390625 0,623342740234375 0 0,53712119140625 0
26 0,7578125 0,6484375 0,955078125 0,6484375 0,955078125 0,88671875 0,7578125 0,88671875
15 0,626953125 0,6484375 0,8203125 0,6484375 0,8203125 0,876953125 0,626953125 0,876953125
31 0,505859375 0,6484375 0,6875 0,6484375 0,6875 0,861328125 0,505859375 0,861328125