13 0,3489595234375 0,1850828203125 0,269251134765625 0,180856736328125 0,26719325 0,3398050390625 0,3379137734375 0,340844548828125 0,3489595234375 0,1850828203125
10 0,26760975390625 0,3387812421875 0,271740798828125 0,18125776171875 0,2044337734375 0,176611306640625 0,19129079296875 0,332229220703125 0,26760975390625 0,3387812421875
20 0,20482650390625 0,1769164921875 0,1185568203125 0,16964753515625 0,151704919921875 0,250852328125 0,122746419921875 0,325821013671875 0,19453117578125 0,330802841796875 0,20482650390625 0,1769164921875
2 0,101939376953125 0,324499208984375 0,10047373828125 0,171081091796875 0,02588812890625 0,1659555625 0,026666689453125 0,318043025390625 0,101939376953125 0,324499208984375
5 0 0,3183679375 0,027942892578125 0,320273125 0,02790615625 0,16246224609375 0 0,1605595625 0 0,3183679375
10 0,93359375 0 1 0 1 0,1484375 0,93359375 0,1484375
24 0,8603515625 0 0,9580078125 0 0,9580078125 0,134765625 0,8603515625 0,134765625
0 0,7548828125 0 0,8525390625 0 0,8525390625 0,12109375 0,7548828125 0,12109375
8 0,6826171875 0 0,7783203125 0 0,7783203125 0,109375 0,6826171875 0,109375
8 0,6025390625 0 0,7041015625 0 0,7041015625 0,103515625 0,6025390625 0,103515625
19 0,28998316015625 0,809888646484375 0,290267650390625 0,76003247265625 0,259655193359375 0,7583563046875 0,25978791015625 0,80790387109375 0,28998316015625 0,809888646484375
32 0,264595431640625 0,8108309765625 0,264433029296875 0,758594900390625 0,23714988671875 0,756341826171875 0,236826310546875 0,809366515625 0,264595431640625 0,8108309765625
14 0,241411373046875 0,80991368359375 0,2414863984375 0,756242880859375 0,2119491171875 0,755145796875 0,212439353515625 0,80851193359375 0,241411373046875 0,80991368359375
4 0,2096335546875 0,80609702734375 0,21093970703125 0,7547965546875 0,17924289453125 0,752710603515625 0,180541365234375 0,804657271484375 0,2096335546875 0,80609702734375
6 0,185654021484375 0,80657667578125 0,184141404296875 0,752824015625 0,1566731796875 0,75119232421875 0,1577715234375 0,805573791015625 0,185654021484375 0,80657667578125
5 0,132943279296875 0,75171009765625 0,133854041015625 0,802655220703125 0,1640768828125 0,8038285859375 0,163164513671875 0,753047109375 0,132943279296875 0,75171009765625
44 0,572960069444444 0,692599826388889 0,671310763888889 0,692599826388889 0,671310763888889 0,885872395833333 0,572960069444444 0,885872395833333
44 0,648025173611111 0,691341145833333 0,762348090277778 0,691341145833333 0,762348090277778 0,8927734375 0,648025173611111 0,8927734375
44 0,732486979166667 0,703949652777778 0,838736979166667 0,703949652777778 0,838736979166667 0,899348958333333 0,732486979166667 0,899348958333333
22 0,919921875 0,7109375 1 0,7109375 1 0,91015625 0,919921875 0,91015625
41 0,843684895833333 0,703493923611111 0,942035590277778 0,703493923611111 0,942035590277778 0,896766493055556 0,843684895833333 0,896766493055556