40 0,790119255859375 0,3932372109375 0,81640625 0,246738611328125 0,81640625 0,0009765625 0,70593703515625 0,0009765625 0,66364881640625 0,34628044921875 0,790119255859375 0,3932372109375
41 0,71098017578125 0,004353845703125 0,57747850390625 0,00765780859375 0,53431854296875 0,395357548828125 0,6578564921875 0,390677416015625 0,71098017578125 0,004353845703125
48 0,532324921875 0,3955432890625 0,57745544140625 0,02994185546875 0,42836192578125 0,013799447265625 0,38856383203125 0,3870072734375 0,532324921875 0,3955432890625
4 0,345798943359375 0,403472357421875 0,38431302734375 0,025191634765625 0,24474862109375 0,0246933828125 0,2080353828125 0,38887373828125 0,345798943359375 0,403472357421875
8 0,212490970703125 0,408741951171875 0,251467388671875 0,034944423828125 0,10109296484375 0,03840416796875 0,0660795 0,419384826171875 0,212490970703125 0,408741951171875
6 0 0,433375287109375 0,07075252734375 0,43299340625 0,120095453125 0,041607765625 0 0,04263020703125 0 0,433375287109375
20 0,955078125 0,41015625 1 0,41015625 1 0,556640625 0,955078125 0,556640625
0 0,89271556712963 0,399522569444444 0,971969039351852 0,399522569444444 0,971969039351852 0,551765046296296 0,89271556712963 0,551765046296296
6 0,846752025462963 0,389373553240741 0,927973090277778 0,389373553240741 0,927973090277778 0,543627025462963 0,846752025462963 0,543627025462963
4 0,804716435185185 0,382269965277778 0,880049189814815 0,382269965277778 0,880049189814815 0,532443576388889 0,804716435185185 0,532443576388889
46 0,390256076388889 0,705345775462963 0,461378761574074 0,705345775462963 0,461378761574074 0,814388020833333 0,390256076388889 0,814388020833333
41 0,341362847222222 0,695109953703704 0,41841724537037 0,695109953703704 0,41841724537037 0,814091435185185 0,341362847222222 0,814091435185185
47 0,293438946759259 0,68392650462963 0,370551215277778 0,68392650462963 0,370551215277778 0,810720486111111 0,293438946759259 0,810720486111111
1 0,23685619212963 0,690060763888889 0,309975405092593 0,690060763888889 0,309975405092593 0,80502025462963 0,23685619212963 0,80502025462963
3 0,190892650462963 0,679911747685185 0,262058738425926 0,679911747685185 0,262058738425926 0,794813368055556 0,190892650462963 0,794813368055556
6 0,146990740740741 0,684469039351852 0,218127893518519 0,684469039351852 0,218127893518519 0,795464409722222 0,146990740740741 0,795464409722222