46 0,1041015625 0,141037326388889 0,316558159722222 0,141037326388889 0,316558159722222 0,401801215277778 0,1041015625 0,401801215277778
42 0,201171875 0,17578125 0,341796875 0,17578125 0,341796875 0,421875 0,201171875 0,421875
2 0,609121259765625 0 0,50137995703125 0,01844138671875 0,53054347265625 0,140205455078125 0,88005312109375 0,070931501953125 0,87388702734375 0 0,609121259765625 0
23 0,529042421875 0,302812814453125 0,902512150390625 0,2489351328125 0,868289021484375 0,115398712890625 0,515255001953125 0,162163357421875 0,529042421875 0,302812814453125
52 0,526631234375 0,30536762890625 0,541262822265625 0,41636104296875 0,898550267578125 0,353749822265625 0,88360758203125 0,234574267578125 0,526631234375 0,30536762890625
10 0,5353218984375 0,48828125 0,830989306640625 0,48828125 0,91410845703125 0,47344308203125 0,88401194140625 0,3731529140625 0,5224708203125 0,429101404296875 0,5353218984375 0,48828125
32 0,5358778984375 0,682366359375 0,581503138671875 0,607956033203125 0,52443119140625 0,60357394921875 0,484049203125 0,679250333984375 0,5358778984375 0,682366359375
13 0,568759060546875 0,686157681640625 0,611224619140625 0,613191798828125 0,556575318359375 0,608323818359375 0,51246124609375 0,68154265234375 0,568759060546875 0,686157681640625
19 0,596946455078125 0,69111817578125 0,640802408203125 0,61780683203125 0,584882576171875 0,613657482421875 0,543503484375 0,6860286953125 0,596946455078125 0,69111817578125
4 0,582139756944444 0,619921875 0,679448784722222 0,619921875 0,679448784722222 0,702083333333333 0,582139756944444 0,702083333333333
9 0,610112847222222 0,6265625 0,70546875 0,6265625 0,70546875 0,708637152777778 0,610112847222222 0,708637152777778
5 0,638129340277778 0,632052951388889 0,735438368055556 0,632052951388889 0,735438368055556 0,714214409722222 0,638129340277778 0,714214409722222