46 0 0,227366498046875 0,23401161328125 0,155543326171875 0,207377697265625 0,068163970703125 0 0,122256396484375 0 0,227366498046875
42 0 0,226881849609375 0,02220371875 0,323798138671875 0,2624721875 0,24761544921875 0,234328185546875 0,16046942578125 0 0,2247046484375 0 0,226881849609375
46 0,293886134765625 0,337709373046875 0,2622655 0,24946791796875 0,027189734375 0,309086271484375 0,05305116015625 0,421892751953125 0,293886134765625 0,337709373046875
4 0,05839061328125 0,4697265625 0,337973365234375 0,4697265625 0,348150017578125 0,466569009765625 0,311605060546875 0,376508330078125 0,0531561640625 0,454334572265625 0,05839061328125 0,4697265625
14 0,85484767578125 0,183242021484375 0,826786828125 0,184572466796875 0,85817437109375 0,224119224609375 0,88219391796875 0,22067087890625 0,85484767578125 0,183242021484375
28 0,812079953125 0,185664021484375 0,841880419921875 0,224827546875 0,864406810546875 0,222938345703125 0,835842248046875 0,18563733203125 0,812079953125 0,185664021484375
24 0,794792419921875 0,18652316796875 0,82298822265625 0,227027189453125 0,84852298828125 0,225040412109375 0,820863955078125 0,18658458984375 0,794792419921875 0,18652316796875
7 0,819948650390625 0,22765084765625 0,79666278125 0,18729215625 0,7653832265625 0,188901724609375 0,80329876171875 0,231209548828125 0,819948650390625 0,22765084765625
6 0,74973210546875 0,1918811015625 0,782861193359375 0,234753388671875 0,806904876953125 0,225830861328125 0,771192794921875 0,187023037109375 0,74973210546875 0,1918811015625
16 0,731762130859375 0,19347001171875 0,763499966796875 0,236981232421875 0,787311361328125 0,22910926171875 0,756922216796875 0,188458240234375 0,731762130859375 0,19347001171875
32 0,260850694444444 0,611197916666667 0,505859375 0,611197916666667 0,505859375 0,954586226851852 0,260850694444444 0,954586226851852
33 0,327181986328125 0,965684447265625 0,28175730078125 0,63387067578125 0,13438937890625 0,64166026953125 0,1716016171875 0,98451628125 0,327181986328125 0,965684447265625
20 0,04028771875 1 0,18466437109375 0,98744759375 0,14213262109375 0,6409579296875 0 0,652376638671875 0 0,668560703125 0,013654943359375 1 0,04028771875 1
36 0,718699931640625 0,7673312890625 0,678797720703125 0,771540603515625 0,6699905 0,8519609296875 0,72005065625 0,858136896484375 0,718699931640625 0,7673312890625
12 0,690530234375 0,76496606640625 0,6450114140625 0,7628664609375 0,633951814453125 0,845074970703125 0,685621455078125 0,84801159765625 0,690530234375 0,76496606640625
31 0,6103515625 0,75791213671875 0,6103515625 0,844502560546875 0,648102267578125 0,8450518515625 0,6577201875 0,7623766484375 0,659625625 0,760799609375 0,6103515625 0,75791213671875