10 0,055953265625 0,529296875 0,295498416015625 0,529296875 0,38208046484375 0,497979322265625 0,351391630859375 0,406237259765625 0,04063059375 0,47510034765625 0,055953265625 0,529296875
20 0 0,359002806640625 0,0360098203125 0,474570125 0,344395654296875 0,39872205078125 0,308040650390625 0,24591788671875 0 0,33431138671875 0 0,359002806640625
20 0,3434715 0,398616005859375 0,3054372421875 0,249454830078125 0,003123228515625 0,332712068359375 0,04027276171875 0,472182533203125 0,3434715 0,398616005859375
2 0 0,30306880859375 0,28573507421875 0,187664333984375 0,252565740234375 0,0659878515625 0 0,148259939453125 0 0,30306880859375
8 0,08104912890625 0 0 0,025944978515625 0 0,14320735546875 0,2388527578125 0,07304459375 0,223769478515625 0 0,08104912890625 0
26 0,726910048828125 0 0,70542512109375 0,07948314453125 0,75550148828125 0,08754690625 0,779814849609375 0 0,726910048828125 0
14 0,66895401953125 0 0,651033857421875 0,070151884765625 0,70116141796875 0,079380322265625 0,724049265625 0 0,66895401953125 0
26 0,6108437890625 0 0,595274296875 0,067615962890625 0,64588254296875 0,0730371953125 0,665825982421875 0 0,6108437890625 0
6 0,531190755859375 0 0,52060450390625 0,058275396484375 0,572685046875 0,06347914453125 0,58718084375 0 0,531190755859375 0
2 0,472805947265625 0 0,461088330078125 0,054536037109375 0,518600328125 0,061135408203125 0,5294637890625 0 0,472805947265625 0
9 0,37890625 0,58203125 0,439453125 0,58203125 0,439453125 0,701171875 0,37890625 0,701171875
7 0,332790798611111 0,573025173611111 0,406271701388889 0,573025173611111 0,406271701388889 0,691297743055556 0,332790798611111 0,691297743055556
31 0,717730034722222 0,5611328125 0,7748046875 0,5611328125 0,7748046875 0,6611328125 0,717730034722222 0,6611328125
24 0,6791015625 0,559136284722222 0,732009548611111 0,559136284722222 0,732009548611111 0,653103298611111 0,6791015625 0,653103298611111
31 0,641362847222222 0,5509765625 0,696310763888889 0,5509765625 0,696310763888889 0,646983506944445 0,641362847222222 0,646983506944445
1 0,592035590277778 0,542708333333333 0,641124131944444 0,542708333333333 0,641124131944444 0,638454861111111 0,592035590277778 0,638454861111111
2 0,551236979166667 0,535394965277778 0,608311631944444 0,535394965277778 0,608311631944444 0,635394965277778 0,551236979166667 0,635394965277778
6 0,517578125 0,529296875 0,5703125 0,529296875 0,5703125 0,623046875 0,517578125 0,623046875