22 0 0,119140625 0,125 0,119140625 0,125 0,400390625 0 0,400390625
10 0,0166015625 0,1015625 0,2646484375 0,1015625 0,2646484375 0,400390625 0,0166015625 0,400390625
20 0,1474609375 0,080078125 0,4052734375 0,080078125 0,4052734375 0,400390625 0,1474609375 0,400390625
2 0,3291015625 0,05859375 0,5771484375 0,05859375 0,5771484375 0,400390625 0,3291015625 0,400390625
8 0,4599609375 0,04296875 0,6923828125 0,04296875 0,6923828125 0,400390625 0,4599609375 0,400390625
1 0,5830078125 0,029296875 0,7275390625 0,029296875 0,7275390625 0,392578125 0,5830078125 0,392578125
29 0,880387888671875 0,241648921875 0,831246896484375 0,04376235546875 0,73738415625 0,060452009765625 0,796098359375 0,2532538515625 0,880387888671875 0,241648921875
23 0,96231933203125 0,23834216015625 0,9154276328125 0,034206650390625 0,80820933203125 0,045426255859375 0,85725361328125 0,249300876953125 0,96231933203125 0,23834216015625
15 1 0,027370884765625 0,99960948046875 0,025331359375 0,890070947265625 0,037692138671875 0,939588974609375 0,2390849609375 1 0,2322679296875 1 0,027370884765625
18 0,314098668981481 0,763961226851852 0,399877025462963 0,763961226851852 0,399877025462963 0,841796875 0,314098668981481 0,841796875
23 0,347504340277778 0,761284722222222 0,435235821759259 0,761284722222222 0,435235821759259 0,839192708333333 0,347504340277778 0,839192708333333
35 0,382241030092593 0,753761574074074 0,471824363425926 0,753761574074074 0,471824363425926 0,829788773148148 0,382241030092593 0,829788773148148
6 0,431676793981481 0,747757523148148 0,519104456018519 0,747757523148148 0,519104456018519 0,819806134259259 0,431676793981481 0,819806134259259
9 0,468012152777778 0,741283275462963 0,553689236111111 0,741283275462963 0,553689236111111 0,817165798611111 0,468012152777778 0,817165798611111
6 0,502546296296296 0,735713252314815 0,58822337962963 0,735713252314815 0,58822337962963 0,811595775462963 0,502546296296296 0,811595775462963
29 1 0,64897498828125 0,91393995703125 0,6578043125 0,9722144375 0,83991078125 1 0,836079640625 1 0,64897498828125