30 0,691914794921875 0 0,67212846484375 0,002294083984375 0,701149244140625 0,275588091796875 0,740234375 0,2674925859375 0,740234375 0 0,691914794921875 0
32 0,694270736328125 0,278997595703125 0,669943541015625 0,005936341796875 0,54633437109375 0,026512318359375 0,58135037890625 0,294537484375 0,694270736328125 0,278997595703125
26 0,57695148828125 0,30062070703125 0,54387475 0,029437552734375 0,42311275 0,047475837890625 0,45890816796875 0,316121296875 0,57695148828125 0,30062070703125
4 0,4146764140625 0,3246653515625 0,372369033203125 0,058326376953125 0,264430384765625 0,071036421875 0,30277454296875 0,342258455078125 0,4146764140625 0,3246653515625
4 0,3015213828125 0,34427412890625 0,264685056640625 0,07285821875 0,146470390625 0,093473287109375 0,193168029296875 0,359231052734375 0,3015213828125 0,34427412890625
7 0,185111908203125 0,360684279296875 0,13916800390625 0,10137696875 0,02237662109375 0,12691263671875 0,0949589375 0,3769023359375 0,185111908203125 0,360684279296875
6 0,947265625 0,40625 1 0,40625 1 0,5625 0,947265625 0,5625
5 0,365234375 0,599609375 0,44921875 0,599609375 0,44921875 0,693359375 0,365234375 0,693359375
8 0,431640625 0,599609375 0,509765625 0,599609375 0,509765625 0,685546875 0,431640625 0,685546875
36 0,63671875 0,599609375 0,724609375 0,599609375 0,724609375 0,6640625 0,63671875 0,6640625
4 0,494140625 0,599609375 0,580078125 0,599609375 0,580078125 0,681640625 0,494140625 0,681640625
20 0,57421875 0,599609375 0,662109375 0,599609375 0,662109375 0,671875 0,57421875 0,671875
11 0,8505859375 0,875231481481481 0,8935546875 0,875231481481481 0,8935546875 0,940842013888889 0,8505859375 0,940842013888889
20 0,81640625 0,882103587962963 0,859375 0,882103587962963 0,859375 0,94771412037037 0,81640625 0,94771412037037
13 0,78125 0,887970196759259 0,826171875 0,887970196759259 0,826171875 0,953638599537037 0,78125 0,953638599537037
2 0,736328125 0,89453125 0,77734375 0,89453125 0,77734375 0,962890625 0,736328125 0,962890625