26 0,2470703125 0 0,3994140625 0 0,3994140625 0,181640625 0,2470703125 0,181640625
4 0,0927734375 0 0,2431640625 0 0,2431640625 0,162109375 0,0927734375 0,162109375
4 0 0 0,125 0 0,125 0,146484375 0 0,146484375
27 0,8389236484375 0,467590833984375 0,84105951953125 0,389252986328125 0,805512173828125 0,384991107421875 0,8023077265625 0,46322274609375 0,8389236484375 0,467590833984375
20 0,803866330078125 0,464846451171875 0,80585241015625 0,38707037890625 0,769474189453125 0,382805982421875 0,766043697265625 0,460532390625 0,803866330078125 0,464846451171875
32 0,767074720703125 0,462304765625 0,76976452734375 0,384464908203125 0,732319125 0,380238869140625 0,734140904296875 0,458929130859375 0,767074720703125 0,462304765625
3 0,721423267578125 0,458459154296875 0,721046599609375 0,38162657421875 0,681477849609375 0,377076759765625 0,68413344921875 0,4535146171875 0,721423267578125 0,458459154296875
2 0,68679076171875 0,456953546875 0,684427193359375 0,379372009765625 0,64756834765625 0,375440171875 0,648186625 0,45254283984375 0,68679076171875 0,456953546875
6 0,609391404296875 0,372706970703125 0,613736236328125 0,45080318359375 0,6505673828125 0,453084568359375 0,648300005859375 0,37314491796875 0,609391404296875 0,372706970703125
11 0,94140625 0,4921875 1 0,4921875 1 0,740234375 0,94140625 0,740234375
8 0,811002604166667 0,470442708333333 0,940444155092593 0,470442708333333 0,940444155092593 0,713599537037037 0,811002604166667 0,713599537037037
5 0,7119140625 0,46875 0,8486328125 0,46875 0,8486328125 0,697265625 0,7119140625 0,697265625
5 0,6220703125 0,46875 0,7470703125 0,46875 0,7470703125 0,677734375 0,6220703125 0,677734375