11 0,0625 0,375 0,248046875 0,375 0,248046875 0,48828125 0,0625 0,48828125
11 0,177734375 0,40234375 0,357421875 0,40234375 0,357421875 0,48828125 0,177734375 0,48828125
10 0,287109375 0,419921875 0,455078125 0,419921875 0,455078125 0,48828125 0,287109375 0,48828125
15 0,7282214765625 0,427676482421875 0,7809617421875 0,434995693359375 0,796121982421875 0,375334134765625 0,74126680078125 0,371180244140625 0,7282214765625 0,427676482421875
34 0,756033361328125 0,434888873046875 0,81091170703125 0,442528919921875 0,82619237109375 0,3809039765625 0,77179560546875 0,375988701171875 0,756033361328125 0,434888873046875
20 0,785933443359375 0,4370796484375 0,849335072265625 0,442956626953125 0,858424529296875 0,38548525390625 0,802750513671875 0,381665044921875 0,785933443359375 0,4370796484375
1 0,834797138671875 0,443484591796875 0,889014765625 0,449221537109375 0,8974761328125 0,392385609375 0,840328876953125 0,38771673828125 0,834797138671875 0,443484591796875
0 0,862978162109375 0,447814849609375 0,921116595703125 0,45421879296875 0,930622498046875 0,39857062109375 0,873153578125 0,393271107421875 0,862978162109375 0,447814849609375
1 0,895869134765625 0,453958251953125 0,949561396484375 0,462800654296875 0,958699388671875 0,40183784375 0,905026322265625 0,39822669921875 0,895869134765625 0,453958251953125
36 0,017578125 0,962890625 0,08203125 0,962890625 0,08203125 1 0,017578125 1
31 0 0,955078125 0,0546875 0,955078125 0,0546875 1 0 1
3 0,046875 0,966796875 0,12109375 0,966796875 0,12109375 1 0,046875 1
2 0,07421875 0,9765625 0,146484375 0,9765625 0,146484375 1 0,07421875 1
5 0,1015625 0,982421875 0,169921875 0,982421875 0,169921875 1 0,1015625 1
1 0,380859375 0,896484375 0,455078125 0,896484375 0,455078125 0,966796875 0,380859375 0,966796875
9 0,41015625 0,8984375 0,455078125 0,8984375 0,455078125 0,9765625 0,41015625 0,9765625
22 0,423828125 0,630859375 0,482421875 0,630859375 0,482421875 0,86328125 0,423828125 0,86328125
10 0,423828125 0,646484375 0,572265625 0,646484375 0,572265625 0,875 0,423828125 0,875
7 0,54252025462963 0,663107638888889 0,694603587962963 0,663107638888889 0,694603587962963 0,894270833333333 0,54252025462963 0,894270833333333
8 0,636140046296296 0,682769097222222 0,79212962962963 0,682769097222222 0,79212962962963 0,914019097222222 0,636140046296296 0,914019097222222
4 0,732718460648148 0,698589409722222 0,884801793981482 0,698589409722222 0,884801793981482 0,929752604166667 0,732718460648148 0,929752604166667