6 0,3046875 0,408203125 0,3046875 0,291103443359375 0,213087302734375 0,291266873046875 0,22124699609375 0,408203125 0,3046875 0,408203125
7 0,226734240234375 0,408203125 0,220095578125 0,292143140625 0,0972520859375 0,29243180078125 0,10971914453125 0,408203125 0,226734240234375 0,408203125
28 1 0,08418938671875 0,87992477734375 0,08482580859375 0,872403203125 0,306273025390625 0,988421380859375 0,310361677734375 1 0,09022356640625 1 0,08418938671875
23 0,88581454296875 0,30934473828125 0,892312955078125 0,089859783203125 0,7736583515625 0,08842477734375 0,783581658203125 0,30976893359375 0,88581454296875 0,30934473828125
23 0,673538773148148 0,0924045138888889 0,797960069444444 0,0924045138888889 0,797960069444444 0,308000578703704 0,673538773148148 0,308000578703704
5 0,638169333984375 0,09168155078125 0,52523644140625 0,08640358984375 0,557171666015625 0,301519376953125 0,662163046875 0,308085689453125 0,638169333984375 0,09168155078125
9 0,572075095703125 0,3082175 0,52998046484375 0,08960183984375 0,42835266796875 0,085082142578125 0,461096029296875 0,30514929296875 0,572075095703125 0,3082175
7 0,435555982421875 0,08032503125 0,32317796484375 0,086822419921875 0,383340240234375 0,324374072265625 0,468432333984375 0,309942369140625 0,435555982421875 0,08032503125
4 0,1796875 0,408203125 0,3046875 0,408203125 0,3046875 0,603515625 0,1796875 0,603515625
8 0,044921875 0,408203125 0,20703125 0,408203125 0,20703125 0,60546875 0,044921875 0,60546875
5 0 0,408203125 0,076171875 0,408203125 0,076171875 0,595703125 0 0,595703125
29 0,628530092592593 0,574334490740741 0,663831018518519 0,574334490740741 0,663831018518519 0,652604166666667 0,628530092592593 0,652604166666667
24 0,611928530092593 0,574211516203704 0,645276331018519 0,574211516203704 0,645276331018519 0,652466724537037 0,611928530092593 0,652466724537037
14 0,594451678240741 0,57603443287037 0,629752604166667 0,57603443287037 0,629752604166667 0,654304108796296 0,594451678240741 0,654304108796296
1 0,570088252314815 0,576830150462963 0,603334780092593 0,576830150462963 0,603334780092593 0,653132233796296 0,570088252314815 0,653132233796296
1 0,554412615740741 0,575737847222222 0,587659143518519 0,575737847222222 0,587659143518519 0,652039930555556 0,554412615740741 0,652039930555556
1 0,537811053240741 0,575614872685185 0,573111979166667 0,575614872685185 0,573111979166667 0,653884548611111 0,537811053240741 0,653884548611111