48 0,396430736328125 0 0,4697265625 0,3008834609375 0,4697265625 0 0,396430736328125 0
20 0,2961095234375 0 0,35483059375 0,31640430859375 0,46865014453125 0,318900708984375 0,40946576953125 0 0,2961095234375 0
1 0,122763447265625 0 0,180322291015625 0,3592564140625 0,3117367421875 0,344635984375 0,244625904296875 0 0,122763447265625 0
5 0,108499380859375 0 0,02044858203125 0,014424013671875 0,073716232421875 0,371499953125 0,200344701171875 0,371260380859375 0,130288978515625 0 0,108499380859375 0
5 0 0,351546939453125 0,084709576171875 0,39078840234375 0,016899419921875 0,020614111328125 0 0,022586427734375 0 0,351546939453125
28 0,83984375 0 1 0 1 0,232421875 0,83984375 0,232421875
20 0,7431640625 0 0,8994140625 0 0,8994140625 0,25 0,7431640625 0,25
23 0,6240234375 0 0,7998046875 0 0,7998046875 0,279296875 0,6240234375 0,279296875
5 0,488324652777778 0,0150824652777779 0,657769097222222 0,0150824652777779 0,657769097222222 0,317672164351852 0,488324652777778 0,317672164351852
4 0,4677734375 0,04296875 0,5517578125 0,04296875 0,5517578125 0,349609375 0,4677734375 0,349609375
44 0,2216796875 0,458984375 0,3740234375 0,458984375 0,3740234375 0,609375 0,2216796875 0,609375
44 0,1337890625 0,458984375 0,2841796875 0,458984375 0,2841796875 0,625 0,1337890625 0,625
44 0,3115234375 0,458984375 0,4697265625 0,458984375 0,4697265625 0,58203125 0,3115234375 0,58203125
26 1 0,458984375 0,888340330078125 0,458984375 0,987508185546875 0,81011756640625 1 0,80798033984375 1 0,458984375
16 0,76722712109375 0,458984375 0,8629159140625 0,83185140234375 0,981544025390625 0,80852394921875 0,884361810546875 0,458984375 0,76722712109375 0,458984375
33 0,63154995703125 0,458984375 0,7447416953125 0,84753221875 0,85986451953125 0,830790734375 0,762303099609375 0,458984375 0,63154995703125 0,458984375
2 0,4677734375 0,480327966796875 0,4677734375 0,50890771875 0,563006013671875 0,880731525390625 0,694183453125 0,856665564453125 0,580186119140625 0,466453884765625 0,4677734375 0,480327966796875
8 0,55949033203125 0,881730919921875 0,4677734375 0,531710166015625 0,4677734375 0,901034556640625 0,55949033203125 0,881730919921875