30 0,404296875 0 0,5390625 0 0,5390625 0,17578125 0,404296875 0,17578125
20 0,291015625 0 0,4296875 0 0,4296875 0,17578125 0,291015625 0,17578125
1 0,134765625 0 0,26953125 0 0,26953125 0,169921875 0,134765625 0,169921875
5 0,021484375 0 0,162109375 0 0,162109375 0,158203125 0,021484375 0,158203125
10 0,34369807421875 0,44921875 0,3211187734375 0,576136544921875 0,3996145546875 0,560815494140625 0,413790521484375 0,44921875 0,34369807421875 0,44921875
11 0,3611954921875 0,44921875 0,2789386640625 0,44921875 0,269622986328125 0,512540111328125 0,259811791015625 0,5879090078125 0,337953623046875 0,57961717578125 0,3611954921875 0,44921875
30 0,297835216796875 0,44921875 0,27921522265625 0,44921875 0,20299767578125 0,46624819140625 0,19703898046875 0,616780369140625 0,281081322265625 0,600392625 0,297835216796875 0,44921875
0 0,19143141015625 0,62876146484375 0,199899044921875 0,48020825390625 0,112612109375 0,49694426171875 0,099839048828125 0,6559477734375 0,19143141015625 0,62876146484375
0 0,12648391015625 0,654855482421875 0,131065171875 0,499633333984375 0,039739375 0,513987763671875 0,032882291015625 0,6792968359375 0,12648391015625 0,654855482421875
4 0 0,69170530078125 0,05984798046875 0,67780193359375 0,053152220703125 0,534506208984375 0 0,53824328515625 0 0,69170530078125
38 0,9375 0,505859375 1 0,505859375 1 0,64453125 0,9375 0,64453125
1 0,8671875 0,5126953125 0,94140625 0,5126953125 0,94140625 0,6435546875 0,8671875 0,6435546875
3 0,802734375 0,5146484375 0,892578125 0,5146484375 0,892578125 0,6494140625 0,802734375 0,6494140625
7 0,7451171875 0,509765625 0,8251953125 0,509765625 0,8251953125 0,646484375 0,7451171875 0,646484375