0 0,428995107421875 0,19371215625 0,429695283203125 0,18878365625 0,48011031640625 0,230992037109375 0,4970703125 0,21049876171875 0,4970703125 0,10132741796875 0,2890481640625 0,005859375 0,232059626953125 0,005859375 0,17568588671875 0,074951654296875 0,428995107421875 0,19371215625
8 0,187883740234375 0,1001594609375 0,118314607421875 0,180890232421875 0,427588005859375 0,3254422265625 0,492434689453125 0,236766376953125 0,187883740234375 0,1001594609375
2 0,120780984375 0,19257684375 0,060323994140625 0,292165185546875 0,35412827734375 0,443494421875 0,435063408203125 0,34337133984375 0,120780984375 0,19257684375
23 0 0,464291939453125 0,268606435546875 0,583984375 0,29548787109375 0,583984375 0,364539095703125 0,472757009765625 0,057216439453125 0,340308380859375 0 0,409086482421875 0 0,464291939453125
52 0 0,57966223046875 0,00951304296875 0,583984375 0,27587223046875 0,583984375 0 0,4508380625 0 0,57966223046875
31 0,3951490703125 0,921742642578125 0,46432276171875 0,601411490234375 0,3255271015625 0,61713714453125 0,298020234375 0,93846697265625 0,3951490703125 0,921742642578125
21 0,359339396484375 0,62673739453125 0,236318251953125 0,633690046875 0,165977029296875 0,994140625 0,1801151640625 0,994140625 0,318495154296875 0,95670851953125 0,359339396484375 0,62673739453125
16 0,103836140625 0,6721706953125 0,068147248046875 0,994140625 0,201813599609375 0,994140625 0,24945205078125 0,660786314453125 0,103836140625 0,6721706953125
9 0 0,994140625 0,03718822265625 0,994140625 0,085903009765625 0,7084393984375 0 0,715396783203125 0 0,994140625
16 0,83984375 0,861328125 1 0,861328125 1 0,994140625 0,83984375 0,994140625
24 0,6240234375 0,837890625 0,8427734375 0,837890625 0,8427734375 0,994140625 0,6240234375 0,994140625
29 0,4912109375 0,814453125 0,6943359375 0,814453125 0,6943359375 0,994140625 0,4912109375 0,994140625
10 0,4599609375 0,80078125 0,5673828125 0,80078125 0,5673828125 0,994140625 0,4599609375 0,994140625