52 0,012868826171875 0 0,28320855078125 0,161748533203125 0,2841796875 0,160103419921875 0,2841796875 0,014103310546875 0,26096653125 0 0,012868826171875 0
23 0 0 0 0,15056442578125 0,1923599921875 0,273320849609375 0,26788158203125 0,148639544921875 0,02743976171875 0 0 0
2 0 0,3270779375 0,103071310546875 0,40052480078125 0,163345779296875 0,296603060546875 0 0,19713212890625 0 0,3270779375
8 0 0,4746879375 0,030692181640625 0,493122583984375 0,102239810546875 0,4089760859375 0 0,345221974609375 0 0,4746879375
28 0,49571175 0,309787185546875 0,51171394921875 0,276257669921875 0,49559562890625 0,270677435546875 0,47958510546875 0,304202669921875 0,49571175 0,309787185546875
15 0,50754003125 0,314357349609375 0,52382820703125 0,280974533203125 0,506214634765625 0,27600789453125 0,491112197265625 0,3092074296875 0,50754003125 0,314357349609375
29 0,519748625 0,320092291015625 0,53622451953125 0,286129390625 0,51843635546875 0,2802534609375 0,5023312734375 0,315082919921875 0,519748625 0,320092291015625
2 0,52047945703125 0,323321453125 0,5427251875 0,332277099609375 0,5455853515625 0,31513034375 0,556677537109375 0,295397974609375 0,53691941015625 0,29071530859375 0,530973416015625 0,310857298828125 0,52047945703125 0,323321453125
5 0,553792720703125 0,336847263671875 0,56937602734375 0,29997275 0,55102188671875 0,294425787109375 0,53572947265625 0,331108806640625 0,553792720703125 0,336847263671875
13 0,569008763671875 0,343468306640625 0,583623419921875 0,307027619140625 0,56342275 0,300310224609375 0,54793657421875 0,3384435625 0,569008763671875 0,343468306640625
10 0 0,833984375 0,025390625 0,833984375 0,025390625 0,974609375 0 0,974609375
6 0,0293619791666668 0,836501736111111 0,0919632523148148 0,836501736111111 0,0919632523148148 0,976678240740741 0,0293619791666668 0,976678240740741
1 0,0752748842592592 0,836176215277778 0,136009837962963 0,836176215277778 0,136009837962963 0,982154224537037 0,0752748842592592 0,982154224537037
5 0,117296006944444 0,836769386574074 0,181908275462963 0,836769386574074 0,181908275462963 0,980910011574074 0,117296006944444 0,980910011574074
25 0,390158845703125 0,62890625 0,2744140625 0,62890625 0,2744140625 0,84734623046875 0,281377927734375 0,910045546875 0,400275126953125 0,895339921875 0,390158845703125 0,62890625
15 0,3720703125 0,62890625 0,5205078125 0,62890625 0,5205078125 0,90234375 0,3720703125 0,90234375
10 0,5107421875 0,62890625 0,6552734375 0,62890625 0,6552734375 0,91015625 0,5107421875 0,91015625
2 0,6787109375 0,62890625 0,8251953125 0,62890625 0,8251953125 0,91015625 0,6787109375 0,91015625
7 0,8056640625 0,62890625 0,9521484375 0,62890625 0,9521484375 0,908203125 0,8056640625 0,908203125
0 1 0,62890625 0,940603046875 0,62890625 0,93201421875 0,90376156640625 1 0,9077830078125 1 0,62890625