23 0,3674975078125 0 0,351709982421875 0,197857814453125 0,479841671875 0,202337056640625 0,49163047265625 0 0,3674975078125 0
2 0,19708321875 0 0,18854454296875 0,1857267421875 0,312427416015625 0,18370595703125 0,317669193359375 0 0,19708321875 0
8 0,08136878515625 0 0,07223528125 0,17779540625 0,187663560546875 0,1856307578125 0,195674505859375 0 0,08136878515625 0
0 0 0 0 0,17434108984375 0,0667286640625 0,178807458984375 0,074646880859375 0 0 0
46 0,690263310185185 0,221846064814815 0,789019097222222 0,221846064814815 0,789019097222222 0,376793981481481 0,690263310185185 0,376793981481481
36 0,632414641203704 0,221332465277778 0,723705150462963 0,221332465277778 0,723705150462963 0,381734664351852 0,632414641203704 0,381734664351852
20 0,567845775462963 0,222923900462963 0,655577256944444 0,222923900462963 0,655577256944444 0,388982928240741 0,567845775462963 0,388982928240741
9 0,5185546875 0,21875 0,5751953125 0,21875 0,5751953125 0,3828125 0,5185546875 0,3828125
21 0,4638671875 0,67578125 0,5205078125 0,67578125 0,5205078125 0,958984375 0,4638671875 0,958984375
18 0,354665798611111 0,665928819444444 0,491616030092593 0,665928819444444 0,491616030092593 0,939684606481481 0,354665798611111 0,939684606481481
9 0,182146990740741 0,646332465277778 0,341276041666667 0,646332465277778 0,341276041666667 0,932921006944444 0,182146990740741 0,932921006944444
6 0,0706958912037037 0,633702256944444 0,225571469907407 0,633702256944444 0,225571469907407 0,914228877314815 0,0706958912037037 0,914228877314815
3 0 0,623046875 0,111328125 0,623046875 0,111328125 0,908203125 0 0,908203125