3 0,5458984375 0,0830317890625 0,492292556640625 0,07922516796875 0,4747065234375 0,156278814453125 0,5458984375 0,161895560546875 0,5458984375 0,0830317890625
4 0,5458984375 0,156691546875 0,474741724609375 0,1503560546875 0,4626731640625 0,2173886796875 0,5458984375 0,22420978515625 0,5458984375 0,156691546875
5 0,5458984375 0,217849923828125 0,46015028125 0,211250095703125 0,4457562578125 0,27664719921875 0,5458984375 0,28726405078125 0,5458984375 0,217849923828125
12 0,4334571484375 0 0,40534797265625 0,137334939453125 0,474279697265625 0,15151862890625 0,50821101171875 0 0,4334571484375 0
44 0,794921875 0 0,921875 0 0,921875 0,13671875 0,794921875 0,13671875
44 0,71484375 0 0,84765625 0 0,84765625 0,138671875 0,71484375 0,138671875
40 0,53125 0 0,654296875 0 0,654296875 0,1171875 0,53125 0,1171875
29 0,2216796875 0,4775390625 0,2646484375 0,4775390625 0,2646484375 0,5224609375 0,2216796875 0,5224609375
25 0,2431640625 0,4775390625 0,2900390625 0,4775390625 0,2900390625 0,5244140625 0,2431640625 0,5244140625
14 0,2685546875 0,4775390625 0,3173828125 0,4775390625 0,3173828125 0,5283203125 0,2685546875 0,5283203125
6 0,3017578125 0,4775390625 0,3505859375 0,4775390625 0,3505859375 0,5302734375 0,3017578125 0,5302734375
8 0,3291015625 0,4775390625 0,3740234375 0,4775390625 0,3740234375 0,5322265625 0,3291015625 0,5322265625
2 0,3525390625 0,4775390625 0,3994140625 0,4775390625 0,3994140625 0,5341796875 0,3525390625 0,5341796875
28 0,571014178240741 0,693648726851852 0,731315104166667 0,693648726851852 0,731315104166667 0,974320023148148 0,571014178240741 0,974320023148148
34 0,68581845703125 0,96359554296875 0,77954420703125 0,969695080078125 0,853055677734375 0,72487834375 0,720298916015625 0,710691060546875 0,68581845703125 0,96359554296875
19 0,90665285546875 0,986895708984375 0,94613702734375 0,731596509765625 0,840100734375 0,725749994140625 0,776092681640625 0,97000548828125 0,90665285546875 0,986895708984375
7 1 0,737797865234375 0,97630774609375 0,73675191796875 0,93848580859375 0,98980500390625 1 0,994947837890625 1 0,737797865234375