14 0 0,13671875 0,146484375 0,13671875 0,146484375 0,439453125 0 0,439453125
6 0,157798032407407 0,148307291666667 0,317621527777778 0,148307291666667 0,317621527777778 0,444270833333333 0,157798032407407 0,444270833333333
1 0,290089699074074 0,160026041666667 0,43314525462963 0,160026041666667 0,43314525462963 0,471223958333333 0,290089699074074 0,471223958333333
7 0,5048828125 0,175151783203125 0,425722068359375 0,17459165234375 0,449270044921875 0,46832346875 0,5048828125 0,466271279296875 0,5048828125 0,175151783203125
4 0,7031431796875 0,450237701171875 0,671036806640625 0,084546177734375 0,556905599609375 0,0849121953125 0,577737107421875 0,429605828125 0,7031431796875 0,450237701171875
6 0,84269705859375 0,44744703125 0,8009748515625 0,072034798828125 0,674648791015625 0,08840740625 0,705828439453125 0,448487763671875 0,84269705859375 0,44744703125
7 0,933315669921875 0,45040017578125 0,939131087890625 0,09649704296875 0,804215921875 0,10168433984375 0,843637626953125 0,442961244140625 0,933315669921875 0,45040017578125
30 0,0146484375 0,8369140625 0,1826171875 0,8369140625 0,1826171875 0,9990234375 0,0146484375 0,9990234375
2 0,1884765625 0,8388671875 0,3544921875 0,8388671875 0,3544921875 0,9990234375 0,1884765625 0,9990234375
2 0,3115234375 0,8271484375 0,4794921875 0,8271484375 0,4794921875 0,9990234375 0,3115234375 0,9990234375
4 0,4384765625 0,8310546875 0,5048828125 0,8310546875 0,5048828125 0,9990234375 0,4384765625 0,9990234375
30 0,861754918981481 0,796115451388889 0,923763020833333 0,796115451388889 0,923763020833333 0,898719618055556 0,861754918981481 0,898719618055556
10 0,904673032407407 0,79609375 0,962774884259259 0,79609375 0,962774884259259 0,898611111111111 0,904673032407407 0,898611111111111
26 0,9453125 0,79296875 1 0,79296875 1 0,896484375 0,9453125 0,896484375