5 0,423828125 0,3515625 0,501953125 0,3515625 0,501953125 0,51953125 0,423828125 0,51953125
4 0,370891203703704 0,354275173611111 0,443547453703704 0,354275173611111 0,443547453703704 0,513953993055555 0,370891203703704 0,513953993055555
3 0,299660011574074 0,354644097222222 0,383948206018519 0,354644097222222 0,383948206018519 0,508723958333333 0,299660011574074 0,508723958333333
12 0,208796296296296 0,351649305555556 0,293142361111111 0,351649305555556 0,293142361111111 0,509635416666667 0,208796296296296 0,509635416666667
47 0,150188078703704 0,351323784722222 0,218909143518519 0,351323784722222 0,218909143518519 0,508962673611111 0,150188078703704 0,508962673611111
12 0,0838831018518519 0,348871527777778 0,156423611111111 0,348871527777778 0,156423611111111 0,500737847222222 0,0838831018518519 0,500737847222222
26 0,19372398828125 0,7160837421875 0,263270638671875 0,7132985234375 0,250886736328125 0,5543780234375 0,183322779296875 0,5529499609375 0,19372398828125 0,7160837421875
15 0,329902572265625 0,7087000546875 0,325315056640625 0,541434494140625 0,250829916015625 0,5508030859375 0,261161287109375 0,7187976640625 0,329902572265625 0,7087000546875
34 0,39599451171875 0,7107867109375 0,404934619140625 0,53712007421875 0,32567433203125 0,54577943359375 0,33403941796875 0,71677232421875 0,39599451171875 0,7107867109375
4 0,49616684765625 0,7081430234375 0,49921499609375 0,543470384765625 0,42283889453125 0,54732923828125 0,421286953125 0,708385953125 0,49616684765625 0,7081430234375
23 0,498046875 0,947074875 0,585737330078125 0,94654313671875 0,584630912109375 0,632447830078125 0,498046875 0,6293922109375 0,498046875 0,947074875
2 0,745604005859375 0,94819226171875 0,73289298828125 0,624329052734375 0,618915109375 0,63709921484375 0,614179345703125 0,947261986328125 0,745604005859375 0,94819226171875
8 0,7517528359375 0,942695171875 0,85953678515625 0,9564378984375 0,864538494140625 0,629149576171875 0,7368349453125 0,634012388671875 0,7517528359375 0,942695171875
0 0,852259751953125 0,9373249375 0,977813740234375 0,943836875 0,980357966796875 0,648854533203125 0,856737591796875 0,64428771875 0,852259751953125 0,9373249375