21 0,88671875 0 1 0 1 0,173828125 0,88671875 0,173828125
15 0,7900390625 0,0009765625 0,9169921875 0,0009765625 0,9169921875 0,1611328125 0,7900390625 0,1611328125
11 0,6982421875 0,0009765625 0,8212890625 0,0009765625 0,8212890625 0,1474609375 0,6982421875 0,1474609375
6 0,5498046875 0,0009765625 0,6904296875 0,0009765625 0,6904296875 0,1240234375 0,5498046875 0,1240234375
4 0,4658203125 0,0009765625 0,5830078125 0,0009765625 0,5830078125 0,1162109375 0,4658203125 0,1162109375
5 0,3701171875 0,0009765625 0,4951171875 0,0009765625 0,4951171875 0,1201171875 0,3701171875 0,1201171875
17 0,163490232421875 0,8635250234375 0,1745865390625 0,722755876953125 0,104358515625 0,704207068359375 0,086884255859375 0,851916548828125 0,163490232421875 0,8635250234375
32 0,10146501953125 0,844124390625 0,11794638671875 0,70199270703125 0,0508894609375 0,68460177734375 0,037755216796875 0,826456791015625 0,10146501953125 0,844124390625
28 0 0,8172476640625 0,052976173828125 0,824966794921875 0,0630247734375 0,684085328125 0 0,673056740234375 0 0,8172476640625
0 0,595377604166667 0,600802951388889 0,75494068287037 0,600802951388889 0,75494068287037 0,789735243055556 0,595377604166667 0,789735243055556
42 0,91608066796875 0,54727773828125 0,91358301953125 0,5547331640625 0,8430137578125 0,557097033203125 0,915860625 0,724089712890625 0,982505953125 0,705741359375 0,91608066796875 0,54727773828125
52 0,8554148046875 0,5594077734375 0,791377275390625 0,571840876953125 0,872395107421875 0,74459463671875 0,9347980078125 0,7304119140625 0,8554148046875 0,5594077734375
38 0,8007720390625 0,575291052734375 0,734689318359375 0,590579857421875 0,81405326953125 0,761594697265625 0,87835959375 0,746091048828125 0,8007720390625 0,575291052734375
6 0,794357298828125 0,751621076171875 0,7325336484375 0,600077275390625 0,65760890234375 0,608140390625 0,73539055859375 0,7631475703125 0,794357298828125 0,751621076171875
4 0,681605240234375 0,781372435546875 0,607110248046875 0,622135076171875 0,55327595703125 0,63124343359375 0,629577451171875 0,79069540625 0,681605240234375 0,781372435546875