26 0 0,208315365234375 0,041272466796875 0,367023357421875 0,148354365234375 0,347501623046875 0,087906232421875 0,13317618359375 0 0,152442568359375 0 0,208315365234375
3 0,271887673828125 0,326015306640625 0,2310114609375 0,1194256796875 0,121377818359375 0,135039712890625 0,173594732421875 0,34117755859375 0,271887673828125 0,326015306640625
0 0,267239037109375 0,324611533203125 0,369822431640625 0,308721732421875 0,3297013203125 0,11114041796875 0,222325533203125 0,11933961328125 0,224300517578125 0,120053119140625 0,267239037109375 0,324611533203125
6 0,4375 0,298906916015625 0,4375 0,13287768359375 0,428814990234375 0,089899935546875 0,323307021484375 0,11154856640625 0,36414155078125 0,3087655390625 0,4375 0,298906916015625
27 0,60862702734375 0,30906987890625 0,637196126953125 0,285146349609375 0,569613755859375 0,236399185546875 0,5407755703125 0,257474537109375 0,60862702734375 0,30906987890625
20 0,632908806640625 0,284002298828125 0,66375915625 0,25712155859375 0,598910458984375 0,20789060546875 0,565928671875 0,233316390625 0,632908806640625 0,284002298828125
32 0,659770384765625 0,257428447265625 0,687560056640625 0,233626748046875 0,62405673046875 0,18232042578125 0,59242760546875 0,206760970703125 0,659770384765625 0,257428447265625
3 0,6988174375 0,22474410546875 0,7218188203125 0,203156416015625 0,661326974609375 0,145860228515625 0,62624240234375 0,172360171875 0,6988174375 0,22474410546875
2 0,7188772734375 0,203967123046875 0,752383185546875 0,176639216796875 0,685008095703125 0,125215130859375 0,656231232421875 0,144871658203125 0,7188772734375 0,203967123046875
6 0,745896458984375 0,1773206484375 0,775116005859375 0,153340306640625 0,712748095703125 0,09720793359375 0,68864340625 0,11636794921875 0,745896458984375 0,1773206484375
43 0 0,576171875 0,0859375 0,576171875 0,0859375 0,869140625 0 0,869140625
52 0 0,5390625 0,185546875 0,5390625 0,185546875 0,837890625 0 0,837890625
42 0,109375 0,5400390625 0,287109375 0,5400390625 0,287109375 0,8076171875 0,109375 0,8076171875
1 0,23828125 0,5400390625 0,4140625 0,5400390625 0,4140625 0,7626953125 0,23828125 0,7626953125
9 0,330078125 0,5400390625 0,4375 0,5400390625 0,4375 0,7333984375 0,330078125 0,7333984375
11 0,645319482421875 0,91141647265625 0,613785587890625 0,70165798046875 0,521426736328125 0,711375568359375 0,553022095703125 0,9244358125 0,645319482421875 0,91141647265625
25 0,72805470703125 0,896230859375 0,69713617578125 0,682172919921875 0,59907605078125 0,698801802734375 0,63621592578125 0,9150664609375 0,72805470703125 0,896230859375
25 0,80800246875 0,8765585859375 0,778430248046875 0,668916626953125 0,683452150390625 0,682424765625 0,714148375 0,8948378125 0,80800246875 0,8765585859375
2 0,933225283203125 0,857616490234375 0,8930269140625 0,651987396484375 0,799926091796875 0,663658365234375 0,82680740625 0,870011302734375 0,933225283203125 0,857616490234375
7 1 0,752429166015625 0,98410326953125 0,626215962890625 0,883918193359375 0,651406279296875 0,916767185546875 0,8576863359375 1 0,843682970703125 1 0,752429166015625