22 0,46698948046875 0,23122160546875 0,410867306640625 0,0193892421875 0,289633185546875 0,0359193359375 0,34530233984375 0,253277408203125 0,46698948046875 0,23122160546875
10 0,36583844140625 0,262423431640625 0,303875931640625 0,038896201171875 0,207631005859375 0,056061337890625 0,24379302734375 0,2758855859375 0,36583844140625 0,262423431640625
26 0,27105537890625 0,269507787109375 0,22306658203125 0,06069497265625 0,102907884765625 0,07416273828125 0,14358941796875 0,29482047265625 0,27105537890625 0,269507787109375
3 0 0,2476763984375 0,01661480859375 0,31351540625 0,14649676171875 0,294862232421875 0,08542668359375 0,080725419921875 0 0,08561864453125 0 0,2476763984375
8 1 0 0,909004423828125 0 0,93865375390625 0,083078619140625 1 0,075011439453125 1 0
3 0,84681051953125 0 0,875743244140625 0,09464421875 0,963255064453125 0,084924 0,942655181640625 0 0,84681051953125 0
9 0,773386130859375 0 0,800417572265625 0,10370694921875 0,900130837890625 0,094407419921875 0,873995466796875 0 0,773386130859375 0
19 0,386314791015625 0,96919860546875 0,3717613671875 0,898675552734375 0,3079861015625 0,902936375 0,325112015625 0,972419759765625 0,386314791015625 0,96919860546875
15 0,3313414921875 0,902464265625 0,2741186171875 0,907054603515625 0,291495095703125 0,9774663515625 0,350277634765625 0,974337181640625 0,3313414921875 0,902464265625
25 0,298420873046875 0,907493814453125 0,237704861328125 0,912791560546875 0,257792638671875 0,98096887890625 0,315706046875 0,977020990234375 0,298420873046875 0,907493814453125
4 0,247952595703125 0,913531826171875 0,188254958984375 0,918177208984375 0,20642532421875 0,988248888671875 0,2663792734375 0,983051326171875 0,247952595703125 0,913531826171875
7 0,21339918359375 0,917401306640625 0,153200423828125 0,922229615234375 0,174169267578125 0,991845552734375 0,228990958984375 0,987254951171875 0,21339918359375 0,917401306640625
0 0,178027818359375 0,92185931640625 0,117662615234375 0,92760237109375 0,135408755859375 0,99736949609375 0,1955164140625 0,99217799609375 0,178027818359375 0,92185931640625
2 0,94140625 0,384765625 1 0,384765625 1 0,50390625 0,94140625 0,50390625
7 0,898654513888889 0,391427951388889 0,996672453703704 0,391427951388889 0,996672453703704 0,514923321759259 0,898654513888889 0,514923321759259
5 0,854962384259259 0,398589409722222 0,952907986111111 0,398589409722222 0,952907986111111 0,520131655092593 0,854962384259259 0,520131655092593