42 0 0,24789450390625 0,01841802734375 0,28472233203125 0,124939068359375 0,25729569921875 0,0353776640625 0,033856689453125 0 0,037800482421875 0 0,24789450390625
46 0,13457275 0,00641167578125 0,02501441015625 0,0267249375 0,116226876953125 0,270255875 0,228083080078125 0,246572818359375 0,13457275 0,00641167578125
10 0,14847408203125 0 0,130621751953125 0,002272615234375 0,20990762109375 0,24450263671875 0,332171470703125 0,22093159375 0,229991912109375 0 0,14847408203125 0
1 0,25621862109375 0 0,33876339453125 0,21777666015625 0,465489736328125 0,19588629296875 0,38439700390625 0 0,25621862109375 0
3 0,37224133203125 0 0,457696291015625 0,200351544921875 0,4892578125 0,195015626953125 0,4892578125 0 0,37224133203125 0
17 0,818881369140625 0 0,801300005859375 0,241469876953125 0,941915287109375 0,2491773046875 0,9685466875 0 0,818881369140625 0
48 0,71001472265625 0 0,6960486015625 0,218847193359375 0,8427667578125 0,212924271484375 0,858182916015625 0 0,71001472265625 0
20 0,607364599609375 0 0,583333533203125 0,1889511328125 0,7249811953125 0,2187425390625 0,752801173828125 0 0,607364599609375 0
1 0,4482421875 0 0,4482421875 0,1969127734375 0,56632706640625 0,2077387890625 0,591810091796875 0 0,4482421875 0
23 0,932877607421875 0,91131344921875 0,981218443359375 0,599487568359375 0,811923603515625 0,59258054296875 0,77113805859375 0,9113010859375 0,932877607421875 0,91131344921875
13 0,805295001953125 0,917836466796875 0,841369517578125 0,608456509765625 0,66802887890625 0,60019727734375 0,650159328125 0,90987607421875 0,805295001953125 0,917836466796875
11 0,681951658203125 0,91272187109375 0,712591125 0,60696635546875 0,547900013671875 0,604246646484375 0,51790103125 0,9018819296875 0,681951658203125 0,91272187109375
5 0,4482421875 0,9130568125 0,512549142578125 0,911850615234375 0,522294830078125 0,61086944921875 0,4482421875 0,610494 0,4482421875 0,9130568125