2 0,5048828125 0,04094746875 0,4384608984375 0,042957837890625 0,43134183203125 0,261140912109375 0,5048828125 0,255954533203125 0,5048828125 0,04094746875
9 0,444164060546875 0,268577359375 0,44273843359375 0,050794126953125 0,333194533203125 0,06127134765625 0,35575454296875 0,2663176328125 0,444164060546875 0,268577359375
4 0,344802603515625 0,058374849609375 0,34621301171875 0,058142578125 0,25985317578125 0,052829109375 0,252321810546875 0,272548521484375 0,36954866015625 0,27074859765625 0,344802603515625 0,058374849609375
34 0,745388974609375 0,214159513671875 0,710453775390625 0,215228271484375 0,722587517578125 0,2758266953125 0,742171623046875 0,275276 0,745388974609375 0,214159513671875
10 0,725548359375 0,277956625 0,712778615234375 0,2154809609375 0,69579498046875 0,2139824765625 0,68926821875 0,27781868359375 0,725548359375 0,277956625
25 0,662403685546875 0,238446197265625 0,679228765625 0,27731460546875 0,698191615234375 0,278595765625 0,69923665234375 0,215018142578125 0,677944427734375 0,214365513671875 0,662720603515625 0,22178987109375 0,662403685546875 0,238446197265625
8 0,66339468359375 0,2809514296875 0,662073205078125 0,21917978515625 0,632345169921875 0,21858086328125 0,6301785390625 0,282203857421875 0,66339468359375 0,2809514296875
9 0,638877720703125 0,28297433203125 0,639957984375 0,2195478203125 0,60598044921875 0,22101323046875 0,610217642578125 0,281556181640625 0,638877720703125 0,28297433203125
6 0,615341576171875 0,28262862109375 0,6135414375 0,221929607421875 0,58004379296875 0,221360431640625 0,581838587890625 0,28144970703125 0,615341576171875 0,28262862109375
27 0,997933279296875 1 0,995367376953125 0,745404904296875 0,860735689453125 0,749500298828125 0,8601514140625 0,843359591796875 0,89452959765625 0,91380184375 0,871675986328125 1 0,997933279296875 1
10 0,8737482890625 1 0,84848490234375 0,752529076171875 0,78801261328125 0,748732837890625 0,75564159765625 1 0,8737482890625 1
0 0,728762046875 1 0,715954541015625 0,756584673828125 0,60348575 0,766257052734375 0,616073064453125 1 0,728762046875 1
9 0,61760674609375 1 0,601960998046875 0,757693458984375 0,4951171875 0,75597974609375 0,4951171875 0,892610447265625 0,502221275390625 1 0,61760674609375 1