2 0,35293494921875 0 0,253165921875 0,239007908203125 0,37966394921875 0,29381921875 0,427734375 0,18122210546875 0,427734375 0 0,35293494921875 0
9 0,233075623046875 0 0,186086341796875 0,208956478515625 0,269808173828125 0,2413146640625 0,3659976015625 0 0,233075623046875 0
6 0,100353033203125 0 0,05368668359375 0,128487345703125 0,18697915625 0,1844626640625 0,23432833984375 0 0,100353033203125 0
28 0,388671875 0,1513671875 0,490234375 0,1513671875 0,490234375 0,4580078125 0,388671875 0,4580078125
20 0,404470486111111 0,170355902777778 0,588194444444444 0,170355902777778 0,588194444444444 0,469502314814815 0,404470486111111 0,469502314814815
23 0,505852141203704 0,181474247685185 0,7072265625 0,181474247685185 0,7072265625 0,490907118055556 0,505852141203704 0,490907118055556
5 0,65013744212963 0,204709201388889 0,845695891203704 0,204709201388889 0,845695891203704 0,519827835648148 0,65013744212963 0,519827835648148
4 0,756365740740741 0,226945891203704 0,951953125 0,226945891203704 0,951953125 0,545970775462963 0,756365740740741 0,545970775462963
6 0,857421875 0,23828125 1 0,23828125 1 0,556640625 0,857421875 0,556640625
7 0 0,8106714453125 0,0015413984375 0,861512841796875 0,055723619140625 0,865018826171875 0,076990822265625 0,80633480078125 0 0,80094652734375 0 0,8106714453125
2 0,10380411328125 0,870210412109375 0,107812859375 0,811059763671875 0,04354658984375 0,806599091796875 0,030343853515625 0,864896912109375 0,10380411328125 0,870210412109375
13 0,136700953125 0,873664798828125 0,143245654296875 0,813727625 0,070685865234375 0,808114697265625 0,0665796015625 0,868769935546875 0,136700953125 0,873664798828125