14 0,173742158203125 0,330649435546875 0,23330784765625 0,13165930078125 0,120722294921875 0,1204598828125 0,07158597265625 0,299298259765625 0,173742158203125 0,330649435546875
34 0,229680119140625 0,34351050390625 0,31250403125 0,158187296875 0,2058002890625 0,137101171875 0,15344219921875 0,323473837890625 0,229680119140625 0,34351050390625
10 0,340034359375 0,365533005859375 0,382834015625 0,1754189453125 0,298990517578125 0,15964465625 0,2174350234375 0,348957876953125 0,340034359375 0,365533005859375
2 0,33272225 0,368986875 0,4348338046875 0,396678498046875 0,506413625 0,191294806640625 0,389622109375 0,184528314453125 0,390050599609375 0,187263125 0,33272225 0,368986875
9 0,50290894140625 0,41406396484375 0,596773919921875 0,215729837890625 0,48838199609375 0,20033173046875 0,411843107421875 0,39286836328125 0,50290894140625 0,41406396484375
4 0,607187171875 0,44735053515625 0,6790210234375 0,231009462890625 0,584047251953125 0,222614982421875 0,490387548828125 0,4186323671875 0,607187171875 0,44735053515625
13 0,116391782407407 0,905056423611111 0,212239583333333 0,905056423611111 0,212239583333333 0,96431568287037 0,116391782407407 0,96431568287037
28 0,151316550925926 0,908441840277778 0,247164351851852 0,908441840277778 0,247164351851852 0,967701099537037 0,151316550925926 0,967701099537037
25 0,185091145833333 0,914742476851852 0,282892071759259 0,914742476851852 0,282892071759259 0,974030671296296 0,185091145833333 0,974030671296296
4 0,236328125 0,92279369212963 0,332175925925926 0,92279369212963 0,332175925925926 0,982052951388889 0,236328125 0,982052951388889
7 0,270102719907407 0,927170138888889 0,366066261574074 0,927170138888889 0,366066261574074 0,988382523148148 0,270102719907407 0,988382523148148
9 0,302900752314815 0,933485243055556 0,400817418981481 0,933485243055556 0,400817418981481 0,9947265625 0,302900752314815 0,9947265625