25 0,474609375 0 0,5390625 0 0,5390625 0,271484375 0,474609375 0,271484375
2 0,31640625 0 0,533203125 0 0,533203125 0,345703125 0,31640625 0,345703125
9 0,220572916666667 0,0526982060185185 0,412630208333333 0,0526982060185185 0,412630208333333 0,388129340277778 0,220572916666667 0,388129340277778
6 0,104622395833333 0,0964265046296295 0,308485243055556 0,0964265046296295 0,308485243055556 0,434678819444444 0,104622395833333 0,434678819444444
29 0,736328125 0 0,84375 0 0,84375 0,0703125 0,736328125 0,0703125
28 0,666015625 0 0,779296875 0 0,779296875 0,09375 0,666015625 0,09375
13 0,599609375 0 0,71484375 0 0,71484375 0,1171875 0,599609375 0,1171875
0 0,5390625 0 0,625 0 0,625 0,14453125 0,5390625 0,14453125
46 0,5390625 0,439453125 0,3059951015625 0,439453125 0,320563931640625 0,52233962890625 0,5390625 0,44537951953125 0,5390625 0,439453125
42 0,5390625 0,447500935546875 0,339266857421875 0,510001513671875 0,362545267578125 0,605838158203125 0,5390625 0,55551143359375 0,5390625 0,447500935546875
46 0,5390625 0,544268501953125 0,375110779296875 0,595463140625 0,383627009765625 0,683309900390625 0,5390625 0,6446158359375 0,5390625 0,544268501953125
4 0,5390625 0,68001734765625 0,392974806640625 0,735933548828125 0,4226813125 0,8233582734375 0,5390625 0,77809657421875 0,5390625 0,68001734765625
4 0,5390625 0,778188060546875 0,410386244140625 0,81934614453125 0,439802068359375 0,913219689453125 0,5390625 0,8793347734375 0,5390625 0,778188060546875
4 0,487634484375 1 0,5390625 0,97961908984375 0,5390625 0,88107603515625 0,42661472265625 0,920615685546875 0,447338544921875 1 0,487634484375 1
19 0,9140625 0,439453125 1 0,439453125 1 0,578125 0,9140625 0,578125
33 0,806640625 0,439453125 0,978515625 0,439453125 0,978515625 0,619140625 0,806640625 0,619140625
31 0,685546875 0,439453125 0,873046875 0,439453125 0,873046875 0,65625 0,685546875 0,65625
3 0,5390625 0,451171875 0,673828125 0,451171875 0,673828125 0,71484375 0,5390625 0,71484375