21 0,583984375 0,322265625 0,646484375 0,322265625 0,646484375 0,5703125 0,583984375 0,5703125
18 0,4765625 0,30078125 0,625 0,30078125 0,625 0,5703125 0,4765625 0,5703125
9 0,307096354166667 0,267317708333333 0,477828414351852 0,267317708333333 0,477828414351852 0,556770833333333 0,307096354166667 0,556770833333333
6 0,198010706018519 0,243858506944444 0,364532696759259 0,243858506944444 0,364532696759259 0,527278645833333 0,198010706018519 0,527278645833333
3 0,0891420717592593 0,223372395833333 0,254014756944444 0,223372395833333 0,254014756944444 0,512565104166667 0,0891420717592593 0,512565104166667
10 0,91796875 0 1 0 1 0,15234375 0,91796875 0,15234375
25 0,845703125 0 0,953125 0 0,953125 0,142578125 0,845703125 0,142578125
6 0,748046875 0 0,853515625 0 0,853515625 0,1328125 0,748046875 0,1328125
1 0,6875 0 0,77734375 0 0,77734375 0,1328125 0,6875 0,1328125
1 0,630859375 0 0,70703125 0 0,70703125 0,125 0,630859375 0,125
44 0,8671875 0,662109375 1 0,662109375 1 0,783203125 0,8671875 0,783203125
4 1 0,56640625 0,948799072265625 0,56640625 0,93471929296875 0,59101878125 1 0,6172884609375 1 0,56640625
2 1 0,6137541953125 0,939793623046875 0,58769815625 0,89452129296875 0,661180751953125 1 0,7030952734375 1 0,6137541953125
36 1 0,811713126953125 0,850043240234375 0,7495102421875 0,814914150390625 0,80375753515625 0,97784197265625 0,8743223046875 1 0,83875257421875 1 0,811713126953125
31 0,940022353515625 0,948464767578125 0,98298949609375 0,872533119140625 0,829082123046875 0,8104860234375 0,7942989375 0,861765634765625 0,940022353515625 0,948464767578125
46 0,92324745703125 1 0,950760771484375 0,94503332421875 0,803969931640625 0,863936724609375 0,76538859765625 0,940424236328125 0,89749884765625 1 0,92324745703125 1