22 0,3056640625 0 0,4521484375 0 0,4521484375 0,189453125 0,3056640625 0,189453125
10 0,2119140625 0 0,3505859375 0 0,3505859375 0,169921875 0,2119140625 0,169921875
26 0,1083984375 0 0,2568359375 0 0,2568359375 0,15234375 0,1083984375 0,15234375
3 0 0 0,125 0 0,125 0,123046875 0 0,123046875
46 0,104665798611111 0,624370659722222 0,264691840277778 0,624370659722222 0,264691840277778 0,712825520833333 0,104665798611111 0,712825520833333
37 0,0931423611111111 0,676540798611111 0,253125 0,676540798611111 0,253125 0,763042534722222 0,0931423611111111 0,763042534722222
46 0,0875217013888888 0,730924479166667 0,2416015625 0,730924479166667 0,2416015625 0,815212673611111 0,0875217013888888 0,815212673611111
5 0,0793619791666667 0,802756076388889 0,231532118055555 0,802756076388889 0,231532118055555 0,888910590277778 0,0793619791666667 0,888910590277778
5 0,0747829861111111 0,860112847222222 0,219010416666667 0,860112847222222 0,219010416666667 0,940060763888889 0,0747829861111111 0,940060763888889
6 0,0682508680555556 0,9173828125 0,2162109375 0,9173828125 0,2162109375 0,989691840277778 0,0682508680555556 0,989691840277778
5 0,95703125 0,822265625 1 0,822265625 1 0,92578125 0,95703125 0,92578125