31 0 0,27757003515625 0,0035397578125 0,279099763671875 0,11195766796875 0,0048828125 0 0,0048828125 0 0,27757003515625
21 0,121310791015625 0,3749708125 0,2086354921875 0,00896294921875 0,19612937890625 0,0048828125 0,091942056640625 0,0048828125 0,001305888671875 0,2999166875 0,121310791015625 0,3749708125
16 0,189647650390625 0,4248046875 0,20501496875 0,4248046875 0,314221548828125 0,0817540703125 0,191956576171875 0,037774390625 0,094249013671875 0,37709944140625 0,189647650390625 0,4248046875
9 0,3563442109375 0,4248046875 0,47519207421875 0,188842216796875 0,32711254296875 0,131038669921875 0,241192923828125 0,4248046875 0,3563442109375 0,4248046875
9 0,53515625 0,40235200390625 0,53515625 0,245124541015625 0,446144630859375 0,196010900390625 0,351932830078125 0,4248046875 0,523199169921875 0,4248046875 0,53515625 0,40235200390625
17 0,65379696875 0,326160650390625 0,660234982421875 0,29738608984375 0,603882525390625 0,295154595703125 0,598865583984375 0,32299406640625 0,65379696875 0,326160650390625
25 0,67865874609375 0,327356876953125 0,686074986328125 0,30084247265625 0,6329086875 0,2982011484375 0,624869001953125 0,326207666015625 0,67865874609375 0,327356876953125
18 0,702361236328125 0,331634185546875 0,710552455078125 0,30487507421875 0,6587343984375 0,3017646640625 0,651417876953125 0,32903361328125 0,702361236328125 0,331634185546875
4 0,745225888671875 0,335982291015625 0,75206704296875 0,30978608203125 0,701831427734375 0,307353146484375 0,690624326171875 0,333129484375 0,745225888671875 0,335982291015625
9 0,765494421875 0,34052274609375 0,77989902734375 0,312790626953125 0,72257897265625 0,309977400390625 0,717271365234375 0,33836352734375 0,765494421875 0,34052274609375
13 0,79871271484375 0,3435964921875 0,805704251953125 0,31633392578125 0,75266853125 0,312713400390625 0,742482240234375 0,3418890546875 0,79871271484375 0,3435964921875
10 0,53515625 0,709087423828125 0,53515625 0,64888723046875 0,5120773125 0,643373369140625 0,44857728515625 0,725922291015625 0,518222978515625 0,742258556640625 0,53515625 0,709087423828125
7 0,380185615234375 0,702127056640625 0,433147064453125 0,713767990234375 0,48983396484375 0,62788156640625 0,418612681640625 0,60889799609375 0,380185615234375 0,702127056640625
0 0,33793358984375 0,684869755859375 0,40122284765625 0,69890491796875 0,438032521484375 0,611349666015625 0,374743265625 0,59731450390625 0,33793358984375 0,684869755859375
1 0,292371923828125 0,671328208984375 0,345308498046875 0,68409253125 0,3901169140625 0,591434740234375 0,341342958984375 0,579886169921875 0,292371923828125 0,671328208984375
23 0,50390625 0,7001953125 0,630859375 0,7001953125 0,630859375 0,9697265625 0,50390625 0,9697265625
20 0,539388020833333 0,723343460648148 0,754318576388889 0,723343460648148 0,754318576388889 0,993757233796296 0,539388020833333 0,993757233796296
2 0,728515625 0,7529296875 0,935546875 0,7529296875 0,935546875 0,9951171875 0,728515625 0,9951171875
2 0,849609375 0,7734375 1 0,7734375 1 0,994140625 0,849609375 0,994140625