15 0,3916015625 0,156385521484375 0,3916015625 0,0009765625 0,27920586328125 0,0009765625 0,315714451171875 0,154354419921875 0,3916015625 0,156385521484375
11 0,333829142578125 0,16249396875 0,30049398046875 0,0009765625 0,170968478515625 0,0009765625 0,198076728515625 0,15190815625 0,333829142578125 0,16249396875
19 0,217738837890625 0,1477359609375 0,18680266015625 0,0009765625 0,057998265625 0,0009765625 0,08753675390625 0,136973671875 0,217738837890625 0,1477359609375
24 0,819986979166667 0,0477068865740742 0,8814453125 0,0477068865740742 0,8814453125 0,118482349537037 0,819986979166667 0,118482349537037
30 0,793880208333333 0,0512225115740741 0,855208333333333 0,0512225115740741 0,855208333333333 0,120044849537037 0,793880208333333 0,120044849537037
15 0,764583333333333 0,0507884837962964 0,825911458333333 0,0507884837962964 0,825911458333333 0,119610821759259 0,764583333333333 0,119610821759259
5 0,7267578125 0,0541304976851853 0,7880859375 0,0541304976851853 0,7880859375 0,122952835648148 0,7267578125 0,122952835648148
3 0,6966796875 0,0566116898148148 0,760091145833333 0,0566116898148148 0,760091145833333 0,127416087962963 0,6966796875 0,127416087962963
7 0,6693359375 0,0562065972222223 0,730794270833333 0,0562065972222223 0,730794270833333 0,126982060185185 0,6693359375 0,126982060185185
13 0,142468396484375 0,94761281640625 0,140402279296875 0,99617471875 0,1826082265625 0,9990234375 0,1846716015625 0,9990234375 0,1888258203125 0,950313384765625 0,142468396484375 0,94761281640625
28 0,16603439453125 0,947828013671875 0,125977826171875 0,94597611328125 0,12031876953125 0,992538111328125 0,166000681640625 0,995798447265625 0,16603439453125 0,947828013671875
25 0,14851337109375 0,9461322421875 0,10902903125 0,943783244140625 0,10212953515625 0,989610134765625 0,146570619140625 0,993376357421875 0,14851337109375 0,9461322421875
4 0,114812431640625 0,98855782421875 0,1189378203125 0,9430867109375 0,085129818359375 0,940647546875 0,07256553125 0,984510748046875 0,114812431640625 0,98855782421875
7 0,10498937890625 0,941012296875 0,05757969921875 0,938571501953125 0,065884537109375 0,984258076171875 0,093791373046875 0,984536140625 0,10498937890625 0,941012296875
9 0,0461297890625 0,93751564453125 0,042928462890625 0,980858759765625 0,086612158203125 0,982436880859375 0,0806672109375 0,939481236328125 0,07921824609375 0,9387564765625 0,0461297890625 0,93751564453125
29 1 0,675200244140625 0,913822783203125 0,66345128125 0,90954840625 0,887936353515625 0,971240068359375 0,898563861328125 1 0,832123646484375 1 0,675200244140625
4 0,859878802734375 0,877146162109375 0,8861078359375 0,658165189453125 0,79356674609375 0,643353513671875 0,74167518359375 0,85605878125 0,859878802734375 0,877146162109375
1 0,744502212890625 0,863576376953125 0,792320619140625 0,637689234375 0,68975595703125 0,62678975 0,630757923828125 0,840661263671875 0,744502212890625 0,863576376953125
8 0,629612333984375 0,84379929296875 0,69111549609375 0,6218856640625 0,5577084296875 0,607578953125 0,5212890703125 0,8225119609375 0,629612333984375 0,84379929296875