2 0,103002662109375 0 0,080859375 0,106264658203125 0,19589069921875 0,131823896484375 0,224484564453125 0 0,103002662109375 0
9 0,2252627890625 0 0,1937508671875 0,130711771484375 0,298027955078125 0,147290640625 0,338490935546875 0 0,2252627890625 0
6 0,342910919921875 0 0,301324263671875 0,1513248359375 0,417393169921875 0,1697908828125 0,4228515625 0,148767921875 0,4228515625 0 0,342910919921875 0
18 0,4169921875 0,2549078515625 0,4169921875 0,30811962109375 0,49251271875 0,3130222578125 0,529681974609375 0,107833396484375 0,446138275390625 0,100182447265625 0,4169921875 0,2549078515625
1 0,614678373046875 0,321341986328125 0,64449372265625 0,107953330078125 0,574153623046875 0,106740427734375 0,531033796875 0,316866025390625 0,614678373046875 0,321341986328125
8 0,699833505859375 0,324169208984375 0,738692546875 0,116915212890625 0,642790619140625 0,10676217578125 0,61499837890625 0,320590966796875 0,699833505859375 0,324169208984375
5 0,69523464453125 0,32655907421875 0,787840189453125 0,3270129375 0,83017712890625 0,123831462890625 0,739998255859375 0,113711498046875 0,741254232421875 0,1140222265625 0,69523464453125 0,32655907421875
15 0,4169921875 0,4287109375 0,5283203125 0,4287109375 0,5283203125 0,8798828125 0,4169921875 0,8798828125
24 0,4169921875 0,4423828125 0,6689453125 0,4423828125 0,6689453125 0,9423828125 0,4169921875 0,9423828125
6 0,599638310185185 0,510575810185185 0,847178819444444 0,510575810185185 0,847178819444444 0,973278356481482 0,599638310185185 0,973278356481482
8 0,724609375 0,552734375 0,9609375 0,552734375 0,9609375 1 0,724609375 1
2 0,845703125 0,603515625 1 0,603515625 1 1 0,845703125 1