38 0,4951171875 0,046963755859375 0,383906748046875 0,04591290625 0,35069203515625 0,39560967578125 0,4951171875 0,3996501015625 0,4951171875 0,046963755859375
37 0,270174408203125 0,05712046875 0,223859470703125 0,3862738984375 0,381072017578125 0,3956766015625 0,395490138671875 0,062008302734375 0,39568142578125 0,059358271484375 0,270174408203125 0,05712046875
25 0,1386831640625 0,055710859375 0,113577833984375 0,360928248046875 0,257189828125 0,370657310546875 0,28891058984375 0,0626293046875 0,2862691796875 0,05474778125 0,1386831640625 0,055710859375
2 0 0,04296875 0,11328125 0,04296875 0,11328125 0,34765625 0 0,34765625
31 0,733038947265625 0 0,4619140625 0,0600665625 0,4619140625 0,151380216796875 0,49210939453125 0,204559703125 0,884203798828125 0,07048810546875 0,84327596875 0 0,733038947265625 0
25 0,891514947265625 0,06810619140625 0,492185087890625 0,204479087890625 0,580934328125 0,31383825390625 0,932718458984375 0,1734735703125 0,891514947265625 0,06810619140625
9 1 0,2778982734375 0,95909252734375 0,216833044921875 0,85344396484375 0,320786970703125 0,78722716796875 0,293388109375 0,61052999609375 0,356786197265625 0,6875448359375 0,48224103125 1 0,32532976953125 1 0,2778982734375
7 1 0,35681570703125 0,644634935546875 0,482928982421875 0,741452373046875 0,62109133984375 1 0,489269720703125 1 0,35681570703125
2 1 0,498468466796875 0,765140333984375 0,6009923828125 0,778099236328125 0,6220703125 1 0,6220703125 1 0,498468466796875
18 0,286818115234375 0,710255953125 0,238956826171875 0,714820255859375 0,247204935546875 0,764624365234375 0,289572626953125 0,760123189453125 0,286818115234375 0,710255953125
23 0,273452072265625 0,764496072265625 0,266056654296875 0,714940138671875 0,219578732421875 0,720368005859375 0,222800458984375 0,7716601875 0,273452072265625 0,764496072265625
29 0,25281680859375 0,77238506640625 0,24910221875 0,720035375 0,200234240234375 0,725259845703125 0,2127875546875 0,776660228515625 0,25281680859375 0,77238506640625
1 0,222583201171875 0,72553259765625 0,17579865234375 0,730046349609375 0,17622158984375 0,783931228515625 0,22640174609375 0,778749904296875 0,222583201171875 0,72553259765625
0 0,206256578125 0,78431735546875 0,20496527734375 0,730066763671875 0,152752794921875 0,733638291015625 0,155593556640625 0,79100032421875 0,206256578125 0,78431735546875
3 0,1851215 0,79085882421875 0,18327330859375 0,733906640625 0,131161564453125 0,74183895703125 0,13815559375 0,7970630546875 0,1851215 0,79085882421875
22 1 1 1 0,703960349609375 0,924646171875 0,714005017578125 0,893183078125 1 1 1
9 0,87722545703125 1 0,887478390625 0,7313618046875 0,727234671875 0,74906561328125 0,719185740234375 0,860498015625 0,73284993359375 1 0,87722545703125 1
5 0,73229373046875 1 0,752745091796875 0,750365 0,588806875 0,76902887109375 0,57153716015625 1 0,73229373046875 1
2 0,59786923046875 1 0,61053748828125 0,76884097265625 0,4619140625 0,787010888671875 0,4619140625 1 0,59786923046875 1