42 0,24609375 0 0,41015625 0 0,41015625 0,234375 0,24609375 0,234375
46 0,15234375 0 0,296875 0 0,296875 0,224609375 0,15234375 0,224609375
10 0,041015625 0 0,203125 0 0,203125 0,2265625 0,041015625 0,2265625
1 0 0 0,05078125 0 0,05078125 0,212890625 0 0,212890625
19 0,566550925925926 0,299385127314815 0,61997974537037 0,299385127314815 0,61997974537037 0,330794270833333 0,566550925925926 0,330794270833333
24 0,5948408046875 0,329952435546875 0,601173962890625 0,301585626953125 0,557087666015625 0,2981848984375 0,547788021484375 0,327102919921875 0,5948408046875 0,329952435546875
21 0,528004123046875 0,31861294921875 0,528820353515625 0,32533219140625 0,57461259765625 0,328358955078125 0,582431052734375 0,298845615234375 0,5622746484375 0,297092126953125 0,5537799140625 0,318755248046875 0,528004123046875 0,31861294921875
9 0,5556459375 0,297124177734375 0,513671875 0,295633044921875 0,513671875 0,32410706640625 0,550218607421875 0,324911447265625 0,54051641015625 0,31368762890625 0,55018365625 0,308796392578125 0,5556459375 0,297124177734375
10 0,45703125 0,892578125 0,544921875 0,892578125 0,544921875 1 0,45703125 1
25 0,38671875 0,88671875 0,498046875 0,88671875 0,498046875 1 0,38671875 1
6 0,28515625 0,890625 0,400390625 0,890625 0,400390625 1 0,28515625 1
1 0,228515625 0,888671875 0,322265625 0,888671875 0,322265625 1 0,228515625 1
1 0,16015625 0,888671875 0,25390625 0,888671875 0,25390625 1 0,16015625 1
30 0,965406783203125 0,6240042734375 0,96404646875 0,62303830859375 0,911273822265625 0,61540277734375 0,90114757421875 0,73038974609375 0,958982958984375 0,73266549609375 0,965406783203125 0,6240042734375
15 0,9303285546875 0,733207802734375 0,93717073046875 0,614732056640625 0,880238962890625 0,60856545703125 0,87650363671875 0,724202462890625 0,9303285546875 0,733207802734375
14 0,908086501953125 0,61121238671875 0,849671798828125 0,606147490234375 0,860351177734375 0,653207375 0,843231853515625 0,720122958984375 0,902940884765625 0,7265184375 0,908086501953125 0,61121238671875
2 0,822015208984375 0,600463611328125 0,80869591796875 0,616554048828125 0,818304923828125 0,665062513671875 0,80648309375 0,71430355859375 0,86713559375 0,720805916015625 0,85799983984375 0,657235263671875 0,874060951171875 0,608507712890625 0,822015208984375 0,600463611328125
4 0,782339689453125 0,7104897890625 0,830956552734375 0,713676115234375 0,84366526171875 0,6827798984375 0,839643572265625 0,597602431640625 0,801134466796875 0,595285923828125 0,78699180859375 0,66056311328125 0,782339689453125 0,7104897890625
3 0,8077198828125 0,710210171875 0,8202625703125 0,59972295703125 0,761548318359375 0,598024884765625 0,75801370703125 0,708800953125 0,8077198828125 0,710210171875