4 0,2998046875 0 0,4599609375 0 0,4599609375 0,171875 0,2998046875 0,171875
6 0,1728515625 0 0,3916015625 0 0,3916015625 0,201171875 0,1728515625 0,201171875
7 0,0400390625 0 0,2744140625 0 0,2744140625 0,240234375 0,0400390625 0,240234375
0 0,829623306640625 0 0,8343865390625 0,051526267578125 0,920336337890625 0,055709822265625 0,91327532421875 0 0,829623306640625 0
6 0,73352062890625 0 0,740525349609375 0,0625339765625 0,820180666015625 0,05984048046875 0,812949859375 0 0,73352062890625 0
5 0,648288845703125 0 0,6564427421875 0,064516140625 0,752530439453125 0,05500103515625 0,74373470703125 0 0,648288845703125 0
11 0,29788504296875 0,67697576953125 0,163184251953125 0,686043943359375 0,2200842421875 0,981504068359375 0,34570304296875 0,970723515625 0,29788504296875 0,67697576953125
29 0,0185546875 0,681640625 0,2275390625 0,681640625 0,2275390625 1 0,0185546875 1
23 0 0,69921875 0,087890625 0,69921875 0,087890625 1 0 1
23 0,796875 0,4296875 1 0,4296875 1 0,6953125 0,796875 0,6953125
31 0,6943359375 0,4296875 0,9208984375 0,4296875 0,9208984375 0,705078125 0,6943359375 0,705078125
37 0,5498046875 0,4296875 0,8037109375 0,4296875 0,8037109375 0,751953125 0,5498046875 0,751953125
8 0,4580078125 0,4296875 0,6259765625 0,4296875 0,6259765625 0,771484375 0,4580078125 0,771484375