12 0,44160797265625 0,155755359375 0,479658515625 0,030298263671875 0,402440607421875 0,02637426171875 0,359304154296875 0,149783640625 0,44160797265625 0,155755359375
16 0,3887985546875 0,1509718984375 0,430680650390625 0,02883758984375 0,355148330078125 0,0226990078125 0,311434310546875 0,14576303125 0,3887985546875 0,1509718984375
31 0,3366383984375 0,146584201171875 0,38285840625 0,02453030859375 0,30352039453125 0,02032002734375 0,27087885546875 0,141684205078125 0,3366383984375 0,146584201171875
8 0,281266830078125 0,1386649609375 0,31355701953125 0,020513140625 0,241525376953125 0,018717380859375 0,203338173828125 0,135740052734375 0,281266830078125 0,1386649609375
0 0,23101303125 0,13763441796875 0,27013790625 0,0186053125 0,199895970703125 0,016139427734375 0,15638087109375 0,133731 0,23101303125 0,13763441796875
5 0,182749517578125 0,13698940234375 0,226515775390625 0,016342216796875 0,153084197265625 0,012781359375 0,110836330078125 0,130766408203125 0,182749517578125 0,13698940234375
21 0,7271156875 0,17802801953125 0,786693333984375 0,0009765625 0,702081666015625 0,0009765625 0,6434611796875 0,173604109375 0,7271156875 0,17802801953125
24 0,6675542421875 0,169523333984375 0,725829357421875 0,0009765625 0,64558598828125 0,0009765625 0,58900855078125 0,1633239765625 0,6675542421875 0,169523333984375
21 0,54927045703125 0,1131129921875 0,53520024609375 0,148712658203125 0,615886685546875 0,162222904296875 0,669385169921875 0,0009765625 0,6334375 0,0009765625 0,595615837890625 0,113209693359375 0,54927045703125 0,1131129921875
4 0,5494578984375 0,143526298828125 0,59356678515625 0,0009765625 0,525592919921875 0,0009765625 0,462980609375 0,136720267578125 0,5494578984375 0,143526298828125
0 0,47790057421875 0,138702904296875 0,545605796875 0,0009765625 0,455078125 0,0009765625 0,455078125 0,1358511484375 0,47790057421875 0,138702904296875
42 0,35546875 0,4931640625 0,501953125 0,4931640625 0,501953125 0,7470703125 0,35546875 0,7470703125
44 0 0,45703125 0,091796875 0,45703125 0,091796875 0,72265625 0 0,72265625
46 0,263621238425926 0,489720775462963 0,440082465277778 0,489720775462963 0,440082465277778 0,735930266203704 0,263621238425926 0,735930266203704
44 0,00363136574074074 0,471549479166667 0,208478009259259 0,471549479166667 0,208478009259259 0,736754918981481 0,00363136574074074 0,736754918981481
38 0,150745081018519 0,482291666666667 0,339272280092593 0,482291666666667 0,339272280092593 0,734968171296296 0,150745081018519 0,734968171296296
12 1 0,3994140625 0,949852935546875 0,3994140625 0,85273565625 0,7124251171875 1 0,723674673828125 1 0,3994140625
31 0,732421875 0,3994140625 0,966796875 0,3994140625 0,966796875 0,7177734375 0,732421875 0,7177734375
34 0,58984375 0,3994140625 0,818359375 0,3994140625 0,818359375 0,7216796875 0,58984375 0,7216796875
0 0,455078125 0,3994140625 0,6171875 0,3994140625 0,6171875 0,7080078125 0,455078125 0,7080078125