41 0,14453125 0,0009765625 0,251953125 0,0009765625 0,251953125 0,1552734375 0,14453125 0,1552734375
50 0,205078125 0,0009765625 0,306640625 0,0009765625 0,306640625 0,1337890625 0,205078125 0,1337890625
38 0,2578125 0,0009765625 0,365234375 0,0009765625 0,365234375 0,1181640625 0,2578125 0,1181640625
1 0,337890625 0,0009765625 0,43359375 0,0009765625 0,43359375 0,0947265625 0,337890625 0,0947265625
3 0,38671875 0,0009765625 0,5 0,0009765625 0,5 0,0849609375 0,38671875 0,0849609375
7 0,451171875 0,0009765625 0,513671875 0,0009765625 0,513671875 0,0634765625 0,451171875 0,0634765625
42 0,513671875 0,5908203125 0,275000974609375 0,5908203125 0,287831556640625 0,678378263671875 0,513671875 0,606082193359375 0,513671875 0,5908203125
46 0,513671875 0,690104248046875 0,513671875 0,622903462890625 0,506938216796875 0,60178264453125 0,289822291015625 0,6661930546875 0,305581681640625 0,764626703125 0,513671875 0,690104248046875
4 0,513671875 0,7432906953125 0,301752986328125 0,792168583984375 0,30460499609375 0,884811625 0,513671875 0,83774246875 0,513671875 0,7432906953125
4 0,513671875 0,833539994140625 0,308971353515625 0,892523755859375 0,3364632890625 0,981238056640625 0,513671875 0,9337255703125 0,513671875 0,833539994140625
4 0,319986427734375 0,98632238671875 0,32149590625 0,9990234375 0,513671875 0,9990234375 0,513671875 0,937223203125 0,319986427734375 0,98632238671875
21 0,505859375 0,8955078125 0,62890625 0,8955078125 0,62890625 0,9990234375 0,505859375 0,9990234375
15 0,552734375 0,8701171875 0,71484375 0,8701171875 0,71484375 0,9990234375 0,552734375 0,9990234375
11 0,6484375 0,8427734375 0,80859375 0,8427734375 0,80859375 0,9990234375 0,6484375 0,9990234375
6 0,77734375 0,7978515625 0,955078125 0,7978515625 0,955078125 0,9990234375 0,77734375 0,9990234375
4 0,8828125 0,76953125 1 0,76953125 1 0,998046875 0,8828125 0,998046875