33 0 0,037109375 0,087890625 0,037109375 0,087890625 0,1796875 0 0,1796875
14 0,0227213541666667 0,0215567129629629 0,148285590277778 0,0215567129629629 0,148285590277778 0,167317708333333 0,0227213541666667 0,167317708333333
1 0,101432291666667 0,0101273148148148 0,219010416666667 0,0101273148148148 0,219010416666667 0,151692708333333 0,101432291666667 0,151692708333333
3 0,1513671875 0,0009765625 0,2802734375 0,0009765625 0,2802734375 0,1396484375 0,1513671875 0,1396484375
7 0,2138671875 0,0009765625 0,3330078125 0,0009765625 0,3330078125 0,1201171875 0,2138671875 0,1201171875
42 0,6728515625 0,3173828125 0,8154296875 0,3173828125 0,8154296875 0,3486328125 0,6728515625 0,3486328125
8 0,7705078125 0,2958984375 0,9052734375 0,2958984375 0,9052734375 0,3486328125 0,7705078125 0,3486328125
7 0,8388671875 0,2763671875 0,9794921875 0,2763671875 0,9794921875 0,3486328125 0,8388671875 0,3486328125
0 0,9140625 0,265625 1 0,265625 1 0,34765625 0,9140625 0,34765625
22 0,0825520833333334 0,742006655092593 0,171701388888889 0,742006655092593 0,171701388888889 0,814272280092593 0,0825520833333334 0,814272280092593
33 0,119314236111111 0,732892071759259 0,206510416666667 0,732892071759259 0,206510416666667 0,805085358796296 0,119314236111111 0,805085358796296
32 0,153016493055556 0,720811631944444 0,242252604166667 0,720811631944444 0,242252604166667 0,795030381944444 0,153016493055556 0,795030381944444
5 0,205230034722222 0,707212094907407 0,292426215277778 0,707212094907407 0,292426215277778 0,779405381944444 0,205230034722222 0,779405381944444
8 0,2419921875 0,698097511574074 0,327235243055555 0,698097511574074 0,327235243055555 0,770218460648148 0,2419921875 0,770218460648148
6 0,275694444444444 0,686017071759259 0,362890625 0,686017071759259 0,362890625 0,758210358796296 0,275694444444444 0,758210358796296
17 0,52859895703125 0,711530490234375 0,4768141015625 0,633597048828125 0,43148434375 0,63803897265625 0,485179658203125 0,710884431640625 0,52859895703125 0,711530490234375
34 0,552423548828125 0,7145781796875 0,51485048046875 0,635163478515625 0,46268529296875 0,63750246875 0,518380302734375 0,715220107421875 0,552423548828125 0,7145781796875
19 0,59110163671875 0,7165519765625 0,542196923828125 0,633954232421875 0,495829369140625 0,636120556640625 0,533321064453125 0,715392390625 0,59110163671875 0,7165519765625
0 0,634837880859375 0,7182563671875 0,5899412265625 0,634793923828125 0,53695085546875 0,6371731484375 0,58319812109375 0,7161655 0,634837880859375 0,7182563671875
5 0,673348962890625 0,7235416796875 0,6258597578125 0,63474093359375 0,57179997265625 0,638017708984375 0,615111130859375 0,7188167109375 0,673348962890625 0,7235416796875
5 0,70932807421875 0,72169704296875 0,658248294921875 0,631318109375 0,60836566015625 0,634356412109375 0,654114533203125 0,7235620625 0,70932807421875 0,72169704296875