0 0,36328125 0,000777212890625 0,0639143671875 0,1307304609375 0,113869025390625 0,2343465546875 0,36328125 0,141094662109375 0,36328125 0,000777212890625
7 0,36328125 0,26373771875 0,36328125 0,153800900390625 0,121135294921875 0,235373349609375 0,124005509765625 0,23484175390625 0,181135880859375 0,3518713359375 0,36328125 0,26373771875
2 0,36328125 0,25538069140625 0,16452928125 0,3385192734375 0,234056693359375 0,461730138671875 0,36328125 0,407350318359375 0,36328125 0,25538069140625
10 0,3163141015625 0,593051716796875 0,36328125 0,578019392578125 0,36328125 0,451442107421875 0,25995146484375 0,49083937109375 0,270671435546875 0,501655958984375 0,251633724609375 0,496246310546875 0,3163141015625 0,593051716796875
40 0,3359375 0 0,3359375 0,17310087890625 0,405679830078125 0,470222212890625 0,5710408046875 0,435144876953125 0,468888103515625 0 0,3359375 0
3 0,491823947265625 0 0,59453647265625 0,4294217578125 0,753555197265625 0,39327456640625 0,6549642734375 0 0,491823947265625 0
3 0,637040236328125 0 0,723334337890625 0,3896099765625 0,87156755078125 0,364568564453125 0,79075609765625 0 0,637040236328125 0
5 0,767447568359375 0 0,841109361328125 0,36572803125 0,99749328515625 0,332178052734375 0,9279839375 0 0,767447568359375 0
44 0 0,60546875 0,216796875 0,60546875 0,216796875 0,86328125 0 0,86328125
2 0,099609375 0,60546875 0,333984375 0,60546875 0,333984375 0,900390625 0,099609375 0,900390625
7 0,329095646484375 0,60546875 0,237699732421875 0,60546875 0,3235493046875 0,879078822265625 0,36328125 0,8758618828125 0,36328125 0,610319619140625 0,329095646484375 0,60546875
28 0,731874921875 0,892391828125 0,703732521484375 0,84822627734375 0,668849388671875 0,857553462890625 0,6968629453125 0,90205532421875 0,731874921875 0,892391828125
15 0,74930626171875 0,882667041015625 0,723486984375 0,838687328125 0,68806444921875 0,8490246015625 0,71816797265625 0,894707412109375 0,74930626171875 0,882667041015625
29 0,736732017578125 0,885578990234375 0,770283171875 0,87562906640625 0,744940646484375 0,830654763671875 0,70950478125 0,84001945703125 0,7080323125 0,841209748046875 0,736732017578125 0,885578990234375
2 0,759130345703125 0,851917912109375 0,76493551953125 0,87307384765625 0,80581747265625 0,861886060546875 0,7733148359375 0,81856014453125 0,739417333984375 0,829991544921875 0,759130345703125 0,851917912109375
5 0,8238510625 0,853059439453125 0,794333236328125 0,8076060546875 0,759586486328125 0,820409185546875 0,791614822265625 0,864539353515625 0,8238510625 0,853059439453125
13 0,84635394140625 0,843847 0,816598267578125 0,7993909296875 0,780000552734375 0,811782208984375 0,80882755859375 0,856689138671875 0,84635394140625 0,843847