39 0 0,1484375 0,078125 0,1484375 0,078125 0,46875 0 0,46875
10 0,0295789930555556 0,139561631944444 0,212955729166667 0,139561631944444 0,212955729166667 0,446028645833333 0,0295789930555556 0,446028645833333
2 0,188606770833333 0,110481770833333 0,378537326388889 0,110481770833333 0,378537326388889 0,432703993055556 0,188606770833333 0,432703993055556
7 0,324761284722222 0,0949652777777777 0,504839409722222 0,0949652777777777 0,504839409722222 0,415017361111111 0,324761284722222 0,415017361111111
0 0,468098958333333 0,0875868055555555 0,615625 0,0875868055555555 0,615625 0,377647569444444 0,468098958333333 0,377647569444444
23 0,89137277734375 0,534875703125 0,853680974609375 0,27813335546875 0,73292115625 0,275733416015625 0,7798642734375 0,534670255859375 0,89137277734375 0,534875703125
29 0,991260681640625 0,542278259765625 0,9612661796875 0,282034115234375 0,852316166015625 0,2789586640625 0,88932347265625 0,539159060546875 0,991260681640625 0,542278259765625
12 0,115365984375 1 0,1361225390625 0,9955803359375 0,122231462890625 0,786429080078125 0,02394365234375 0,786615130859375 0,049242080078125 1 0,115365984375 1
10 0,229817248046875 0,98292037890625 0,18896523828125 0,762286251953125 0,1155550234375 0,776924607421875 0,132575419921875 0,99649771875 0,229817248046875 0,98292037890625
31 0,29363566796875 0,966643494140625 0,278911943359375 0,758944265625 0,190986681640625 0,767275083984375 0,228883267578125 0,984908912109375 0,29363566796875 0,966643494140625
0 0,421573919921875 0,9597405 0,393020072265625 0,752428048828125 0,31307121875 0,7617971796875 0,3341459140625 0,96396496484375 0,421573919921875 0,9597405
6 0,41771476171875 0,960721396484375 0,4971065859375 0,950754314453125 0,4690381875 0,736620326171875 0,394501626953125 0,74800452734375 0,3921748203125 0,74964915625 0,41771476171875 0,960721396484375
9 0,57303473046875 0,94104128125 0,543435974609375 0,7338558515625 0,470884294921875 0,744988271484375 0,493300103515625 0,952398744140625 0,57303473046875 0,94104128125
29 0,6884765625 0,568359375 0,7177734375 0,568359375 0,7177734375 0,6796875 0,6884765625 0,6796875
28 0,6923828125 0,568359375 0,7841796875 0,568359375 0,7841796875 0,67578125 0,6923828125 0,67578125
13 0,7587890625 0,568359375 0,8505859375 0,568359375 0,8505859375 0,666015625 0,7587890625 0,666015625
0 0,8525390625 0,568359375 0,9443359375 0,568359375 0,9443359375 0,65625 0,8525390625 0,65625
0 0,916015625 0,568359375 1 0,568359375 1 0,646484375 0,916015625 0,646484375