15 0 0 0,103515625 0 0,103515625 0,068359375 0 0,068359375
6 0,076171875 0 0,23046875 0 0,23046875 0,091796875 0,076171875 0,091796875
2 0,162109375 0 0,255859375 0 0,255859375 0,119140625 0,162109375 0,119140625
42 0,333984375 0 0,521484375 0 0,521484375 0,208984375 0,333984375 0,208984375
3 0,792317708333333 0,0343894675925926 0,96640625 0,0343894675925926 0,96640625 0,306148726851852 0,792317708333333 0,306148726851852
46 0,44921875 0 0,61328125 0 0,61328125 0,224609375 0,44921875 0,224609375
5 0,884765625 0,048828125 1 0,048828125 1 0,322265625 0,884765625 0,322265625
5 0,67578125 0,0180049189814815 0,871354166666667 0,0180049189814815 0,871354166666667 0,290082465277778 0,67578125 0,290082465277778
38 0,546875 0 0,724609375 0 0,724609375 0,25 0,546875 0,25
0 0 0,720703125 0,05859375 0,720703125 0,05859375 0,9140625 0 0,9140625
8 0,00340711805555549 0,734592013888889 0,1310546875 0,734592013888889 0,1310546875 0,927589699074074 0,00340711805555549 0,927589699074074
8 0,0759982638888888 0,748372395833333 0,207638888888889 0,748372395833333 0,207638888888889 0,943381076388889 0,0759982638888888 0,943381076388889
1 0,665682173828125 0,568359375 0,652655294921875 0,6066263828125 0,7745083125 0,64254280078125 0,793736119140625 0,568359375 0,665682173828125 0,568359375
4 0,7999536015625 0,568359375 0,77193103125 0,64720823828125 0,897245013671875 0,68715833203125 0,9389881328125 0,568359375 0,7999536015625 0,568359375