39 0,02734375 0 0,1875 0 0,1875 0,05078125 0,02734375 0,05078125
0 0,9140625 0,220703125 1 0,220703125 1 0,345703125 0,9140625 0,345703125
1 0,870493344907407 0,23046875 0,951294849537037 0,23046875 0,951294849537037 0,357421875 0,870493344907407 0,357421875
5 0,810149016203704 0,234375 0,902669270833333 0,234375 0,902669270833333 0,361328125 0,810149016203704 0,361328125
1 0,76665943287037 0,2431640625 0,849515335648148 0,2431640625 0,849515335648148 0,3720703125 0,76665943287037 0,3720703125
2 0,711552372685185 0,25390625 0,806532118055556 0,25390625 0,806532118055556 0,390625 0,711552372685185 0,390625
2 0,37213741796875 0,46875 0,42928740625 0,688780822265625 0,534608021484375 0,664762728515625 0,472008984375 0,46875 0,37213741796875 0,46875
5 0,36819591015625 0,46875 0,33452399609375 0,46875 0,264484482421875 0,478854373046875 0,337879375 0,71048216796875 0,4297087109375 0,69187578125 0,36819591015625 0,46875
8 0,3358112421875 0,714597046875 0,261043240234375 0,48093989453125 0,170172509765625 0,500109515625 0,24006884765625 0,73331680859375 0,3358112421875 0,714597046875
30 1 0,6282829609375 0,92713147265625 0,642813568359375 1 0,907835162109375 1 0,6282829609375
32 0,99873192578125 0,925468126953125 0,930133935546875 0,64819759375 0,80839155078125 0,680187119140625 0,89829905859375 0,948454197265625 0,99873192578125 0,925468126953125
26 0,8912605859375 0,9450786640625 0,8063360546875 0,68668697265625 0,695017255859375 0,7149314609375 0,772518265625 0,97639869140625 0,8912605859375 0,9450786640625
4 0,67619533984375 1 0,736314462890625 0,98403510546875 0,644335107421875 0,730009169921875 0,540435900390625 0,7551781171875 0,618921326171875 1 0,67619533984375 1
4 0,617752111328125 1 0,537109375 0,768205060546875 0,537109375 1 0,617752111328125 1