11 0 0,234375 0,08984375 0,234375 0,08984375 0,44140625 0 0,44140625
0 0,0630931712962963 0,249421296296296 0,199291087962963 0,249421296296296 0,199291087962963 0,45384837962963 0,0630931712962963 0,45384837962963
2 0,14017650462963 0,255208333333333 0,280324074074074 0,255208333333333 0,280324074074074 0,465639467592593 0,14017650462963 0,465639467592593
3 0,321679091796875 0,4666888125 0,36489519921875 0,267255974609375 0,24733470703125 0,2598389453125 0,219112404296875 0,45282168359375 0,321679091796875 0,4666888125
43 0,431640625 0 0,6484375 0 0,6484375 0,2265625 0,431640625 0,2265625
9 0,896484375 0 1 0 1 0,17578125 0,896484375 0,17578125
42 0,671875 0 0,853515625 0 0,853515625 0,203125 0,671875 0,203125
1 0,79296875 0 0,98828125 0 0,98828125 0,185546875 0,79296875 0,185546875
52 0,541015625 0 0,748046875 0 0,748046875 0,216796875 0,541015625 0,216796875
2 0 0,77734375 0,05078125 0,77734375 0,05078125 0,85546875 0 0,85546875
4 0,00311776620370374 0,780779803240741 0,091529224537037 0,780779803240741 0,091529224537037 0,860423900462963 0,00311776620370374 0,860423900462963
35 0,445638020833333 0,639937789351852 0,534150752314815 0,639937789351852 0,534150752314815 0,733253761574074 0,445638020833333 0,733253761574074
27 0,481756365740741 0,643229166666667 0,568315972222222 0,643229166666667 0,568315972222222 0,736472800925926 0,481756365740741 0,736472800925926
22 0,517874710648148 0,646520543981482 0,60248119212963 0,646520543981482 0,60248119212963 0,739691840277778 0,517874710648148 0,739691840277778
4 0,566681134259259 0,649305555555556 0,653255208333333 0,649305555555556 0,653255208333333 0,744502314814815 0,566681134259259 0,744502314814815
0 0,602813946759259 0,65259693287037 0,687420428240741 0,65259693287037 0,687420428240741 0,745768229166667 0,602813946759259 0,745768229166667
8 0,63892505787037 0,656864872685185 0,723531539351852 0,656864872685185 0,723531539351852 0,750036168981482 0,63892505787037 0,750036168981482