20 0,3203125 0,453125 0,3671875 0,453125 0,3671875 0,509765625 0,3203125 0,509765625
1 0,350325520833333 0,303971354166667 0,403841145833333 0,303971354166667 0,403841145833333 0,377278645833333 0,350325520833333 0,377278645833333
9 0,321223958333333 0,308723958333333 0,377083333333333 0,308723958333333 0,377083333333333 0,388020833333333 0,321223958333333 0,388020833333333
11 0,91796875 0,078125 1 0,078125 1 0,328125 0,91796875 0,328125
8 0,7931640625 0,107877604166667 0,934049479166667 0,107877604166667 0,934049479166667 0,354231770833333 0,7931640625 0,354231770833333
5 0,697265625 0,125520833333333 0,846354166666667 0,125520833333333 0,846354166666667 0,378255208333333 0,697265625 0,378255208333333
5 0,602213541666667 0,14140625 0,75546875 0,14140625 0,75546875 0,398307291666667 0,602213541666667 0,398307291666667
6 0,287109375 0,640625 0,51171875 0,640625 0,51171875 1 0,287109375 1
9 0,154296875 0,66796875 0,392578125 0,66796875 0,392578125 1 0,154296875 1
9 0,025390625 0,71484375 0,26953125 0,71484375 0,26953125 1 0,025390625 1
36 0,660514791015625 0,74031334765625 0,632502603515625 0,746781294921875 0,636731337890625 0,825624494140625 0,6733752109375 0,82866769140625 0,660514791015625 0,74031334765625
12 0,632208412109375 0,7405317109375 0,5974091484375 0,741360310546875 0,599744333984375 0,8220026328125 0,639318091796875 0,82160013671875 0,632208412109375 0,7405317109375
31 0,563078484375 0,739292951171875 0,569564390625 0,824020125 0,604103650390625 0,82185007421875 0,60011205078125 0,740842140625 0,6012574453125 0,73919557421875 0,563078484375 0,739292951171875
2 0,554445943359375 0,73987426953125 0,520851669921875 0,7397270234375 0,52609538671875 0,822594576171875 0,561511228515625 0,82377815625 0,554445943359375 0,73987426953125
4 0,5078125 0,82254875390625 0,527333125 0,822381525390625 0,520378150390625 0,7389958046875 0,5078125 0,7389641328125 0,5078125 0,82254875390625