23 0,1640625 0,33203125 0,287109375 0,33203125 0,287109375 0,5 0,1640625 0,5
46 0,263671875 0,349609375 0,38671875 0,349609375 0,38671875 0,5 0,263671875 0,5
35 0,405248263671875 0,08864101171875 0,413895173828125 0,200333734375 0,470814453125 0,200174158203125 0,465116580078125 0,084935482421875 0,405248263671875 0,08864101171875
11 0,449580439814815 0,0860677083333333 0,514872685185185 0,0860677083333333 0,514872685185185 0,200434027777778 0,449580439814815 0,200434027777778
28 0,489626736111111 0,0859809027777778 0,558825231481482 0,0859809027777778 0,558825231481482 0,200434027777778 0,489626736111111 0,200434027777778
0 0,555078125 0,0845052083333333 0,61841724537037 0,0845052083333333 0,61841724537037 0,198828125 0,555078125 0,198828125
0 0,5970703125 0,0854383680555555 0,66431568287037 0,0854383680555555 0,66431568287037 0,199848090277778 0,5970703125 0,199848090277778
6 0,642954282407407 0,0845052083333333 0,710228587962963 0,0845052083333333 0,710228587962963 0,202821180555556 0,642954282407407 0,202821180555556
2 0,00977888671875 0,70240753125 0,000647658203125 0,71784124609375 0,04153683984375 0,721536521484375 0,0443720859375 0,677953369140625 0,010102236328125 0,674661841796875 0,00977888671875 0,70240753125
5 0,06173371484375 0,723788494140625 0,066274978515625 0,67817883203125 0,030523609375 0,6772148046875 0,026149291015625 0,720790751953125 0,06173371484375 0,723788494140625
13 0,085934130859375 0,72499510546875 0,090036228515625 0,68190605078125 0,05233562109375 0,679771755859375 0,04763246484375 0,72404336328125 0,085934130859375 0,72499510546875