15 0,240234375 0 0,3515625 0 0,3515625 0,201171875 0,240234375 0,201171875
4 0,099609375 0 0,28125 0 0,28125 0,169921875 0,099609375 0,169921875
8 0,0078125 0 0,1875 0 0,1875 0,14453125 0,0078125 0,14453125
3 0 0 0,09375 0 0,09375 0,12109375 0 0,12109375
21 0,42771556640625 0,3818359375 0,645483048828125 0,3818359375 0,657171005859375 0,3784583515625 0,64486215625 0,306599953125 0,423088396484375 0,355731716796875 0,42771556640625 0,3818359375
14 0,290849173828125 0,77928382421875 0,320830369140625 0,74665523828125 0,296182263671875 0,73636592578125 0,264569275390625 0,76805432421875 0,290849173828125 0,77928382421875
28 0,27766169140625 0,7698140390625 0,305195466796875 0,73837440625 0,28171682421875 0,728518765625 0,25204724609375 0,760334443359375 0,27766169140625 0,7698140390625
24 0,264190962890625 0,7616341953125 0,292594048828125 0,731568771484375 0,266763177734375 0,7223493046875 0,2374411015625 0,75109662109375 0,264190962890625 0,7616341953125
7 0,243335443359375 0,7069608671875 0,218557666015625 0,7415031796875 0,2363926328125 0,7487957421875 0,270493353515625 0,7215085859375 0,243335443359375 0,7069608671875
6 0,23013226171875 0,74284725390625 0,25597513671875 0,708126083984375 0,23179511328125 0,7014061484375 0,202458345703125 0,731301845703125 0,23013226171875 0,74284725390625
16 0,2143779375 0,73361945703125 0,24275212890625 0,703215806640625 0,216197546875 0,69385628515625 0,188521322265625 0,7233170625 0,2143779375 0,73361945703125
28 0,553493923611111 0,616731770833333 0,615559895833333 0,616731770833333 0,615559895833333 0,6716796875 0,553493923611111 0,6716796875
15 0,531322337962963 0,611328125 0,589482060185185 0,611328125 0,589482060185185 0,666015625 0,531322337962963 0,666015625
29 0,509295428240741 0,603971354166667 0,567455150462963 0,603971354166667 0,567455150462963 0,658658854166667 0,509295428240741 0,658658854166667
2 0,473668981481482 0,5927734375 0,53392650462963 0,5927734375 0,53392650462963 0,649544270833333 0,473668981481482 0,649544270833333
5 0,449688946759259 0,585286458333333 0,511899594907407 0,585286458333333 0,511899594907407 0,6421875 0,449688946759259 0,6421875
13 0,426613136574074 0,578841145833333 0,486870659722222 0,578841145833333 0,486870659722222 0,635611979166667 0,426613136574074 0,635611979166667