46 0,119145494140625 0,44140625 0,128780361328125 0,328864681640625 0,0216880546875 0,325893322265625 0,013321978515625 0,44140625 0,119145494140625 0,44140625
39 0,23414953515625 0,44140625 0,2491768515625 0,35421752734375 0,109269904296875 0,3370515703125 0,10007172265625 0,44140625 0,23414953515625 0,44140625
4 0,2197265625 0,353515625 0,3642578125 0,353515625 0,3642578125 0,44140625 0,2197265625 0,44140625
8 0,3173828125 0,36328125 0,4736328125 0,36328125 0,4736328125 0,44140625 0,3173828125 0,44140625
3 0,4208984375 0,365234375 0,5517578125 0,365234375 0,5517578125 0,44140625 0,4208984375 0,44140625
12 0,535331994140625 0 0,53692417578125 0,032375146484375 0,59731265625 0,027707748046875 0,59372934375 0 0,535331994140625 0
31 0,56966544921875 0 0,5726035546875 0,028172474609375 0,627912041015625 0,026105 0,62618321484375 0 0,56966544921875 0
2 0,61304396484375 0 0,614403216796875 0,02470000390625 0,670815740234375 0,018585494140625 0,6692584609375 0 0,61304396484375 0
12 0 0,4375 0,119140625 0,4375 0,119140625 0,501953125 0 0,501953125
20 0,0732421875 0,4375 0,2138671875 0,4375 0,2138671875 0,513671875 0,0732421875 0,513671875
1 0,2041015625 0,4375 0,3388671875 0,4375 0,3388671875 0,529296875 0,2041015625 0,529296875
8 0,2939453125 0,4375 0,4365234375 0,4375 0,4365234375 0,5390625 0,2939453125 0,5390625
7 0,3896484375 0,4375 0,5322265625 0,4375 0,5322265625 0,544921875 0,3896484375 0,544921875
21 0,727387152777778 0,673025173611111 0,792795138888889 0,673025173611111 0,792795138888889 0,760525173611111 0,727387152777778 0,760525173611111
10 0,758521412037037 0,6763671875 0,823929398148148 0,6763671875 0,823929398148148 0,7638671875 0,758521412037037 0,7638671875
31 0,791724537037037 0,679796006944444 0,857016782407407 0,679796006944444 0,857016782407407 0,765342881944444 0,791724537037037 0,765342881944444
2 0,832277199074074 0,683572048611111 0,903776041666667 0,683572048611111 0,903776041666667 0,775238715277778 0,832277199074074 0,775238715277778
2 0,866341145833333 0,688997395833333 0,935771122685185 0,688997395833333 0,935771122685185 0,778624131944444 0,866341145833333 0,778624131944444
3 0,899486400462963 0,693402777777778 0,968800636574074 0,693402777777778 0,968800636574074 0,781076388888889 0,899486400462963 0,781076388888889