21 0 0,203125 0,04296875 0,203125 0,04296875 0,318359375 0 0,318359375
12 0,00716145833333326 0,191840277777778 0,098828125 0,191840277777778 0,098828125 0,308854166666667 0,00716145833333326 0,308854166666667
6 0,07578125 0,182638888888889 0,161458333333333 0,182638888888889 0,161458333333333 0,297569444444444 0,07578125 0,297569444444444
9 0,123893229166667 0,172981770833333 0,205924479166667 0,172981770833333 0,205924479166667 0,291731770833333 0,123893229166667 0,291731770833333
5 0,1720703125 0,164301215277778 0,252278645833333 0,164301215277778 0,252278645833333 0,2849609375 0,1720703125 0,2849609375
33 0,874283854166667 0,0870876736111112 0,937434895833333 0,0870876736111112 0,937434895833333 0,185915798611111 0,874283854166667 0,185915798611111
19 0,907942708333333 0,0800347222222223 0,976953125 0,0800347222222223 0,976953125 0,178993055555556 0,907942708333333 0,178993055555556
10 0,94921875 0,076171875 1 0,076171875 1 0,169921875 0,94921875 0,169921875
21 0 0,5390625 0,091796875 0,5390625 0,091796875 0,78125 0 0,78125
10 0 0,5390625 0,23046875 0,5390625 0,23046875 0,755859375 0 0,755859375
40 0,123046875 0,5390625 0,373046875 0,5390625 0,373046875 0,734375 0,123046875 0,734375
0 0,310546875 0,5390625 0,51171875 0,5390625 0,51171875 0,703125 0,310546875 0,703125