10 0,329991319444444 0,324399594907407 0,395833333333333 0,324399594907407 0,395833333333333 0,387492766203704 0,329991319444444 0,387492766203704
27 0,303493923611111 0,319871238425926 0,373285590277778 0,319871238425926 0,373285590277778 0,385149016203704 0,303493923611111 0,385149016203704
37 0,27890625 0,313621238425926 0,346788194444444 0,313621238425926 0,346788194444444 0,380736400462963 0,27890625 0,380736400462963
8 0,241493055555555 0,302264178240741 0,307465277777778 0,302264178240741 0,307465277777778 0,371216724537037 0,241493055555555 0,371216724537037
4 0,215993923611111 0,29888599537037 0,282052951388889 0,29888599537037 0,282052951388889 0,371744791666667 0,215993923611111 0,371744791666667
7 0,1904296875 0,292578125 0,256358506944444 0,292578125 0,256358506944444 0,359577546296296 0,1904296875 0,359577546296296
51 1 0,189980904296875 0,97185043359375 0,182422060546875 0,87595441015625 0,5087890625 1 0,5087890625 1 0,189980904296875
40 0,894376611328125 0,5087890625 0,978488716796875 0,187534095703125 0,8207545234375 0,149094705078125 0,726567828125 0,5087890625 0,894376611328125 0,5087890625
3 0,5791015625 0,3424473359375 0,5791015625 0,5087890625 0,69751776953125 0,5087890625 0,798446431640625 0,1396999296875 0,651169296875 0,089710388671875 0,5791015625 0,3424473359375
43 0,300961109375 0,944665326171875 0,256751615234375 0,98332259765625 0,279558228515625 0,9990234375 0,383943603515625 0,9990234375 0,30079999609375 0,945199673828125 0,300961109375 0,944665326171875
21 0,292142041015625 0,946983017578125 0,370205876953125 0,9990234375 0,45600953125 0,9990234375 0,342277490234375 0,9034283125 0,292142041015625 0,946983017578125
4 0,388829701171875 0,85546507421875 0,352060580078125 0,890073583984375 0,501350037109375 0,9990234375 0,516786408203125 0,9990234375 0,544413767578125 0,972647548828125 0,388829701171875 0,85546507421875
0 0,544089279296875 0,96965538671875 0,576156412109375 0,934676921875 0,42510275 0,816833044921875 0,381545109375 0,851758759765625 0,544089279296875 0,96965538671875
3 0,6005859375 0,911982296875 0,6005859375 0,88650787109375 0,455334009765625 0,781710818359375 0,41068963671875 0,8179923828125 0,57948661328125 0,9338655859375 0,6005859375 0,911982296875
21 0,935546875 0,607421875 1 0,607421875 1 0,716796875 0,935546875 0,716796875
10 0,89296875 0,599103009259259 0,985286458333333 0,599103009259259 0,985286458333333 0,712528935185185 0,89296875 0,712528935185185
0 0,836979166666667 0,58763744212963 0,931206597222222 0,58763744212963 0,931206597222222 0,699225983796296 0,836979166666667 0,699225983796296
5 0,798589409722222 0,576453993055556 0,888910590277778 0,576453993055556 0,888910590277778 0,687811053240741 0,798589409722222 0,687811053240741
0 0,755447048611111 0,571187789351852 0,845681423611111 0,571187789351852 0,845681423611111 0,678638599537037 0,755447048611111 0,678638599537037