22 0,521948361328125 0 0,543620322265625 0,138177892578125 0,5625 0,136410451171875 0,5625 0 0,521948361328125 0
21 0,461342875 0 0,472801646484375 0,14278034375 0,546628330078125 0,137720703125 0,529556982421875 0 0,461342875 0
35 0,388099599609375 0 0,40345168359375 0,149354603515625 0,480021666015625 0,142151076171875 0,463698767578125 0 0,388099599609375 0
3 0,3072153828125 0 0,293508416015625 0,000793814453125 0,31880979296875 0,161763384765625 0,390854484375 0,155161640625 0,370044966796875 0 0,3072153828125 0
9 0,324875544921875 0,160049447265625 0,30014378515625 0,002334375 0,22719199609375 0,01407841796875 0,261605755859375 0,16481884375 0,324875544921875 0,160049447265625
2 0,262324724609375 0,165506423828125 0,238617685546875 0,01041991015625 0,166183279296875 0,01873429296875 0,185973638671875 0,172166478515625 0,262324724609375 0,165506423828125
13 0,80584644140625 0,389747451171875 0,770952763671875 0,19630659375 0,70454631640625 0,20171495703125 0,739877404296875 0,40017160546875 0,80584644140625 0,389747451171875
12 0,74622939453125 0,40075285546875 0,7111141640625 0,20616844140625 0,645794990234375 0,215709232421875 0,6838673828125 0,4102524609375 0,74622939453125 0,40075285546875
12 0,690284517578125 0,412739640625 0,651719921875 0,214384552734375 0,5845703359375 0,221498783203125 0,622658134765625 0,41953305859375 0,690284517578125 0,412739640625
8 0,5546875 0,433955984375 0,604500697265625 0,426326462890625 0,560046271484375 0,22668837109375 0,5546875 0,22702059375 0,5546875 0,433955984375
40 0,5546875 0,62890625 0,5546875 0,744324880859375 0,81255377734375 0,6555836953125 0,8071835625 0,62890625 0,5546875 0,62890625
43 0,5546875 0,8846781328125 0,85986604296875 0,787831447265625 0,8185248203125 0,633377326171875 0,5546875 0,732664392578125 0,5546875 0,8846781328125
6 0,79966005078125 1 0,9261495546875 0,956623869140625 0,88474011328125 0,833849775390625 0,5546875 0,931354 0,5546875 1 0,79966005078125 1