22 0,2907568984375 0,501052732421875 0,24932525390625 0,342296658203125 0,17887064453125 0,351839890625 0,219722443359375 0,50873970703125 0,2907568984375 0,501052732421875
21 0,22462364453125 0,507831509765625 0,18261827734375 0,352458955078125 0,117379337890625 0,359608193359375 0,154961951171875 0,517182056640625 0,22462364453125 0,507831509765625
35 0,159766052734375 0,515655259765625 0,1170001796875 0,359140958984375 0,047607892578125 0,3671579296875 0,089807619140625 0,528389712890625 0,159766052734375 0,515655259765625
3 0 0,5244148671875 0,00400638671875 0,53635453515625 0,070990521484375 0,52920529296875 0,027957015625 0,372498306640625 0 0,37432741015625 0 0,5244148671875
9 0,9140625 0,076171875 1 0,076171875 1 0,2578125 0,9140625 0,2578125
3 0,850260416666667 0,0934244791666667 0,980208333333333 0,0934244791666667 0,980208333333333 0,2873046875 0,850260416666667 0,2873046875
0 0,7890625 0,111566840277778 0,912760416666667 0,111566840277778 0,912760416666667 0,299457465277778 0,7890625 0,299457465277778
21 0,470834921875 1 0,45547978125 0,941518716796875 0,396906916015625 0,950971095703125 0,407602712890625 1 0,470834921875 1
26 0,408563435546875 1 0,397277251953125 0,953294234375 0,3347380703125 0,961637453125 0,343631046875 1 0,408563435546875 1
32 0,7890625 0,5859375 1 0,5859375 1 0,935546875 0,7890625 0,935546875
29 0,6712890625 0,613020833333333 0,8912109375 0,613020833333333 0,8912109375 0,957118055555555 0,6712890625 0,957118055555555
22 0,539973958333333 0,647157118055556 0,771744791666667 0,647157118055556 0,771744791666667 0,993467881944444 0,539973958333333 0,993467881944444
3 0,4853515625 0,6796875 0,5908203125 0,6796875 0,5908203125 1 0,4853515625 1