21 0,146629050925926 0,0777994791666666 0,205483217592593 0,0777994791666666 0,205483217592593 0,147099247685185 0,146629050925926 0,147099247685185
30 0,120493344907407 0,0839482060185185 0,175441261574074 0,0839482060185185 0,175441261574074 0,152958622685185 0,120493344907407 0,152958622685185
13 0,0933810763888889 0,0897352430555556 0,150282118055556 0,0897352430555556 0,150282118055556 0,158890335648148 0,0933810763888889 0,158890335648148
8 0,0575376157407408 0,097439236111111 0,112485532407407 0,097439236111111 0,112485532407407 0,166449652777778 0,0575376157407408 0,166449652777778
0 0,0295066550925926 0,104275173611111 0,0864076967592593 0,104275173611111 0,0864076967592593 0,173430266203704 0,0295066550925926 0,173430266203704
1 0,00532407407407409 0,110134548611111 0,0603877314814815 0,110134548611111 0,0603877314814815 0,181098090277778 0,00532407407407409 0,181098090277778
20 1 0,187043796875 0,9303173671875 0,247672884765625 1 0,443019263671875 1 0,187043796875
0 0,913665431640625 0,498046875 0,853208169921875 0,350375794921875 0,778515623046875 0,413777 0,808413107421875 0,498046875 0,913665431640625 0,498046875
9 0,820815865234375 0,498046875 0,791084541015625 0,415128013671875 0,71632212890625 0,475331611328125 0,724288916015625 0,498046875 0,820815865234375 0,498046875
9 0,301519097222222 0,510669849537037 0,341970486111111 0,510669849537037 0,341970486111111 0,531937210648148 0,301519097222222 0,531937210648148
19 0,365234375 0,501953125 0,404296875 0,501953125 0,404296875 0,515625 0,365234375 0,515625
7 0,282219328703704 0,516167534722222 0,320601851851852 0,516167534722222 0,320601851851852 0,535337094907407 0,282219328703704 0,535337094907407
3 0,262745949074074 0,518446180555556 0,303197337962963 0,518446180555556 0,303197337962963 0,539713541666667 0,262745949074074 0,539713541666667
24 0,34765625 0,501953125 0,384765625 0,501953125 0,384765625 0,51953125 0,34765625 0,51953125
21 0,33056560546875 0,5207773046875 0,3327862734375 0,525047408203125 0,367286634765625 0,52194386328125 0,360029650390625 0,504989515625 0,34600503125 0,505688615234375 0,35002255078125 0,517362078125 0,33056560546875 0,5207773046875
29 0,837890625 0,638671875 1 0,638671875 1 0,984375 0,837890625 0,984375
22 0,703125 0,677734375 0,921875 0,677734375 0,921875 0,998046875 0,703125 0,998046875
3 0,53125 0,71484375 0,73828125 0,71484375 0,73828125 0,998046875 0,53125 0,998046875