21 0,229004345703125 0,52750889453125 0,220867173828125 0,463554484375 0,193561548828125 0,465631240234375 0,1998203515625 0,530342443359375 0,229004345703125 0,52750889453125
30 0,255108296875 0,5242145 0,2499262265625 0,459564064453125 0,220890103515625 0,4623130234375 0,22851914453125 0,52760683203125 0,255108296875 0,5242145
13 0,282725986328125 0,519538818359375 0,276875796875 0,456995169921875 0,248307859375 0,460005783203125 0,253585798828125 0,52338334375 0,282725986328125 0,519538818359375
8 0,320475931640625 0,516067880859375 0,3127910390625 0,45247622265625 0,286132107421875 0,455059775390625 0,292545275390625 0,51897870703125 0,320475931640625 0,516067880859375
0 0,3480695390625 0,51343652734375 0,341769369140625 0,45053012890625 0,311989966796875 0,453628490234375 0,319287390625 0,515621849609375 0,3480695390625 0,51343652734375
1 0,371422974609375 0,51144490234375 0,36425673828125 0,4471840390625 0,34191088671875 0,449532255859375 0,348841046875 0,513611744140625 0,371422974609375 0,51144490234375
10 0,67827788671875 0 0,702466353515625 0,1414898671875 0,763520888671875 0,151774818359375 0,73150630078125 0 0,67827788671875 0
11 0,7637120546875 0,15514055859375 0,82558713671875 0,1582949296875 0,812474626953125 0,083789611328125 0,798000357421875 0,007467353515625 0,731333244140625 0,004404392578125 0,7637120546875 0,15514055859375
30 0,890321376953125 0,181738912109375 0,874825232421875 0,0320385390625 0,79863751953125 0,017031318359375 0,823312814453125 0,170888884765625 0,890321376953125 0,181738912109375
0 0,990168556640625 0,212518630859375 0,96874345703125 0,054815076171875 0,8993071171875 0,043817033203125 0,916614759765625 0,191381607421875 0,990168556640625 0,212518630859375
0 1 0,060743552734375 0,969430486328125 0,05732666015625 0,984793626953125 0,21179559765625 1 0,215377564453125 1 0,060743552734375
27 0 0,601750185546875 0,009424767578125 0,642462359375 0,076292537109375 0,639344953125 0,0587579609375 0,55859375 0 0,55859375 0 0,601750185546875
33 0,058446171875 0,55859375 0,074802404296875 0,6402315 0,141471658203125 0,636227384765625 0,126483177734375 0,55859375 0,058446171875 0,55859375
7 0,152415107421875 0,55859375 0,168921423828125 0,6341465 0,224709337890625 0,6294650390625 0,219598806640625 0,55859375 0,152415107421875 0,55859375
6 0,21991079296875 0,55859375 0,225768763671875 0,631407552734375 0,295257875 0,626243029296875 0,287261109375 0,55859375 0,21991079296875 0,55859375
3 0,28681226171875 0,55859375 0,29356112109375 0,627129578125 0,36080140625 0,622193431640625 0,354641123046875 0,55859375 0,28681226171875 0,55859375