45 0,00449218750000002 0,364482060185185 0,160698784722222 0,364482060185185 0,160698784722222 0,535286458333333 0,00449218750000002 0,535286458333333
39 0,0733506944444444 0,341558159722222 0,223697916666667 0,341558159722222 0,223697916666667 0,512319155092593 0,0733506944444444 0,512319155092593
51 0,143967013888889 0,317614293981481 0,292578125 0,317614293981481 0,292578125 0,498126446759259 0,143967013888889 0,498126446759259
4 0,240516493055556 0,290552662037037 0,3869140625 0,290552662037037 0,3869140625 0,459331597222222 0,240516493055556 0,459331597222222
0 0,2958984375 0,267578125 0,3955078125 0,267578125 0,3955078125 0,435546875 0,2958984375 0,435546875
46 0,8828014609375 0,141035134765625 0,86954997265625 0,0445019609375 0,61629590625 0,072062662109375 0,6231070703125 0,159194080078125 0,8828014609375 0,141035134765625
42 0,894030763671875 0,239312560546875 0,87908478515625 0,1432311953125 0,622223673828125 0,168667255859375 0,62728480859375 0,2561558515625 0,894030763671875 0,239312560546875
46 0,898404013671875 0,342463876953125 0,881389458984375 0,2326544453125 0,625889298828125 0,26251959765625 0,627910240234375 0,35244188671875 0,898404013671875 0,342463876953125
4 0,620076810546875 0,492920025390625 0,910607716796875 0,471486158203125 0,90734665625 0,377290564453125 0,6228013515625 0,40043413671875 0,620076810546875 0,492920025390625
4 0,625596974609375 0,576171875 0,7728077421875 0,576171875 0,896176513671875 0,566622552734375 0,901524341796875 0,47071741015625 0,623081390625 0,5013079765625 0,625596974609375 0,576171875
0 0 0,580078125 0,109375 0,580078125 0,109375 0,919921875 0 0,919921875
0 0,0048828125 0,580078125 0,2607421875 0,580078125 0,2607421875 0,88671875 0,0048828125 0,88671875
7 0,1494140625 0,580078125 0,3955078125 0,580078125 0,3955078125 0,84765625 0,1494140625 0,84765625
11 0,3623046875 0,868791626953125 0,3623046875 0,998046875 0,474247458984375 0,998046875 0,407062310546875 0,85870246484375 0,3623046875 0,868791626953125
25 0,406438384765625 0,854434236328125 0,46099812890625 0,998046875 0,592179708984375 0,998046875 0,528216923828125 0,817146697265625 0,406438384765625 0,854434236328125
22 0,506080130859375 0,825774013671875 0,569646654296875 0,998046875 0,727053212890625 0,998046875 0,641312681640625 0,777753765625 0,506080130859375 0,825774013671875
5 0,812008814453125 0,728836169921875 0,665245373046875 0,770396349609375 0,75167889453125 0,998046875 0,878094931640625 0,998046875 0,88576542578125 0,99587313671875 0,812008814453125 0,728836169921875
2 1 0,929548005859375 0,929464328125 0,68840427734375 0,78577787890625 0,733419095703125 0,8722692109375 0,998046875 0,91344479296875 0,998046875 1 0,9695841484375 1 0,929548005859375
4 1 0,68158221875 0,9110331640625 0,69942005859375 1 0,948808041015625 1 0,68158221875