12 0,404665798611111 0,240017361111111 0,461740451388889 0,240017361111111 0,461740451388889 0,349392361111111 0,404665798611111 0,349392361111111
38 0,359852430555556 0,243236400462963 0,416927083333333 0,243236400462963 0,416927083333333 0,352611400462963 0,359852430555556 0,352611400462963
47 0,321831597222222 0,244755497685185 0,37109375 0,244755497685185 0,37109375 0,353841145833333 0,321831597222222 0,353841145833333
3 0,250499131944445 0,240162037037037 0,309613715277778 0,240162037037037 0,309613715277778 0,353515625 0,250499131944445 0,353515625
3 0,202799479166667 0,245225694444444 0,257921006944444 0,245225694444444 0,257921006944444 0,354528356481482 0,202799479166667 0,354528356481482
7 0,162803819444444 0,245695891203704 0,212196180555556 0,245695891203704 0,212196180555556 0,360640914351852 0,162803819444444 0,360640914351852
21 0,473210037109375 0,48828125 0,567637626953125 0,48828125 0,57277749609375 0,47166161328125 0,4677734375 0,432109732421875 0,4677734375 0,486461822265625 0,473210037109375 0,48828125
43 0,4677734375 0,430245767578125 0,574114943359375 0,465915205078125 0,59921043359375 0,40547384375 0,4677734375 0,367757544921875 0,4677734375 0,430245767578125
21 0,4677734375 0,370161369140625 0,5971832265625 0,409077673828125 0,608515052734375 0,358139939453125 0,4677734375 0,310532626953125 0,4677734375 0,370161369140625
4 0,4677734375 0,294129134765625 0,61484827734375 0,33089772265625 0,6308050625 0,284179404296875 0,4677734375 0,237135869140625 0,4677734375 0,294129134765625
0 0,4677734375 0,191950271484375 0,4677734375 0,23914684765625 0,6332220390625 0,28986007421875 0,64644387109375 0,24532815234375 0,469108755859375 0,187251345703125 0,4677734375 0,191950271484375
3 0,651244861328125 0,244537267578125 0,66402624609375 0,19429180859375 0,486918966796875 0,14693884375 0,471496078125 0,190789439453125 0,651244861328125 0,244537267578125
40 0,4697265625 0,48828125 0,214021642578125 0,48828125 0,220303482421875 0,571973572265625 0,4697265625 0,521266705078125 0,4697265625 0,48828125
43 0,4697265625 0,508057345703125 0,217269765625 0,566802255859375 0,24556990625 0,699410369140625 0,4697265625 0,66002398828125 0,4697265625 0,508057345703125
6 0,4697265625 0,707385685546875 0,230467384765625 0,74398615625 0,2704295703125 0,892068248046875 0,4697265625 0,852436208984375 0,4697265625 0,707385685546875
9 0,378448361328125 1 0,4697265625 0,984606466796875 0,4697265625 0,84917000390625 0,274328078125 0,878960076171875 0,307433029296875 1 0,378448361328125 1
7 0,617795138888889 0,89869068287037 0,639713541666667 0,89869068287037 0,639713541666667 0,9189453125 0,617795138888889 0,9189453125
9 0,637326388888889 0,8994140625 0,659244791666667 0,8994140625 0,659244791666667 0,91966869212963 0,637326388888889 0,91966869212963
3 0,597287326388889 0,897931134259259 0,621202256944444 0,897931134259259 0,621202256944444 0,920211226851852 0,597287326388889 0,920211226851852
24 0,683138020833333 0,89720775462963 0,707052951388889 0,89720775462963 0,707052951388889 0,919487847222222 0,683138020833333 0,919487847222222
19 0,701671006944444 0,896918402777778 0,7255859375 0,896918402777778 0,7255859375 0,91919849537037 0,701671006944444 0,91919849537037
21 0,663628472222222 0,8974609375 0,687543402777778 0,8974609375 0,687543402777778 0,919741030092593 0,663628472222222 0,919741030092593