35 0,338606770833333 0,332016782407407 0,395247395833333 0,332016782407407 0,395247395833333 0,422641782407407 0,338606770833333 0,422641782407407
27 0,305230034722222 0,326128472222222 0,357964409722222 0,326128472222222 0,357964409722222 0,416550925925926 0,305230034722222 0,416550925925926
22 0,269900173611111 0,320037615740741 0,324587673611111 0,320037615740741 0,324587673611111 0,410561342592593 0,269900173611111 0,410561342592593
4 0,220855034722222 0,312803819444444 0,275542534722222 0,312803819444444 0,275542534722222 0,403327546296296 0,220855034722222 0,403327546296296
0 0,186501736111111 0,306763599537037 0,241189236111111 0,306763599537037 0,241189236111111 0,397287326388889 0,186501736111111 0,397287326388889
8 0,152170138888889 0,301801215277778 0,204861111111111 0,301801215277778 0,204861111111111 0,390270543981481 0,152170138888889 0,390270543981481
0 0 0,509765625 0,171875 0,509765625 0,171875 0,6953125 0 0,6953125
40 0,0791015625 0,509765625 0,3701171875 0,509765625 0,3701171875 0,658203125 0,0791015625 0,658203125
10 0,304294998046875 0,509765625 0,306239654296875 0,6119956875 0,451916478515625 0,5766248828125 0,4447595078125 0,509765625 0,304294998046875 0,509765625
10 0,84765625 0,509765625 1 0,509765625 1 0,861328125 0,84765625 0,861328125
20 0,7099609375 0,509765625 0,9306640625 0,509765625 0,9306640625 0,849609375 0,7099609375 0,849609375
2 0,5478515625 0,509765625 0,7451171875 0,509765625 0,7451171875 0,82421875 0,5478515625 0,82421875
8 0,4990234375 0,509765625 0,6201171875 0,509765625 0,6201171875 0,802734375 0,4990234375 0,802734375