39 0,0390407986111111 0,0238932291666667 0,199457465277778 0,0238932291666667 0,199457465277778 0,221940104166667 0,0390407986111111 0,221940104166667
23 0 0 0,138671875 0 0,138671875 0,19921875 0 0,19921875
43 0 0 0,0625 0 0,0625 0,173828125 0 0,173828125
11 0,1572265625 0 0,3369140625 0 0,3369140625 0,115234375 0,1572265625 0,115234375
24 0,2373046875 0 0,4677734375 0 0,4677734375 0,1484375 0,2373046875 0,1484375
16 0,3603515625 0 0,5986328125 0 0,5986328125 0,1796875 0,3603515625 0,1796875
24 0,5556640625 0 0,8037109375 0 0,8037109375 0,234375 0,5556640625 0,234375
29 0,6923828125 0 0,9326171875 0 0,9326171875 0,2734375 0,6923828125 0,2734375
10 0,826171875 0,03125 1 0,03125 1 0,3046875 0,826171875 0,3046875
40 0,0224609375 0,568359375 0,2021484375 0,568359375 0,2021484375 0,76171875 0,0224609375 0,76171875
52 0,0908203125 0,568359375 0,2021484375 0,568359375 0,2021484375 0,8046875 0,0908203125 0,8046875
28 0,4721039609375 0,750313751953125 0,5304460859375 0,626393046875 0,4835566953125 0,61987680078125 0,42449109765625 0,74404991796875 0,4721039609375 0,750313751953125
10 0,5083247265625 0,760880765625 0,550283462890625 0,627639740234375 0,52104153125 0,624859232421875 0,451673470703125 0,754147037109375 0,5083247265625 0,760880765625
31 0,58671393359375 0,636074259765625 0,529445970703125 0,629846875 0,528883779296875 0,629771849609375 0,486184564453125 0,7603505078125 0,51572244921875 0,764292341796875 0,58671393359375 0,636074259765625
2 0,56632282421875 0,774429173828125 0,6208127890625 0,645362908203125 0,572991404296875 0,63660082421875 0,515027501953125 0,76659991796875 0,56632282421875 0,774429173828125
9 0,5807263515625 0,780245509765625 0,65399469140625 0,65549241796875 0,59848522265625 0,645443494140625 0,54395879296875 0,77535098828125 0,5807263515625 0,780245509765625
6 0,62408012109375 0,78827782421875 0,676505203125 0,661630740234375 0,642645134765625 0,6585536796875 0,566050123046875 0,78032609765625 0,62408012109375 0,78827782421875