35 0,224652777777778 0,0309244791666666 0,266290509259259 0,0309244791666666 0,266290509259259 0,117947048611111 0,224652777777778 0,117947048611111
27 0,189518229166667 0,0366030092592592 0,229202835648148 0,0366030092592592 0,229202835648148 0,123480902777778 0,189518229166667 0,123480902777778
22 0,154369212962963 0,0401837384259259 0,194039351851852 0,0401837384259259 0,194039351851852 0,125108506944444 0,154369212962963 0,125108506944444
4 0,104571759259259 0,0447048611111112 0,146209490740741 0,0447048611111112 0,146209490740741 0,131727430555556 0,104571759259259 0,131727430555556
0 0,0704065393518518 0,0493344907407408 0,110091145833333 0,0493344907407408 0,110091145833333 0,136212384259259 0,0704065393518518 0,136212384259259
8 0,0342809606481482 0,0529875578703703 0,0739800347222222 0,0529875578703703 0,0739800347222222 0,141818576388889 0,0342809606481482 0,141818576388889
24 0,78274627734375 0,136156541015625 0,766401291015625 0,14172393359375 0,77607690625 0,181031677734375 0,790917732421875 0,174779720703125 0,78274627734375 0,136156541015625
13 0,776419708984375 0,181863197265625 0,76489680859375 0,14103940234375 0,748308517578125 0,14255496484375 0,760126517578125 0,188298599609375 0,776419708984375 0,181863197265625
18 0,757989564453125 0,18681953515625 0,7490459375 0,145086337890625 0,733705884765625 0,14790189453125 0,743456427734375 0,193323755859375 0,757989564453125 0,18681953515625
6 0,73279787890625 0,19613065625 0,722164017578125 0,15548589453125 0,7042975 0,160079390625 0,716214677734375 0,202602755859375 0,73279787890625 0,19613065625
6 0,7168474921875 0,203397578125 0,702299224609375 0,160915279296875 0,687098548828125 0,166046359375 0,69879489453125 0,209764076171875 0,7168474921875 0,203397578125
14 0,697871416015625 0,209006033203125 0,687133294921875 0,16662500390625 0,66937073046875 0,172955134765625 0,6798706328125 0,21624087109375 0,697871416015625 0,209006033203125
20 0,30834777734375 0,96067727734375 0,3268203828125 0,965120552734375 0,352870255859375 0,936566203125 0,337148154296875 0,93245271484375 0,30834777734375 0,96067727734375
12 0,336099697265625 0,93394162890625 0,322666474609375 0,930047201171875 0,295387130859375 0,957061958984375 0,308850669921875 0,961461224609375 0,336099697265625 0,93394162890625
35 0,32202916796875 0,930806279296875 0,304635333984375 0,92537892578125 0,275609564453125 0,95363137890625 0,2947397109375 0,957652552734375 0,32202916796875 0,930806279296875
7 0,300468728515625 0,92421097265625 0,28367797265625 0,921250046875 0,25938540625 0,94873383984375 0,270273283203125 0,951933615234375 0,300468728515625 0,92421097265625
0 0,281861671875 0,921310099609375 0,26427195703125 0,916416203125 0,23917648828125 0,94569674609375 0,258090560546875 0,9499150234375 0,281861671875 0,921310099609375
6 0,26107998828125 0,9163114140625 0,250602427734375 0,912381908203125 0,222140181640625 0,942427984375 0,2398744609375 0,945947962890625 0,26107998828125 0,9163114140625
9 0,83072193287037 0,676866319444444 0,852394386574074 0,676866319444444 0,852394386574074 0,70384837962963 0,83072193287037 0,70384837962963
7 0,810206886574074 0,677408854166667 0,831879340277778 0,677408854166667 0,831879340277778 0,704390914351852 0,810206886574074 0,704390914351852
3 0,79068287037037 0,679976851851852 0,810402199074074 0,679976851851852 0,810402199074074 0,706814236111111 0,79068287037037 0,706814236111111
19 0,900065104166667 0,672706886574074 0,92173755787037 0,672706886574074 0,92173755787037 0,699688946759259 0,900065104166667 0,699688946759259
24 0,879557291666667 0,674225983796296 0,90122974537037 0,674225983796296 0,90122974537037 0,701208043981481 0,879557291666667 0,701208043981481
21 0,859049479166667 0,675745081018519 0,88072193287037 0,675745081018519 0,88072193287037 0,702727141203704 0,859049479166667 0,702727141203704