12 0,675793404296875 0,419053591796875 0,597331865234375 0,378343212890625 0,493411408203125 0,544217693359375 0,56635906640625 0,58314090234375 0,675793404296875 0,419053591796875
23 0,505592927734375 0,321445431640625 0,41141725390625 0,496404615234375 0,491543435546875 0,540666216796875 0,5898484375 0,36843485546875 0,591238392578125 0,3674953125 0,505592927734375 0,321445431640625
10 0,50345389453125 0,315670697265625 0,44581672265625 0,286421921875 0,333060451171875 0,452434677734375 0,412101548828125 0,497620666015625 0,50345389453125 0,315670697265625
7 0,392768794921875 0,240395458984375 0,30749015625 0,197732 0,215024880859375 0,380674080078125 0,284209384765625 0,4158110546875 0,392768794921875 0,240395458984375
3 0,31181325 0,198305662109375 0,225868771484375 0,1567249921875 0,145763666015625 0,330122978515625 0,23007030859375 0,373724009765625 0,31181325 0,198305662109375
7 0,227888978515625 0,1491689765625 0,145234732421875 0,116951326171875 0,075943052734375 0,298342134765625 0,143674859375 0,3276408984375 0,227888978515625 0,1491689765625
37 1 0,173444546875 0,9512840546875 0,169189654296875 0,92186026171875 0,296321068359375 0,980789291015625 0,299801521484375 1 0,2274195234375 1 0,173444546875
46 0,95715345703125 0,170013365234375 0,90145435546875 0,169483984375 0,870447904296875 0,29107471875 0,927083966796875 0,292756634765625 0,95715345703125 0,170013365234375
18 0,55185504296875 0,937329349609375 0,537193861328125 0,9990234375 0,640047744140625 0,9990234375 0,651210193359375 0,9456521875 0,55185504296875 0,937329349609375
16 0,432647328125 0,9242377265625 0,417030455078125 0,9990234375 0,537528865234375 0,9990234375 0,552340650390625 0,935214830078125 0,432647328125 0,9242377265625
3 0,283449658203125 0,895814087890625 0,2656204765625 0,9990234375 0,380334556640625 0,9990234375 0,399184169921875 0,909551421875 0,283449658203125 0,895814087890625
0 0,1747589375 0,884094716796875 0,1567253125 0,9990234375 0,271023265625 0,9990234375 0,290802935546875 0,896311861328125 0,1747589375 0,884094716796875
3 0,066815099609375 0,869754458984375 0,046595517578125 0,9990234375 0,161993578125 0,9990234375 0,17828109375 0,88248626953125 0,066815099609375 0,869754458984375