25 1 0,001953125 0,887579126953125 0,001953125 0,88990514453125 0,170489568359375 1 0,17692969921875 1 0,001953125
15 0,92089808203125 0,181472953125 0,92238276171875 0,001953125 0,771721203125 0,001953125 0,80515521484375 0,167316984375 0,92089808203125 0,181472953125
10 0,8106764375 0,174724333984375 0,76893137890625 0,001953125 0,656726572265625 0,001953125 0,634553365234375 0,161960474609375 0,8106764375 0,174724333984375
2 0,63850596484375 0,159749857421875 0,623143396484375 0,001953125 0,460061408203125 0,001953125 0,475372869140625 0,14999467578125 0,63850596484375 0,159749857421875
7 0,503449240234375 0,155694095703125 0,490002166015625 0,001953125 0,337718638671875 0,001953125 0,369878072265625 0,149673494140625 0,503449240234375 0,155694095703125
0 0,39570526171875 0,1529822734375 0,366781212890625 0,001953125 0,21579424609375 0,001953125 0,250078251953125 0,143862142578125 0,39570526171875 0,1529822734375
8 0,169921875 0,578125 0,240234375 0,578125 0,240234375 0,658203125 0,169921875 0,658203125
23 0,673372395833333 0,807877604166667 0,786017071759259 0,807877604166667 0,786017071759259 0,929231770833333 0,673372395833333 0,929231770833333
44 0,496614583333333 0,79609375 0,607074652777778 0,79609375 0,607074652777778 0,913411458333333 0,496614583333333 0,913411458333333
23 0,724153645833333 0,811263020833333 0,8447265625 0,811263020833333 0,8447265625 0,935091145833333 0,724153645833333 0,935091145833333
44 0,449913194444444 0,7958984375 0,55083912037037 0,7958984375 0,55083912037037 0,916471354166667 0,449913194444444 0,916471354166667
44 0,553255208333333 0,799869791666667 0,663715277777778 0,799869791666667 0,663715277777778 0,9171875 0,553255208333333 0,9171875
39 0,634657118055556 0,8111328125 0,7373046875 0,8111328125 0,7373046875 0,9279296875 0,634657118055556 0,9279296875