8 0,8515625 0 1 0 1 0,115234375 0,8515625 0,115234375
5 0,7568359375 0 0,9306640625 0 0,9306640625 0,099609375 0,7568359375 0,099609375
5 0,6611328125 0 0,8388671875 0 0,8388671875 0,08203125 0,6611328125 0,08203125
30 0,43325544140625 1 0,4775390625 0,834966109375 0,4775390625 0,618020158203125 0,364341998046875 0,58289958203125 0,271938607421875 0,9655214140625 0,37904659765625 1 0,43325544140625 1
27 0,2897364921875 0,956611763671875 0,3720875390625 0,5667969609375 0,226398416015625 0,520809763671875 0,13710065234375 0,89584356640625 0,2897364921875 0,956611763671875
6 0 0,822048271484375 0,11486648828125 0,858707349609375 0,188123892578125 0,507663095703125 0,04432155859375 0,442530875 0 0,64284934765625 0 0,822048271484375
28 0,735633680555556 0,475991030092593 0,856553819444444 0,475991030092593 0,856553819444444 0,65181568287037 0,735633680555556 0,65181568287037
16 0,677387152777778 0,465140335648148 0,800260416666667 0,465140335648148 0,800260416666667 0,641066261574074 0,677387152777778 0,641066261574074
30 0,617100694444445 0,458094618055556 0,741840277777778 0,458094618055556 0,741840277777778 0,63216869212963 0,617100694444445 0,63216869212963
4 0,532486979166667 0,443923611111111 0,657313368055555 0,443923611111111 0,657313368055555 0,619950810185185 0,532486979166667 0,619950810185185
6 0,468250868055556 0,433745659722222 0,5970703125 0,433745659722222 0,5970703125 0,611928530092593 0,468250868055556 0,611928530092593
6 0,4404296875 0,42578125 0,5283203125 0,42578125 0,5283203125 0,6015625 0,4404296875 0,6015625