3 0,109375 0 0,244140625 0 0,244140625 0,076171875 0,109375 0,076171875
1 0,04296875 0 0,171875 0 0,171875 0,08984375 0,04296875 0,08984375
8 0 0 0,103515625 0 0,103515625 0,103515625 0 0,103515625
23 0,857312138671875 0 0,88947291796875 0,181567572265625 1 0,144392794921875 1 0 0,857312138671875 0
31 0,73438639453125 0 0,784091884765625 0,2049466171875 0,894613435546875 0,166380271484375 0,864907318359375 0 0,73438639453125 0
37 0,592038951171875 0 0,6452419609375 0,249618505859375 0,788982552734375 0,203032310546875 0,748622462890625 0 0,592038951171875 0
8 0,415506626953125 0 0,468971298828125 0,3035440546875 0,620048298828125 0,27405947265625 0,557834236328125 0 0,415506626953125 0
8 0,283360734375 0 0,3535666015625 0,359084865234375 0,4719150234375 0,3022466640625 0,42029803515625 0 0,283360734375 0
9 0,232421875 0 0,232421875 0,4143105703125 0,23250552734375 0,41462567578125 0,369502857421875 0,38124890625 0,273188287109375 0 0,232421875 0
4 0,244140625 0,702810265625 0,244140625 0,646536044921875 0,218699462890625 0,550297009765625 0,158819392578125 0,560814978515625 0,188444357421875 0,717989228515625 0,244140625 0,702810265625
5 0,16291937890625 0,56045629296875 0,0883960390625 0,57521830859375 0,127697447265625 0,73011632421875 0,1918869453125 0,71546662890625 0,16291937890625 0,56045629296875
12 0,556937210648148 0,751381655092592 0,614127604166667 0,751381655092592 0,614127604166667 0,83853443287037 0,556937210648148 0,83853443287037
20 0,527944155092593 0,758051215277778 0,587087673611111 0,758051215277778 0,587087673611111 0,845261863425926 0,527944155092593 0,845261863425926
47 0,497873263888889 0,762854456018518 0,557118055555556 0,762854456018518 0,557118055555556 0,852018229166667 0,497873263888889 0,852018229166667
2 0,463020833333333 0,769755497685185 0,522164351851852 0,769755497685185 0,522164351851852 0,856966145833333 0,463020833333333 0,856966145833333
3 0,440089699074074 0,78033130787037 0,494820601851852 0,78033130787037 0,494820601851852 0,857660590277778 0,440089699074074 0,857660590277778
3 0,416905381944444 0,785908564814815 0,471838831018519 0,785908564814815 0,471838831018519 0,867144097222222 0,416905381944444 0,867144097222222