26 0,319018244140625 0,4012154453125 0,235202919921875 0,394608529296875 0,228294419921875 0,497575798828125 0,308787986328125 0,502529958984375 0,319018244140625 0,4012154453125
30 0,263711427734375 0,494982134765625 0,267526359375 0,39330053515625 0,185120369140625 0,390134017578125 0,18263470703125 0,4885687265625 0,263711427734375 0,494982134765625
25 0,216352064453125 0,490008609375 0,218807080078125 0,3902331015625 0,137379998046875 0,38721551171875 0,133531681640625 0,48613034375 0,216352064453125 0,490008609375
3 0,154643537109375 0,483262072265625 0,15015471875 0,385622671875 0,067102513671875 0,3822535234375 0,07214926171875 0,4829759453125 0,154643537109375 0,483262072265625
5 0,104771251953125 0,481822181640625 0,10224194140625 0,382555708984375 0,01915903125 0,37883603125 0,02291495703125 0,47951926953125 0,104771251953125 0,481822181640625
9 0 0,4795959765625 0,0584259453125 0,482631291015625 0,0520406484375 0,380852796875 0 0,37951430859375 0 0,4795959765625
31 0,940465048828125 0,293937181640625 0,97132575390625 0,14864847265625 0,86874187109375 0,146899041015625 0,862844142578125 0,28779291796875 0,940465048828125 0,293937181640625
20 0,89770664453125 0,295813560546875 0,90464753515625 0,14814221484375 0,79775432421875 0,145813595703125 0,79378259375 0,28997475 0,89770664453125 0,295813560546875
20 0,833924732421875 0,144630224609375 0,7242200234375 0,142602994140625 0,748689986328125 0,21034787890625 0,722654044921875 0,286043251953125 0,827588154296875 0,2915193125 0,833924732421875 0,144630224609375
4 0,6436588203125 0,13440142578125 0,630653734375 0,2834776953125 0,73913438671875 0,284644384765625 0,73647233984375 0,141465599609375 0,738901353515625 0,141946470703125 0,74071479296875 0,14160523828125 0,6436588203125 0,13440142578125
8 0,672205826171875 0,2861038359375 0,66091867578125 0,13622941015625 0,562967515625 0,135022291015625 0,57111840625 0,278380716796875 0,672205826171875 0,2861038359375
4 0,594506880859375 0,13371916015625 0,59147991015625 0,133218251953125 0,49426812890625 0,13321290234375 0,5042061328125 0,279037869140625 0,6051065703125 0,28357362890625 0,594506880859375 0,13371916015625
26 0,99289881640625 0,1152296796875 0,986750724609375 0,0972414375 0,475964373046875 0,076430771484375 0,46655915234375 0,0898291875 0,492295595703125 0,331132591796875 0,504933763671875 0,342228787109375 0,9500159765625 0,353919595703125 0,96126825 0,34614132421875 0,99289881640625 0,1152296796875
30 0,653217646484375 1 0,654846375 0,922746150390625 0,555370912109375 0,8935487578125 0,551340541015625 1 0,653217646484375 1
26 0,579582328125 1 0,587696328125 0,89405062890625 0,5408641484375 0,871856892578125 0,483024888671875 0,87400270703125 0,48252996484375 1 0,579582328125 1
26 0,5142729453125 1 0,51578583984375 0,8571096640625 0,4404296875 0,846091765625 0,4404296875 1 0,5142729453125 1