11 0,29322838671875 0,3024330234375 0,3793849765625 0,288763591796875 0,3390756328125 0,096091849609375 0,250782875 0,104355626953125 0,29322838671875 0,3024330234375
14 0,377224384765625 0,284824796875 0,464098306640625 0,271072265625 0,43069438671875 0,077402365234375 0,337491330078125 0,089855490234375 0,377224384765625 0,284824796875
16 0,54684180859375 0,2580053828125 0,514248232421875 0,066369296875 0,425257150390625 0,080366990234375 0,462394015625 0,270647671875 0,54684180859375 0,2580053828125
44 0,828392650462963 0,0616030092592593 0,964431423611111 0,0616030092592593 0,964431423611111 0,278414351851852 0,828392650462963 0,278414351851852
0 0,9296875 0,052734375 1 0,052734375 1 0,26171875 0,9296875 0,26171875
40 0,713295717592593 0,0890118634259259 0,851085069444444 0,0890118634259259 0,851085069444444 0,302018229166667 0,713295717592593 0,302018229166667
46 0,54296875 0,1025390625 0,66796875 0,1025390625 0,66796875 0,3271484375 0,54296875 0,3271484375
23 0,621245659722222 0,0886863425925926 0,764055266203704 0,0886863425925926 0,764055266203704 0,32337962962963 0,621245659722222 0,32337962962963
23 0,622171585648148 0,0872540509259259 0,772489872685185 0,0872540509259259 0,772489872685185 0,316493055555556 0,622171585648148 0,316493055555556
13 0,544921875 0,7783203125 0,724609375 0,7783203125 0,724609375 0,9990234375 0,544921875 0,9990234375
5 0,708984375 0,7490234375 0,89453125 0,7490234375 0,89453125 0,9990234375 0,708984375 0,9990234375
0 0,841796875 0,734375 1 0,734375 1 0,998046875 0,841796875 0,998046875