40 0,2998046875 0,052734375 0,4306640625 0,052734375 0,4306640625 0,25390625 0,2998046875 0,25390625
8 0,192513020833333 0,0424045138888889 0,339662905092593 0,0424045138888889 0,339662905092593 0,252242476851852 0,192513020833333 0,252242476851852
5 0,100868055555556 0,0356119791666667 0,264048032407407 0,0356119791666667 0,264048032407407 0,254072627314815 0,100868055555556 0,254072627314815
4 0,0363498263888889 0,0319010416666667 0,1853515625 0,0319010416666667 0,1853515625 0,239887152777778 0,0363498263888889 0,239887152777778
23 0,4456719375 0 0,488995806640625 0,102393951171875 0,610370041015625 0,06035680859375 0,5844434765625 0 0,4456719375 0
4 0,3857421875 0 0,3857421875 0,1493615859375 0,489980736328125 0,11927830078125 0,418367876953125 0 0,3857421875 0
12 0,0791015625 0,45703125 0,2646484375 0,45703125 0,2646484375 0,677734375 0,0791015625 0,677734375
50 0 0,45703125 0,173828125 0,45703125 0,173828125 0,666015625 0 0,666015625
52 0 0,45703125 0,091796875 0,45703125 0,091796875 0,65234375 0 0,65234375
30 0,6826171875 0,45703125 0,8974609375 0,45703125 0,8974609375 0,724609375 0,6826171875 0,724609375
32 0,5654296875 0,45703125 0,7685546875 0,45703125 0,7685546875 0,732421875 0,5654296875 0,732421875
26 0,4384765625 0,45703125 0,6494140625 0,45703125 0,6494140625 0,720703125 0,4384765625 0,720703125
4 0,3857421875 0,45703125 0,4833984375 0,45703125 0,4833984375 0,716796875 0,3857421875 0,716796875