0 0,15234375 0,212890625 0,291015625 0,212890625 0,291015625 0,51171875 0,15234375 0,51171875
8 0,0430772569444444 0,2109375 0,169191261574074 0,2109375 0,169191261574074 0,49609375 0,0430772569444444 0,49609375
0 0 0,21484375 0,056640625 0,21484375 0,056640625 0,486328125 0 0,486328125
12 0,94154767578125 0,332590458984375 0,959617091796875 0,228115400390625 0,92084516796875 0,222903037109375 0,902216775390625 0,3260265625 0,94154767578125 0,332590458984375
18 0,907016787109375 0,32779524609375 0,923880697265625 0,2222618203125 0,889441236328125 0,214621228515625 0,87058169140625 0,3220452734375 0,907016787109375 0,32779524609375
21 0,874829470703125 0,322114375 0,891205625 0,21557442578125 0,86905885546875 0,206197513671875 0,82548741796875 0,314043166015625 0,874829470703125 0,322114375
8 0,822842220703125 0,311424568359375 0,835973015625 0,20339496875 0,7940843125 0,19802879296875 0,77750378125 0,3052255703125 0,822842220703125 0,311424568359375
1 0,78156778515625 0,3062839375 0,797348646484375 0,196727544921875 0,7598481171875 0,186937271484375 0,738864330078125 0,301869318359375 0,78156778515625 0,3062839375
5 0,743168255859375 0,300292240234375 0,760362146484375 0,183850166015625 0,7128997109375 0,172899068359375 0,698680599609375 0,2911443359375 0,743168255859375 0,300292240234375
18 0,05078125 0,673828125 0,2265625 0,673828125 0,2265625 1 0,05078125 1
28 0 0,669921875 0,103515625 0,669921875 0,103515625 1 0 1
21 0,927734375 0,529296875 1 0,529296875 1 0,771484375 0,927734375 0,771484375
37 0,806640625 0,529296875 0,978515625 0,529296875 0,978515625 0,744140625 0,806640625 0,744140625
20 0,65625 0,529296875 0,841796875 0,529296875 0,841796875 0,744140625 0,65625 0,744140625
0 0,4765625 0,529296875 0,66015625 0,529296875 0,66015625 0,740234375 0,4765625 0,740234375
1 0,337890625 0,529296875 0,513671875 0,529296875 0,513671875 0,732421875 0,337890625 0,732421875
4 0,287109375 0,529296875 0,37890625 0,529296875 0,37890625 0,73828125 0,287109375 0,73828125