22 0 0,558666208984375 0,06932640234375 0,554462560546875 0,073979708984375 0,23808313671875 0 0,236086583984375 0 0,558666208984375
0 0,276059794921875 0,551354630859375 0,296686962890625 0,261549359375 0,1279019375 0,255671740234375 0,1202980234375 0,548338302734375 0,276059794921875 0,551354630859375
8 0,397248775390625 0,548669994140625 0,419913244140625 0,27141148828125 0,281553412109375 0,26723553125 0,2554934921875 0,547179439453125 0,397248775390625 0,548669994140625
0 0,500914052734375 0,547298587890625 0,544246685546875 0,28250308203125 0,4022410859375 0,27148575390625 0,3774830625 0,552800140625 0,500914052734375 0,547298587890625
5 0,599609375 0,27862186328125 0,528468357421875 0,27988915625 0,488670419921875 0,550097349609375 0,599609375 0,55522625390625 0,599609375 0,27862186328125
35 0,599066840277778 0,316746238425926 0,658138020833333 0,316746238425926 0,658138020833333 0,394017650462963 0,599066840277778 0,394017650462963
27 0,635170717592593 0,316840277777778 0,694299768518518 0,316840277777778 0,694299768518518 0,396064814814815 0,635170717592593 0,396064814814815
22 0,671274594907407 0,31693431712963 0,728392650462963 0,31693431712963 0,728392650462963 0,394147858796296 0,671274594907407 0,394147858796296
4 0,719039351851852 0,315422453703704 0,778168402777778 0,315422453703704 0,778168402777778 0,394646990740741 0,719039351851852 0,394646990740741
0 0,754166666666667 0,31548755787037 0,813295717592593 0,31548755787037 0,813295717592593 0,394712094907407 0,754166666666667 0,394712094907407
8 0,790241608796296 0,314605034722222 0,849428530092593 0,314605034722222 0,849428530092593 0,395782696759259 0,790241608796296 0,395782696759259