9 0,125 0,1845703125 0,33203125 0,1845703125 0,33203125 0,4404296875 0,125 0,4404296875
2 0,23046875 0,2080078125 0,353515625 0,2080078125 0,353515625 0,4404296875 0,23046875 0,4404296875
47 0 0,16015625 0,19140625 0,16015625 0,19140625 0,439453125 0 0,439453125
21 1 0,234669146484375 0,922582654296875 0,23810641796875 0,903603580078125 0,4404296875 1 0,4404296875 1 0,234669146484375
38 0,9241272890625 0,4404296875 0,9241638359375 0,235381015625 0,76600040234375 0,2435441796875 0,7686345546875 0,4404296875 0,9241272890625 0,4404296875
6 0,743443369140625 0,4404296875 0,73518770703125 0,271267341796875 0,594458076171875 0,271584095703125 0,60612233984375 0,4404296875 0,743443369140625 0,4404296875
1 0,616596927734375 0,4404296875 0,61331620703125 0,2715813984375 0,49322181640625 0,273104900390625 0,4964729375 0,4404296875 0,616596927734375 0,4404296875
7 0,491125166015625 0,4404296875 0,49275646484375 0,29736595703125 0,33945031640625 0,29223331640625 0,363341513671875 0,4404296875 0,491125166015625 0,4404296875
17 0,326171875 0,4384765625 0,552734375 0,4384765625 0,552734375 0,5712890625 0,326171875 0,5712890625
30 0,439453125 0,4384765625 0,662109375 0,4384765625 0,662109375 0,5849609375 0,439453125 0,5849609375
20 0,546875 0,4384765625 0,771484375 0,4384765625 0,771484375 0,6083984375 0,546875 0,6083984375
1 0,703125 0,4384765625 0,927734375 0,4384765625 0,927734375 0,6376953125 0,703125 0,6376953125
5 0,810546875 0,4375 1 0,4375 1 0,650390625 0,810546875 0,650390625