41 0 0 0,3046875 0 0,3046875 0,14453125 0 0,14453125
47 0,0234375 0,0828776041666667 0,326171875 0,0828776041666667 0,326171875 0,269075520833333 0,0234375 0,269075520833333
9 0,0732421875 0,218033854166667 0,3466796875 0,218033854166667 0,3466796875 0,408138020833333 0,0732421875 0,408138020833333
2 0,107421875 0,328125 0,384765625 0,328125 0,384765625 0,419921875 0,107421875 0,419921875
7 1 0,36404273046875 0,962787892578125 0,22124629296875 0,875361806640625 0,251989244140625 0,919124375 0,419921875 1 0,419921875 1 0,36404273046875
21 0,689453125 0,455503173828125 0,60191623046875 0,471962609375 0,623752119140625 0,747223791015625 0,689453125 0,73723390234375 0,689453125 0,455503173828125
38 0,588641001953125 0,470774033203125 0,44471964453125 0,499778193359375 0,502912193359375 0,7736968359375 0,623752119140625 0,747223791015625 0,588641001953125 0,470774033203125
6 0,401722244140625 0,523003685546875 0,2641380703125 0,54337988671875 0,327763384765625 0,8034810703125 0,459766142578125 0,7810725859375 0,401722244140625 0,523003685546875
1 0,27394427734375 0,539660197265625 0,195345984375 0,553567990234375 0,24584472265625 0,828330337890625 0,34918462890625 0,806420689453125 0,27394427734375 0,539660197265625
7 0,165778720703125 0,548877326171875 0,02019717578125 0,583352224609375 0,120476447265625 0,87381034375 0,2173305234375 0,8446789140625 0,165778720703125 0,548877326171875
23 0,977672990234375 0,652759830078125 0,873428662109375 0,66947998046875 0,902964623046875 0,898942984375 0,99830716015625 0,89113203515625 0,977672990234375 0,652759830078125
46 0,872524244140625 0,6642904765625 0,789552515625 0,668100501953125 0,8218017265625 0,913132017578125 0,90220885546875 0,9096032265625 0,872524244140625 0,6642904765625
39 0,689453125 0,691459619140625 0,689453125 0,78050407421875 0,7165043359375 0,908812921875 0,8160716640625 0,89524999609375 0,785779935546875 0,676447224609375 0,689453125 0,691459619140625