6 0,3271484375 0,2294921875 0,4345703125 0,2294921875 0,4345703125 0,4755859375 0,3271484375 0,4755859375
7 0,2294921875 0,264561631944444 0,394986979166667 0,264561631944444 0,394986979166667 0,510640914351852 0,2294921875 0,510640914351852
1 0,150651041666667 0,3 0,294704861111111 0,3 0,294704861111111 0,546918402777778 0,150651041666667 0,546918402777778
2 0,0302734375 0,3349609375 0,2099609375 0,3349609375 0,2099609375 0,5478515625 0,0302734375 0,5478515625
12 0,974609375 0,037109375 1 0,037109375 1 0,15625 0,974609375 0,15625
0 0,837825520833333 0,0921223958333333 0,920377604166667 0,0921223958333333 0,920377604166667 0,205143229166667 0,837825520833333 0,205143229166667
46 0,93359375 0,0546875 1 0,0546875 1 0,169921875 0,93359375 0,169921875
52 0,893858506944444 0,0687282986111111 0,976497395833333 0,0687282986111111 0,976497395833333 0,185655381944444 0,893858506944444 0,185655381944444
2 0,794466145833333 0,108326099537037 0,871245659722222 0,108326099537037 0,871245659722222 0,224949363425926 0,794466145833333 0,224949363425926
3 0,751063368055556 0,121969039351852 0,833875868055556 0,121969039351852 0,833875868055556 0,246708622685185 0,751063368055556 0,246708622685185
28 0,202647569444444 0,58404224537037 0,246614583333333 0,58404224537037 0,246614583333333 0,628732638888889 0,202647569444444 0,628732638888889
15 0,18419023046875 0,59564235546875 0,19804399609375 0,6338107578125 0,222712177734375 0,629464767578125 0,211801546875 0,590502380859375 0,18419023046875 0,59564235546875
29 0,201171744140625 0,633862375 0,18921613671875 0,59594003515625 0,16065923828125 0,601653107421875 0,172822251953125 0,63915087890625 0,201171744140625 0,633862375
2 0,154685748046875 0,60520257421875 0,154849373046875 0,605164849609375 0,126465724609375 0,610074087890625 0,1364361171875 0,6499008359375 0,16663040234375 0,643568279296875 0,154685748046875 0,60520257421875
5 0,14232184375 0,650204267578125 0,132146353515625 0,611530767578125 0,104880515625 0,61691140234375 0,11664839453125 0,655477830078125 0,14232184375 0,650204267578125
13 0,122249994140625 0,657723556640625 0,11121262890625 0,616861158203125 0,08221208203125 0,623669765625 0,093144775390625 0,6621656953125 0,122249994140625 0,657723556640625