6 0,4921875 0,234375 0,548828125 0,234375 0,548828125 0,458984375 0,4921875 0,458984375
7 0,39453125 0,24609375 0,4921875 0,24609375 0,4921875 0,458984375 0,39453125 0,458984375
1 0,298828125 0,25390625 0,388671875 0,25390625 0,388671875 0,458984375 0,298828125 0,458984375
2 0,19140625 0,265625 0,296875 0,265625 0,296875 0,458984375 0,19140625 0,458984375
41 0,7744140625 0,0743272569444444 0,8291015625 0,0743272569444444 0,8291015625 0,225600405092593 0,7744140625 0,225600405092593
50 0,7177734375 0,086154513888889 0,7705078125 0,086154513888889 0,7705078125 0,225607638888889 0,7177734375 0,225607638888889
38 0,6591796875 0,0888888888888889 0,7177734375 0,0888888888888889 0,7177734375 0,228645833333333 0,6591796875 0,228645833333333
1 0,5888671875 0,099877025462963 0,6376953125 0,099877025462963 0,6376953125 0,231315104166667 0,5888671875 0,231315104166667
3 0,548828125 0,103515625 0,587890625 0,103515625 0,587890625 0,240234375 0,548828125 0,240234375
23 0 0,5830818203125 0,01171875 0,604108796875 0,36848958203125 0,491859568359375 0,3731515078125 0,458984375 0,021382451171875 0,458984375 0 0,4655161796875 0 0,5830818203125
31 0,44661458203125 0,578954474609375 0,39192708203125 0,490644291015625 0,01432291796875 0,588348765625 0,09244791796875 0,71711033984375 0,44661458203125 0,578954474609375
25 0,45703125 0,578414349609375 0,09505208203125 0,7195794765625 0,18359375 0,824363427734375 0,50130208203125 0,680285494140625 0,45703125 0,578414349609375
9 0,22265625 0,86921296484375 0,30078125 0,9901620390625 0,548828125 0,847884587890625 0,548828125 0,7449305546875 0,53515625 0,725405091796875 0,44401041796875 0,82908950390625 0,38151041796875 0,8036844140625 0,22265625 0,86921296484375
7 0,548828125 1 0,548828125 0,877564509765625 0,26432291796875 0,994656634765625 0,26819329296875 1 0,548828125 1
0 0,843777943359375 0,458984375 0,8444890625 0,643050162109375 0,934403125 0,637598888671875 0,92801230078125 0,458984375 0,843777943359375 0,458984375
4 0,839900078125 0,458984375 0,760771646484375 0,458984375 0,7600953125 0,579594884765625 0,773503125 0,6467309140625 0,8484328125 0,641267546875 0,839900078125 0,458984375
1 0,754899091796875 0,458984375 0,682832041015625 0,458984375 0,693053125 0,654846146484375 0,765615625 0,648716458984375 0,75141875 0,576101029296875 0,754899091796875 0,458984375