32 0 0 0,138671875 0 0,138671875 0,328125 0 0,328125
33 0,196016578125 0,3600624296875 0,2708068125 0,037273908203125 0,127808330078125 0,003488353515625 0,039367666015625 0,323675185546875 0,196016578125 0,3600624296875
20 0,177734375 0,0299479166666666 0,416015625 0,0299479166666666 0,416015625 0,407552083333333 0,177734375 0,407552083333333
0 0,361328125 0,0734374999999999 0,578125 0,0734374999999999 0,578125 0,45546875 0,361328125 0,45546875
8 0,48046875 0,1103515625 0,630859375 0,1103515625 0,630859375 0,4931640625 0,48046875 0,4931640625
52 0,8671875 0,0969401041666667 0,990234375 0,0969401041666667 0,990234375 0,281315104166667 0,8671875 0,281315104166667
10 0,935546875 0,123046875 1 0,123046875 1 0,294921875 0,935546875 0,294921875
28 0,103515625 0,6162109375 0,19921875 0,6162109375 0,19921875 0,6533203125 0,103515625 0,6533203125
0 0,16796875 0,6162109375 0,2578125 0,6162109375 0,2578125 0,6708984375 0,16796875 0,6708984375
0 0,20703125 0,6162109375 0,30078125 0,6162109375 0,30078125 0,6845703125 0,20703125 0,6845703125
6 0,251953125 0,6162109375 0,345703125 0,6162109375 0,345703125 0,7021484375 0,251953125 0,7021484375