50 0,0630208333333334 0,0889322916666667 0,185416666666667 0,0889322916666667 0,185416666666667 0,288324652777778 0,0630208333333334 0,288324652777778
52 0,131575520833333 0,1080078125 0,262825520833333 0,1080078125 0,262825520833333 0,323198784722222 0,131575520833333 0,323198784722222
39 0,21328125 0,134201388888889 0,349479166666667 0,134201388888889 0,349479166666667 0,335850694444444 0,21328125 0,335850694444444
9 0,317092072265625 0,359077947265625 0,410221837890625 0,388357654296875 0,465565080078125 0,21416984375 0,358894521484375 0,17478151171875 0,317092072265625 0,359077947265625
4 0,4658203125 0,213179771484375 0,45199630078125 0,21026970703125 0,40558677734375 0,3932338125 0,4658203125 0,410903646484375 0,4658203125 0,213179771484375
29 0,632291666666667 0,0167534722222222 0,744921875 0,0167534722222222 0,744921875 0,186675347222222 0,632291666666667 0,186675347222222
28 0,697526041666667 0,0299045138888889 0,812239583333333 0,0299045138888889 0,812239583333333 0,201822916666667 0,697526041666667 0,201822916666667
13 0,763541666666667 0,0401475694444445 0,880338541666667 0,0401475694444445 0,880338541666667 0,2140625 0,763541666666667 0,2140625
0 0,858463541666667 0,0598090277777777 0,973177083333333 0,0598090277777777 0,973177083333333 0,231727430555556 0,858463541666667 0,231727430555556
0 0,921875 0,0703125 1 0,0703125 1 0,240234375 0,921875 0,240234375
44 0,134765625 0,94140625 0,244140625 0,94140625 0,244140625 1 0,134765625 1
44 0,197265625 0,95703125 0,30859375 0,95703125 0,30859375 1 0,197265625 1
40 0 0,9140625 0,099609375 0,9140625 0,099609375 1 0 1
46 0 0,896484375 0,04296875 0,896484375 0,04296875 1 0 1
48 0,0390625 0,919921875 0,171875 0,919921875 0,171875 1 0,0390625 1
10 0,4521484375 0,6806640625 0,5966796875 0,6806640625 0,5966796875 0,9931640625 0,4521484375 0,9931640625
2 0,5390625 0,701171875 0,763671875 0,701171875 0,763671875 1 0,5390625 1
7 0,677734375 0,7265625 0,892578125 0,7265625 0,892578125 1 0,677734375 1
0 0,82421875 0,759765625 1 0,759765625 1 1 0,82421875 1