10 0,3427734375 0,1826171875 0,4384765625 0,1826171875 0,4384765625 0,3720703125 0,3427734375 0,3720703125
24 0,270247395833333 0,186393229166667 0,396853298611111 0,186393229166667 0,396853298611111 0,371419270833333 0,270247395833333 0,371419270833333
0 0,164879918981481 0,189388020833333 0,293540219907407 0,189388020833333 0,293540219907407 0,376497395833333 0,164879918981481 0,376497395833333
8 0,0917390046296297 0,19453125 0,216391782407407 0,19453125 0,216391782407407 0,379427083333333 0,0917390046296297 0,379427083333333
8 0,0135633680555556 0,198502604166667 0,142223668981482 0,198502604166667 0,142223668981482 0,385611979166667 0,0135633680555556 0,385611979166667
15 0,94921875 0,18359375 1 0,18359375 1 0,25 0,94921875 0,25
10 0,914091435185185 0,1875 0,991753472222222 0,1875 0,991753472222222 0,254427083333333 0,914091435185185 0,254427083333333
33 0,878009259259259 0,190885416666667 0,955570023148148 0,190885416666667 0,955570023148148 0,255859375 0,878009259259259 0,255859375
0 0,829130497685185 0,1951171875 0,906691261574074 0,1951171875 0,906691261574074 0,260091145833333 0,829130497685185 0,260091145833333
9 0,792947048611111 0,198372395833333 0,8724609375 0,198372395833333 0,8724609375 0,2634765625 0,792947048611111 0,2634765625
2 0,756763599537037 0,2017578125 0,836277488425926 0,2017578125 0,836277488425926 0,266861979166667 0,756763599537037 0,266861979166667
25 0,931640625 0,5078125 1 0,5078125 1 0,875 0,931640625 0,875
20 0,802734375 0,525390625 1 0,525390625 1 0,865234375 0,802734375 0,865234375
0 0,624406828703704 0,534505208333333 0,831785300925926 0,534505208333333 0,831785300925926 0,888411458333333 0,624406828703704 0,888411458333333
4 0,497366898148148 0,546614583333333 0,693938078703704 0,546614583333333 0,693938078703704 0,917317708333333 0,497366898148148 0,917317708333333
2 0,4013671875 0,5634765625 0,5673828125 0,5634765625 0,5673828125 0,9287109375 0,4013671875 0,9287109375