52 0 0,02734375 0,037109375 0,02734375 0,037109375 0,216796875 0 0,216796875
10 0 0,001953125 0,111328125 0,001953125 0,111328125 0,19140625 0 0,19140625
43 0,0517578125 0 0,1865234375 0 0,1865234375 0,169921875 0,0517578125 0,169921875
0 0,1533203125 0 0,2900390625 0 0,2900390625 0,13671875 0,1533203125 0,13671875
8 0,2373046875 0 0,3603515625 0 0,3603515625 0,115234375 0,2373046875 0,115234375
8 0,3076171875 0 0,4150390625 0 0,4150390625 0,091796875 0,3076171875 0,091796875
52 0,477242476851852 0,0772786458333333 0,596686921296296 0,0772786458333333 0,596686921296296 0,253580729166667 0,477242476851852 0,253580729166667
10 0,549457465277778 0,0670572916666667 0,662463831018518 0,0670572916666667 0,662463831018518 0,233203125 0,549457465277778 0,233203125
25 0,615060763888889 0,0475260416666666 0,736574074074074 0,0475260416666666 0,736574074074074 0,225911458333333 0,615060763888889 0,225911458333333
6 0,714735243055556 0,0314453124999999 0,831879340277778 0,0314453124999999 0,831879340277778 0,2017578125 0,714735243055556 0,2017578125
1 0,781951678240741 0,00944010416666669 0,899327256944444 0,00944010416666669 0,899327256944444 0,183658854166667 0,781951678240741 0,183658854166667
1 0,8427734375 0 0,9638671875 0 0,9638671875 0,181640625 0,8427734375 0,181640625
35 0,162510853515625 0,93419305859375 0,277694890625 0,901387423828125 0,239475302734375 0,668147107421875 0,12263796875 0,68994051171875 0,162510853515625 0,93419305859375
20 0,260114740234375 0,903207607421875 0,371250826171875 0,870119205078125 0,3404427578125 0,64505611328125 0,226916431640625 0,67300387109375 0,260114740234375 0,903207607421875
1 0,4150390625 0,625300984375 0,366547830078125 0,636968599609375 0,40630292578125 0,85616162109375 0,4150390625 0,85454271484375 0,4150390625 0,625300984375
27 0,05301284375 0,97395760546875 0,176052724609375 0,937593595703125 0,129116232421875 0,69653889453125 0,003317375 0,72500995703125 0,05301284375 0,97395760546875
41 0,4013671875 0,7421875 0,4931640625 0,7421875 0,4931640625 0,904296875 0,4013671875 0,904296875
50 0,449320023148148 0,736783854166667 0,549681712962963 0,736783854166667 0,549681712962963 0,8865234375 0,449320023148148 0,8865234375
38 0,502690972222222 0,722265625 0,606958912037037 0,722265625 0,606958912037037 0,872265625 0,502690972222222 0,872265625
1 0,582660590277778 0,710807291666667 0,67669994212963 0,710807291666667 0,67669994212963 0,85234375 0,582660590277778 0,85234375
3 0,631604456018519 0,696744791666667 0,741731770833333 0,696744791666667 0,741731770833333 0,847135416666667 0,631604456018519 0,847135416666667
7 0,697960069444444 0,677408854166667 0,798321759259259 0,677408854166667 0,798321759259259 0,8271484375 0,697960069444444 0,8271484375