17 0,0732421875 0,0670934606481481 0,1689453125 0,0670934606481481 0,1689453125 0,1654296875 0,0732421875 0,1654296875
23 0,1162109375 0,059107349537037 0,2099609375 0,059107349537037 0,2099609375 0,161248553240741 0,1162109375 0,161248553240741
20 0,1552734375 0,0491681134259259 0,2509765625 0,0491681134259259 0,2509765625 0,151410590277778 0,1552734375 0,151410590277778
2 0,2119140625 0,0373408564814816 0,3095703125 0,0373408564814816 0,3095703125 0,143590856481482 0,2119140625 0,143590856481482
9 0,255859375 0,0313585069444444 0,349609375 0,0313585069444444 0,349609375 0,133499710648148 0,255859375 0,133499710648148
1 0,294921875 0,0253255208333333 0,390625 0,0253255208333333 0,390625 0,129521122685185 0,294921875 0,129521122685185
43 0,6865234375 0,329720576171875 0,755823673828125 0,337728640625 0,794637994140625 0,175843705078125 0,6865234375 0,1700523828125 0,6865234375 0,329720576171875
0 0,7647004375 0,34740790234375 0,86706305078125 0,35855875 0,902361390625 0,19641183203125 0,787961564453125 0,18214865234375 0,7647004375 0,34740790234375
8 0,847003412109375 0,358786837890625 0,94464505078125 0,368632375 0,9745992421875 0,207223291015625 0,882194736328125 0,1979435703125 0,847003412109375 0,358786837890625
8 1 0,21415166015625 0,9558321015625 0,210133216796875 0,919470982421875 0,37169835546875 1 0,377851708984375 1 0,21415166015625
42 0,78125 0,758253761574074 0,904296875 0,758253761574074 0,904296875 0,9283203125 0,78125 0,9283203125
52 0,84765625 0,745348668981482 0,96484375 0,745348668981482 0,96484375 0,926830150462963 0,84765625 0,926830150462963
38 0,900390625 0,73828125 1 0,73828125 1 0,91796875 0,900390625 0,91796875