17 0,201236979166667 0,128725405092593 0,313606770833333 0,128725405092593 0,313606770833333 0,233138020833333 0,201236979166667 0,233138020833333
23 0,156901041666667 0,135886863425926 0,27109375 0,135886863425926 0,27109375 0,238375289351852 0,156901041666667 0,238375289351852
20 0,121354166666667 0,141225405092593 0,2296875 0,141225405092593 0,2296875 0,243627025462963 0,121354166666667 0,243627025462963
2 0,0599609375 0,147164351851852 0,172591145833333 0,147164351851852 0,172591145833333 0,255483217592593 0,0599609375 0,255483217592593
9 0,01953125 0,156336805555556 0,131901041666667 0,156336805555556 0,131901041666667 0,260749421296296 0,01953125 0,260749421296296
1 0 0,16015625 0,08984375 0,16015625 0,08984375 0,263671875 0 0,263671875
12 0,682552083333333 0,195290798611111 0,809505208333333 0,195290798611111 0,809505208333333 0,313577835648148 0,682552083333333 0,313577835648148
21 0,639127604166667 0,203443287037037 0,762044270833333 0,203443287037037 0,762044270833333 0,319719328703704 0,639127604166667 0,319719328703704
12 0,580924479166667 0,211378761574074 0,711653645833333 0,211378761574074 0,711653645833333 0,327770543981482 0,580924479166667 0,327770543981482
6 0,5458984375 0,224609375 0,6416015625 0,224609375 0,6416015625 0,33984375 0,5458984375 0,33984375
21 0,5908203125 0,62119095703125 0,5908203125 0,600722140625 0,562829087890625 0,37890625 0,49016963671875 0,37890625 0,511019267578125 0,564598267578125 0,408418482421875 0,578306833984375 0,414022048828125 0,642262341796875 0,5908203125 0,62119095703125
22 0,24065430078125 0,37890625 0,289167953125 0,66013305078125 0,45460515625 0,6395513046875 0,419177681640625 0,37890625 0,24065430078125 0,37890625
10 0,27250040625 0,37890625 0,169706279296875 0,37890625 0,127346896484375 0,3829052578125 0,14130188671875 0,676718126953125 0,315433498046875 0,66034003125 0,27250040625 0,37890625
6 0 0,69899743359375 0,121052994140625 0,683798013671875 0,070247189453125 0,399465892578125 0 0,405918224609375 0 0,69899743359375
39 0,90625 0,478515625 1 0,478515625 1 0,7734375 0,90625 0,7734375
21 0,80078125 0,509765625 1 0,509765625 1 0,7890625 0,80078125 0,7890625
20 0,699479166666667 0,532805266203704 0,925 0,532805266203704 0,925 0,812550636574074 0,699479166666667 0,812550636574074
2 0,564583333333333 0,566956018518519 0,769270833333333 0,566956018518519 0,769270833333333 0,826880787037037 0,564583333333333 0,826880787037037
1 0,5458984375 0,587890625 0,6552734375 0,587890625 0,6552734375 0,849609375 0,5458984375 0,849609375