17 0,078073796875 0,148477248046875 0,011261109375 0,15025421484375 0,0271597265625 0,239582833984375 0,09346024609375 0,23657702734375 0,078073796875 0,148477248046875
23 0,123937849609375 0,146581412109375 0,053551392578125 0,149721044921875 0,0707475 0,237507658203125 0,138943998046875 0,234667470703125 0,123937849609375 0,146581412109375
20 0,172871029296875 0,1466868984375 0,099493072265625 0,14982136328125 0,110670955078125 0,235757654296875 0,1797431953125 0,233834412109375 0,172871029296875 0,1466868984375
2 0,2256025859375 0,148014275390625 0,156600220703125 0,149478673828125 0,166329033203125 0,238470328125 0,239351275390625 0,241013822265625 0,2256025859375 0,148014275390625
9 0,262837638671875 0,236690958984375 0,2765795625 0,1546661640625 0,199254443359375 0,147689099609375 0,20551257421875 0,23299134765625 0,262837638671875 0,236690958984375
1 0,301072478515625 0,1488085859375 0,244468248046875 0,150626720703125 0,253887755859375 0,23677473046875 0,31884801953125 0,23651141015625 0,301072478515625 0,1488085859375
26 0,366236041015625 0,721263939453125 0,332216896484375 0,58136685546875 0,247396564453125 0,593181484375 0,277811865234375 0,73367871875 0,366236041015625 0,721263939453125
34 0,183058449074074 0,586458333333333 0,308478009259259 0,586458333333333 0,308478009259259 0,74146412037037 0,183058449074074 0,74146412037037
10 0,118793402777778 0,601063368055555 0,244270833333333 0,601063368055555 0,244270833333333 0,759975405092593 0,118793402777778 0,759975405092593
7 0,0369791666666667 0,618142361111111 0,162398726851852 0,618142361111111 0,162398726851852 0,773148148148148 0,0369791666666667 0,773148148148148
0 0 0,630859375 0,099609375 0,630859375 0,099609375 0,787109375 0 0,787109375
2 0 0,646484375 0,037109375 0,646484375 0,037109375 0,802734375 0 0,802734375
40 1 0,33203125 0,63979636328125 0,33203125 0,571642251953125 0,35947150390625 0,606093275390625 0,4922142578125 1 0,336842091796875 1 0,33203125
43 1 0,33203125 0,96964231640625 0,33203125 0,599799228515625 0,491149638671875 0,651206984375 0,612542416015625 1 0,482415884765625 1 0,33203125
6 1 0,53867385546875 0,63918305078125 0,6638365234375 0,70600630859375 0,797384814453125 1 0,682129205078125 1 0,53867385546875
9 1 0,6869258515625 0,702310189453125 0,7876179375 0,763728986328125 0,90641785546875 1 0,8228395546875 1 0,6869258515625
9 1 0,827759388671875 0,75942304296875 0,8970000078125 0,796315201171875 0,99609375 0,90396147265625 0,99609375 1 0,969625333984375 1 0,827759388671875