32 0,066565564453125 0,510076265625 0,06983140625 0,43016955078125 0,02184330078125 0,43026975390625 0,023375138671875 0,511051935546875 0,066565564453125 0,510076265625
13 0,098818783203125 0,509235203125 0,100584443359375 0,430918416015625 0,054418388671875 0,430379251953125 0,051437787109375 0,509089923828125 0,098818783203125 0,509235203125
19 0,128729806640625 0,509771662109375 0,13101883203125 0,4310297890625 0,0839908046875 0,431269474609375 0,08327698828125 0,508847625 0,128729806640625 0,509771662109375
4 0,120920138888889 0,4326171875 0,175651041666667 0,4326171875 0,175651041666667 0,5126953125 0,120920138888889 0,5126953125
9 0,150368923611111 0,435546875 0,203146701388889 0,435546875 0,203146701388889 0,515625 0,150368923611111 0,515625
5 0,179716435185185 0,4365234375 0,234447337962963 0,4365234375 0,234447337962963 0,5166015625 0,179716435185185 0,5166015625
32 0 0,607421875 0,056640625 0,607421875 0,056640625 0,900390625 0 0,900390625
26 0,0172526041666667 0,62109375 0,185930266203704 0,62109375 0,185930266203704 0,90234375 0,0172526041666667 0,90234375
4 0,183405671296296 0,642578125 0,339959490740741 0,642578125 0,339959490740741 0,916015625 0,183405671296296 0,916015625
4 0,2998046875 0,650390625 0,3876953125 0,650390625 0,3876953125 0,921875 0,2998046875 0,921875
29 0,369140625 0,76953125 0,455078125 0,76953125 0,455078125 1 0,369140625 1
33 0,412109375 0,771484375 0,55859375 0,771484375 0,55859375 1 0,412109375 1
10 0,517578125 0,783203125 0,66015625 0,783203125 0,66015625 1 0,517578125 1
2 0,654296875 0,794921875 0,80078125 0,794921875 0,80078125 1 0,654296875 1
3 0,76171875 0,798828125 0,91015625 0,798828125 0,91015625 1 0,76171875 1
7 0,86328125 0,814453125 1 0,814453125 1 1 0,86328125 1