49 0,0338831018518518 0,210973668981482 0,0930700231481482 0,210973668981482 0,0930700231481482 0,29662181712963 0,0338831018518518 0,29662181712963
37 0,064113136574074 0,21654369212963 0,123285590277778 0,21654369212963 0,123285590277778 0,300238715277778 0,064113136574074 0,300238715277778
42 0,0933521412037037 0,222041377314815 0,154477719907407 0,222041377314815 0,154477719907407 0,305881076388889 0,0933521412037037 0,305881076388889
4 0,134288194444444 0,231987847222222 0,191493055555556 0,231987847222222 0,191493055555556 0,313585069444444 0,134288194444444 0,313585069444444
9 0,160597511574074 0,235749421296296 0,219769965277778 0,235749421296296 0,219769965277778 0,319444444444444 0,160597511574074 0,319444444444444
5 0,189858217592593 0,238606770833333 0,247077546296296 0,238606770833333 0,247077546296296 0,322157118055556 0,189858217592593 0,322157118055556
19 0,79539676953125 0,067496626953125 0,799602609375 0,042981271484375 0,7708428125 0,04210716015625 0,76792341015625 0,064722904296875 0,79539676953125 0,067496626953125
24 0,813661310546875 0,070644251953125 0,818052275390625 0,04665942578125 0,79232758203125 0,044222291015625 0,78534725 0,06796476953125 0,813661310546875 0,070644251953125
21 0,83537389453125 0,073715310546875 0,835467921875 0,068046326171875 0,82084748828125 0,064805302734375 0,82393576953125 0,04852181640625 0,81076715234375 0,046880884765625 0,8050775546875 0,070504767578125 0,83537389453125 0,073715310546875
9 0,83788715234375 0,0634518984375 0,830256435546875 0,07333678515625 0,85786816796875 0,07671951171875 0,86340849609375 0,053110265625 0,836663583984375 0,051076623046875 0,833923064453125 0,059623486328125 0,83788715234375 0,0634518984375
7 0,87612458984375 0,07972775390625 0,881579267578125 0,0549090625 0,8554176015625 0,05269152734375 0,848995771484375 0,076524162109375 0,87612458984375 0,07972775390625
3 0,866905548828125 0,078493251953125 0,89467236328125 0,081806896484375 0,896867373046875 0,076893677734375 0,899684802734375 0,05856044140625 0,87424101953125 0,055394982421875 0,866905548828125 0,078493251953125
0 0 0,45703125 0,0390625 0,45703125 0,0390625 0,62890625 0 0,62890625
0 0 0,4609375 0,1015625 0,4609375 0,1015625 0,640625 0 0,640625
7 0,0542824074074073 0,46997974537037 0,170789930555556 0,46997974537037 0,170789930555556 0,65162037037037 0,0542824074074073 0,65162037037037
10 0,6787109375 0,4580078125 0,8955078125 0,4580078125 0,8955078125 0,5556640625 0,6787109375 0,5556640625
20 0,787109375 0,45703125 1 0,45703125 1 0,587890625 0,787109375 0,587890625