36 0,319102962890625 0,180924091796875 0,285160390625 0,17991185546875 0,2727424375 0,265677234375 0,310624373046875 0,26833689453125 0,319102962890625 0,180924091796875
12 0,28649970703125 0,176510103515625 0,250045802734375 0,17333082421875 0,234640380859375 0,255290833984375 0,2743041328125 0,259577052734375 0,28649970703125 0,176510103515625
31 0,254458876953125 0,173767771484375 0,214419677734375 0,17002275 0,209124162109375 0,25368580859375 0,237978349609375 0,254623033203125 0,254458876953125 0,173767771484375
2 0,21095045703125 0,1649011484375 0,1741392578125 0,16225291796875 0,16183723046875 0,24635763671875 0,201205912109375 0,247452337890625 0,21095045703125 0,1649011484375
4 0,177275173828125 0,161557666015625 0,1455839609375 0,15687016015625 0,13300588671875 0,2399470078125 0,16533995703125 0,2435829921875 0,177275173828125 0,161557666015625
6 0,143057271484375 0,158248333984375 0,11474680859375 0,1536188828125 0,102606111328125 0,238250310546875 0,139569064453125 0,23716891796875 0,143057271484375 0,158248333984375
34 0,931640625 0 1 0 1 0,125 0,931640625 0,125
10 0,865234375 0,0009765625 0,939453125 0,0009765625 0,939453125 0,1279296875 0,865234375 0,1279296875
7 0,78125 0,0009765625 0,857421875 0,0009765625 0,857421875 0,1181640625 0,78125 0,1181640625
0 0,71484375 0,0009765625 0,794921875 0,0009765625 0,794921875 0,1162109375 0,71484375 0,1162109375
2 0,65234375 0,0009765625 0,73046875 0,0009765625 0,73046875 0,1162109375 0,65234375 0,1162109375
24 0,390625 0,7490234375 0,453125 0,7490234375 0,453125 0,9794921875 0,390625 0,9794921875
16 0,258550347222222 0,744140625 0,415943287037037 0,744140625 0,415943287037037 0,978515625 0,258550347222222 0,978515625
24 0,0448278356481482 0,7490234375 0,211870659722222 0,7490234375 0,211870659722222 0,9794921875 0,0448278356481482 0,9794921875
29 0 0,736328125 0,068359375 0,736328125 0,068359375 0,986328125 0 0,986328125
36 0,819827835648148 0,646484375 0,854998553240741 0,646484375 0,854998553240741 0,7109375 0,819827835648148 0,7109375
31 0,847113715277778 0,64453125 0,886306423611111 0,64453125 0,886306423611111 0,712890625 0,847113715277778 0,712890625
3 0,780765335648148 0,646484375 0,823980034722222 0,646484375 0,823980034722222 0,71875 0,780765335648148 0,71875
2 0,754484953703704 0,6494140625 0,795688657407407 0,6494140625 0,795688657407407 0,7197265625 0,754484953703704 0,7197265625
5 0,730128761574074 0,6513671875 0,769379340277778 0,6513671875 0,769379340277778 0,7216796875 0,730128761574074 0,7216796875
7 0,702900752314815 0,6552734375 0,738129340277778 0,6552734375 0,738129340277778 0,7216796875 0,702900752314815 0,7216796875
1 0,456575520833333 0,515625 0,503464988425926 0,515625 0,503464988425926 0,580078125 0,456575520833333 0,580078125
9 0,4453125 0,5146484375 0,47265625 0,5146484375 0,47265625 0,5849609375 0,4453125 0,5849609375