2 0,4248046875 0,097028951171875 0,4053726171875 0,09598848046875 0,397131361328125 0,17893625 0,4248046875 0,18100519921875 0,4248046875 0,097028951171875
4 0,40935875390625 0,09502946484375 0,373343021484375 0,092820927734375 0,36918841015625 0,176828046875 0,403307419921875 0,178557076171875 0,40935875390625 0,09502946484375
6 0,376496060546875 0,092263251953125 0,3437382578125 0,089653373046875 0,337621439453125 0,173180984375 0,374938822265625 0,175289189453125 0,376496060546875 0,092263251953125
11 0,876519097222222 0,149840856481481 0,997236689814815 0,149840856481481 0,997236689814815 0,394487847222222 0,876519097222222 0,394487847222222
12 0,782942708333333 0,166883680555556 0,90747974537037 0,166883680555556 0,90747974537037 0,405902777777778 0,782942708333333 0,405902777777778
20 0,689236111111111 0,175484664351852 0,811935763888889 0,175484664351852 0,811935763888889 0,422200520833333 0,689236111111111 0,422200520833333
1 0,563404224537037 0,193062789351852 0,680302372685185 0,193062789351852 0,680302372685185 0,443337673611111 0,563404224537037 0,443337673611111
8 0,466970486111111 0,214930555555556 0,591565393518518 0,214930555555556 0,591565393518518 0,457855902777778 0,466970486111111 0,457855902777778
7 0,4150390625 0,232421875 0,4951171875 0,232421875 0,4951171875 0,46875 0,4150390625 0,46875
0 0,1279296875 0,658203125 0,2607421875 0,658203125 0,2607421875 0,732421875 0,1279296875 0,732421875
44 0,2275390625 0,658203125 0,3544921875 0,658203125 0,3544921875 0,712890625 0,2275390625 0,712890625
10 1 0,786663994140625 0,998749111328125 0,780414328125 0,915789501953125 0,78588809375 0,932850337890625 1 1 1 1 0,786663994140625
31 0,94069703125 1 0,921988017578125 0,79155442578125 0,82782268359375 0,80688279296875 0,86696813671875 1 0,94069703125 1
0 0,830725751953125 1 0,80090857421875 0,81930133203125 0,714916431640625 0,831542052734375 0,736546439453125 1 0,830725751953125 1
6 0,746376978515625 1 0,7211620703125 0,82903953125 0,71827278125 0,82808064453125 0,636991685546875 0,83694148828125 0,659240943359375 1 0,746376978515625 1
9 0,66836372265625 1 0,643307119140625 0,845846189453125 0,56385252734375 0,85441190234375 0,5819440546875 1 0,66836372265625 1