39 0,6181640625 0,3505859375 0,8017578125 0,3505859375 0,8017578125 0,4462890625 0,6181640625 0,4462890625
42 0,7392578125 0,3427734375 0,9267578125 0,3427734375 0,9267578125 0,4462890625 0,7392578125 0,4462890625
44 0,8828125 0,31640625 1 0,31640625 1 0,4453125 0,8828125 0,4453125
49 0,4951171875 0,3583984375 0,6943359375 0,3583984375 0,6943359375 0,4462890625 0,4951171875 0,4462890625
3 0 0,73828125 0,08203125 0,73828125 0,08203125 0,94140625 0 0,94140625
4 0,0254195601851852 0,729839409722222 0,160850694444445 0,729839409722222 0,160850694444445 0,938288483796296 0,0254195601851852 0,938288483796296
4 0,107790798611111 0,713715277777778 0,251150173611111 0,713715277777778 0,251150173611111 0,924580439814815 0,107790798611111 0,924580439814815
27 0,419401041666667 0,946484375 0,468127893518519 0,946484375 0,468127893518519 0,972685185185185 0,419401041666667 0,972685185185185
19 0,431061921296296 0,944813368055556 0,479673032407407 0,944813368055556 0,479673032407407 0,969061053240741 0,431061921296296 0,969061053240741
29 0,442722800925926 0,943142361111111 0,491449652777778 0,943142361111111 0,491449652777778 0,969343171296296 0,442722800925926 0,969343171296296
9 0,458289930555556 0,941239872685185 0,507016782407407 0,941239872685185 0,507016782407407 0,96744068287037 0,458289930555556 0,96744068287037
9 0,470008680555556 0,940545428240741 0,518851273148148 0,940545428240741 0,518851273148148 0,968699363425926 0,470008680555556 0,968699363425926
5 0,481727430555556 0,939850983796296 0,530454282407407 0,939850983796296 0,530454282407407 0,966051793981481 0,481727430555556 0,966051793981481