52 0,380302372685185 0,0830005787037037 0,494480613425926 0,0830005787037037 0,494480613425926 0,250318287037037 0,380302372685185 0,250318287037037
10 0,315480324074074 0,0821035879629629 0,423292824074074 0,0821035879629629 0,423292824074074 0,239568865740741 0,315480324074074 0,239568865740741
25 0,2412109375 0,0723451967592593 0,357443576388889 0,0723451967592593 0,357443576388889 0,241644965277778 0,2412109375 0,241644965277778
6 0,145240162037037 0,0699001736111111 0,259013310185185 0,0699001736111111 0,259013310185185 0,229405381944444 0,145240162037037 0,229405381944444
1 0,0803168402777777 0,0552734375 0,19244068287037 0,0552734375 0,19244068287037 0,220609085648148 0,0803168402777777 0,220609085648148
1 0,0144820601851852 0,0503544560185185 0,129267939814815 0,0503544560185185 0,129267939814815 0,229390914351852 0,0144820601851852 0,229390914351852
6 0,8515625 0 1 0 1 0,4296875 0,8515625 0,4296875
8 0,7158203125 0,0009765625 0,9462890625 0,0009765625 0,9462890625 0,4580078125 0,7158203125 0,4580078125
2 0,5908203125 0,0009765625 0,8232421875 0,0009765625 0,8232421875 0,4697265625 0,5908203125 0,4697265625
41 0,3393115703125 0,7404370546875 0,237508736328125 0,75864295703125 0,290208703125 0,968886875 0,377996892578125 0,94147425 0,3393115703125 0,7404370546875
47 0,256658037109375 0,76603659375 0,15322632421875 0,78532204296875 0,2123239296875 0,979546232421875 0,294400552734375 0,95791440625 0,256658037109375 0,76603659375
27 0,162910279296875 0,79178930859375 0,062953439453125 0,8099794296875 0,117554220703125 0,9990234375 0,14277278125 0,9990234375 0,22427312109375 0,97739162109375 0,162910279296875 0,79178930859375
1 0 0,97440910546875 0,008923138671875 0,9990234375 0,09459059375 0,9990234375 0,051876900390625 0,8151741875 0 0,82601078515625 0 0,97440910546875
35 0,8291015625 0,6103515625 0,9384765625 0,6103515625 0,9384765625 0,6611328125 0,8291015625 0,6611328125
10 0,7666015625 0,6103515625 0,8701171875 0,6103515625 0,8701171875 0,6552734375 0,7666015625 0,6552734375
25 0,6962890625 0,6103515625 0,8115234375 0,6103515625 0,8115234375 0,6455078125 0,6962890625 0,6455078125