35 0,296972234375 0,040175017578125 0,21110719921875 0,055388740234375 0,242087853515625 0,22621137890625 0,32751848046875 0,207941619140625 0,296972234375 0,040175017578125
10 0,25603471875 0,22405364453125 0,2224555546875 0,056330517578125 0,16273190625 0,0662915390625 0,1766748125 0,239118265625 0,25603471875 0,22405364453125
25 0,16735430859375 0,070037064453125 0,079277427734375 0,08463947265625 0,086468361328125 0,1413294609375 0,126592556640625 0,251677666015625 0,189875865234375 0,239964912109375 0,16735430859375 0,070037064453125
6 0 0,215909865234375 0,00976778515625 0,271949791015625 0,095684927734375 0,2577693515625 0,0625654375 0,09015481640625 0,059804376953125 0,091340462890625 0 0,101304126953125 0 0,215909865234375
28 0,487340685546875 0,6357421875 0,424529962890625 0,6357421875 0,49050467578125 0,9174779296875 0,521484375 0,910864728515625 0,521484375 0,765638005859375 0,487340685546875 0,6357421875
26 0,376580357421875 0,6357421875 0,441854978515625 0,927706341796875 0,500061451171875 0,920422798828125 0,44088046484375 0,6357421875 0,376580357421875 0,6357421875
15 0,320409533203125 0,6357421875 0,385496 0,932748626953125 0,453832150390625 0,923032693359375 0,389900775390625 0,6357421875 0,320409533203125 0,6357421875
2 0,2482726640625 0,6357421875 0,31722595703125 0,938714990234375 0,3882442109375 0,934347208984375 0,31852070703125 0,6357421875 0,2482726640625 0,6357421875
6 0,332841626953125 0,939475501953125 0,2537339296875 0,635744947265625 0,197004533203125 0,63858618359375 0,275216740234375 0,935857353515625 0,332841626953125 0,939475501953125
0 0,2866138828125 0,94208905078125 0,20911159375 0,64249385546875 0,149517560546875 0,64286024609375 0,220247669921875 0,944229625 0,2866138828125 0,94208905078125
28 0,698090277777778 0,694813368055555 0,862615740740741 0,694813368055555 0,862615740740741 0,973083043981481 0,698090277777778 0,973083043981481
31 0,622489872685185 0,700296585648148 0,781271701388889 0,700296585648148 0,781271701388889 0,980475983796296 0,622489872685185 0,980475983796296
15 0,541890914351852 0,711588541666667 0,706416377314815 0,711588541666667 0,706416377314815 0,989858217592593 0,541890914351852 0,989858217592593
4 0,498046875 0,7373046875 0,591796875 0,7373046875 0,591796875 0,9990234375 0,498046875 0,9990234375