20 0,298357928240741 0,0336588541666666 0,335250289351852 0,0336588541666666 0,335250289351852 0,0811414930555556 0,298357928240741 0,0811414930555556
48 0,316804108796296 0,0311414930555556 0,353696469907407 0,0311414930555556 0,353696469907407 0,0786241319444445 0,316804108796296 0,0786241319444445
21 0,334201388888889 0,0266493055555556 0,373119212962963 0,0266493055555556 0,373119212962963 0,0761284722222223 0,334201388888889 0,0761284722222223
7 0,360387731481482 0,0223524305555556 0,39525462962963 0,0223524305555556 0,39525462962963 0,0678385416666667 0,360387731481482 0,0678385416666667
5 0,376844618055556 0,0188151041666667 0,413736979166667 0,0188151041666667 0,413736979166667 0,0662977430555556 0,376844618055556 0,0662977430555556
5 0,39623119212963 0,0153428819444444 0,433123553240741 0,0153428819444444 0,433123553240741 0,0628255208333334 0,39623119212963 0,0628255208333334
39 0 0,79368086328125 0,004345328125 0,812170365234375 0,120104619140625 0,818613630859375 0,071178982421875 0,478515625 0 0,478515625 0 0,79368086328125
0 0,118682205078125 0,478515625 0,187814923828125 0,833034818359375 0,321607142578125 0,8341759453125 0,257300517578125 0,478515625 0,118682205078125 0,478515625
9 0,246731392578125 0,478515625 0,309096224609375 0,82639578125 0,446136017578125 0,82520787109375 0,387675552734375 0,478515625 0,246731392578125 0,478515625
5 0,536899693359375 0,478515625 0,380322685546875 0,478515625 0,438907458984375 0,83100574609375 0,54296875 0,835390669921875 0,54296875 0,507212365234375 0,536899693359375 0,478515625
22 0,53515625 0,650390625 0,560546875 0,650390625 0,560546875 0,736328125 0,53515625 0,736328125
4 0,547092013888889 0,640494791666667 0,608940972222222 0,640494791666667 0,608940972222222 0,729513888888889 0,547092013888889 0,729513888888889
0 0,581995081018518 0,634440104166667 0,643844039351852 0,634440104166667 0,643844039351852 0,723459201388889 0,581995081018518 0,723459201388889
8 0,616861979166667 0,627408854166667 0,678783275462963 0,627408854166667 0,678783275462963 0,718381076388889 0,616861979166667 0,718381076388889