20 0 0 0,126953125 0 0,126953125 0,173828125 0 0,173828125
2 0,08984375 0 0,26171875 0 0,26171875 0,1953125 0,08984375 0,1953125
1 0,201171875 0 0,35546875 0 0,35546875 0,2265625 0,201171875 0,2265625
9 0,30078125 0 0,478515625 0 0,478515625 0,25 0,30078125 0,25
22 0,7804916484375 0,5498046875 0,826805580078125 0,371050427734375 0,635308478515625 0,32532711328125 0,586115931640625 0,5498046875 0,7804916484375 0,5498046875
0 1 0,43254424609375 0,876908798828125 0,40372186328125 0,835592142578125 0,5498046875 1 0,5498046875 1 0,43254424609375
44 0,341796875 0,5478515625 0,51171875 0,5478515625 0,51171875 0,6318359375 0,341796875 0,6318359375
44 0,244140625 0,5478515625 0,419921875 0,5478515625 0,419921875 0,5986328125 0,244140625 0,5986328125
11 0,91448292578125 0,856758275390625 0,949738619140625 0,855775552734375 0,961360265625 0,8243649296875 0,954910052734375 0,8181619375 0,929247283203125 0,8177295 0,91448292578125 0,856758275390625
13 0,966961931640625 0,856007115234375 0,97991288671875 0,8196699453125 0,94497173828125 0,818143751953125 0,932012353515625 0,855462396484375 0,966961931640625 0,856007115234375
21 0,993163818359375 0,856692544921875 0,9892606953125 0,846744625 0,972419044921875 0,845756662109375 0,98077929296875 0,818260865234375 0,9646773828125 0,8189960390625 0,94920473828125 0,856133189453125 0,993163818359375 0,856692544921875
1 1 0,819473880859375 0,99083157421875 0,818716396484375 0,97358194921875 0,85709088671875 1 0,85782158203125 1 0,819473880859375