46 0,0608289930555556 0,2783203125 0,165444155092593 0,2783203125 0,165444155092593 0,4306640625 0,0608289930555556 0,4306640625
36 0,126540798611111 0,2841796875 0,22173755787037 0,2841796875 0,22173755787037 0,4423828125 0,126540798611111 0,4423828125
20 0,191102430555556 0,29296875 0,284693287037037 0,29296875 0,284693287037037 0,45703125 0,191102430555556 0,45703125
9 0,271983506944444 0,2978515625 0,373271122685185 0,2978515625 0,373271122685185 0,4599609375 0,271983506944444 0,4599609375
2 0,342288773148148 0,302734375 0,444270833333333 0,302734375 0,444270833333333 0,4765625 0,342288773148148 0,4765625
7 0,3994140625 0,3037109375 0,4541015625 0,3037109375 0,4541015625 0,4697265625 0,3994140625 0,4697265625
22 0,4443359375 0,1240234375 0,5732421875 0,1240234375 0,5732421875 0,3701171875 0,4443359375 0,3701171875
0 0,551642071759259 0,1279296875 0,69857494212963 0,1279296875 0,69857494212963 0,3681640625 0,551642071759259 0,3681640625
6 0,658774594907408 0,138671875 0,793641493055556 0,138671875 0,793641493055556 0,373046875 0,658774594907408 0,373046875
5 0,738389756944444 0,142578125 0,875441261574074 0,142578125 0,875441261574074 0,380859375 0,738389756944444 0,380859375
12 0 0,478515625 0,052734375 0,478515625 0,052734375 0,7109375 0 0,7109375
20 0,0197193287037037 0,482421875 0,149074074074074 0,482421875 0,149074074074074 0,72265625 0,0197193287037037 0,72265625
1 0,15091869212963 0,4892578125 0,274645543981481 0,4892578125 0,274645543981481 0,7333984375 0,15091869212963 0,7333984375
8 0,239380787037037 0,50390625 0,370457175925926 0,50390625 0,370457175925926 0,740234375 0,239380787037037 0,740234375
7 0,3349609375 0,5146484375 0,4541015625 0,5146484375 0,4541015625 0,7431640625 0,3349609375 0,7431640625
33 0,45363330078125 1 0,51891341015625 0,703439953125 0,4443359375 0,7090871171875 0,4443359375 1 0,45363330078125 1
2 0,641153591796875 1 0,690024044921875 0,70779212109375 0,5638762578125 0,709950734375 0,505078158203125 1 0,641153591796875 1
8 0,757386888671875 1 0,802745794921875 0,713822822265625 0,6887817890625 0,709139630859375 0,639041646484375 1 0,757386888671875 1
2 0,885220166015625 1 0,93223323046875 0,7229370859375 0,801078626953125 0,7151388828125 0,754868037109375 1 0,885220166015625 1