2 0,29351359375 0,548828125 0,17226367578125 0,286575212890625 0,0148961328125 0,325807025390625 0,111171296875 0,548828125 0,29351359375 0,548828125
6 0,28182263671875 0,548828125 0,380859375 0,548828125 0,380859375 0,403386693359375 0,32119658203125 0,268363244140625 0,1723095703125 0,287798376953125 0,28182263671875 0,548828125
23 0,357421875 0,454893638671875 0,437296849609375 0,46150165625 0,37885428125 0,02363788671875 0,357421875 0,021702380859375 0,357421875 0,454893638671875
31 0,424776552734375 0,474255435546875 0,5333449375 0,484671185546875 0,5164758515625 0,0327953203125 0,36255290234375 0,019134572265625 0,424776552734375 0,474255435546875
37 0,51630816796875 0,47316182421875 0,683112466796875 0,4909408515625 0,675775287109375 0,053063173828125 0,49141620703125 0,031358388671875 0,51630816796875 0,47316182421875
8 0,720670125 0,50175554296875 0,86427664453125 0,518008330078125 0,833051935546875 0,056355765625 0,6736995 0,0545894140625 0,720670125 0,50175554296875
8 1 0,44025436328125 0,973960671875 0,065409986328125 0,818410857421875 0,0632586015625 0,85558605078125 0,5132092890625 1 0,53170739453125 1 0,44025436328125
9 1 0,091967888671875 0,931326294921875 0,088339404296875 0,98693334765625 0,53569805078125 1 0,536990482421875 1 0,091967888671875
20 0 0,66796875 0,14453125 0,66796875 0,14453125 1 0 1
9 0,099609375 0,623046875 0,33203125 0,623046875 0,33203125 1 0,099609375 1
9 0,248046875 0,630859375 0,380859375 0,630859375 0,380859375 0,978515625 0,248046875 0,978515625
24 0,792534722222222 0,567643229166667 0,857175925925926 0,567643229166667 0,857175925925926 0,64193431712963 0,792534722222222 0,64193431712963
30 0,818757233796296 0,564127604166667 0,883514178240741 0,564127604166667 0,883514178240741 0,64232494212963 0,818757233796296 0,64232494212963
15 0,846990740740741 0,562666377314815 0,913700810185185 0,562666377314815 0,913700810185185 0,640964988425926 0,846990740740741 0,640964988425926
5 0,88685619212963 0,558883101851852 0,951555266203704 0,558883101851852 0,951555266203704 0,635127314814815 0,88685619212963 0,635127314814815
3 0,91517650462963 0,5603515625 0,979817708333333 0,5603515625 0,979817708333333 0,634642650462963 0,91517650462963 0,634642650462963
7 0,94140625 0,556640625 1 0,556640625 1 0,630859375 0,94140625 0,630859375