11 0 0,404296875 0,078125 0,404296875 0,078125 0,533203125 0 0,533203125
20 0,001953125 0,3935546875 0,146484375 0,3935546875 0,146484375 0,5341796875 0,001953125 0,5341796875
9 0,08984375 0,3857421875 0,23046875 0,3857421875 0,23046875 0,5341796875 0,08984375 0,5341796875
2 0,15234375 0,3759765625 0,294921875 0,3759765625 0,294921875 0,5341796875 0,15234375 0,5341796875
7 0,21484375 0,3583984375 0,35546875 0,3583984375 0,35546875 0,5341796875 0,21484375 0,5341796875
10 0 0,796370078125 0,03024590234375 0,895475951171875 0,156683951171875 0,878024431640625 0,068918453125 0,635409119140625 0 0,64571800390625 0 0,796370078125
9 0,2851955703125 0,8513936328125 0,22237487109375 0,606189783203125 0,096582728515625 0,627507935546875 0,16626833984375 0,873127634765625 0,2851955703125 0,8513936328125
8 0,192549189814815 0,584071180555556 0,385821759259259 0,584071180555556 0,385821759259259 0,854586226851852 0,192549189814815 0,854586226851852
8 0,29134837962963 0,569408275462963 0,480700231481481 0,569408275462963 0,480700231481481 0,837738715277778 0,29134837962963 0,837738715277778
12 0,7472311015625 0,9841289609375 0,700207443359375 0,762721775390625 0,581014919921875 0,780674818359375 0,639590884765625 0,995002158203125 0,7472311015625 0,9841289609375
10 0,841614619140625 0,9632646640625 0,765568953125 0,75156065625 0,671606830078125 0,76546798046875 0,7165440390625 0,983121123046875 0,841614619140625 0,9632646640625
31 0,906887658203125 0,947091759765625 0,85998384375 0,737138177734375 0,741009337890625 0,752367828125 0,813865423828125 0,964795099609375 0,906887658203125 0,947091759765625
0 1 0,822057076171875 0,968930474609375 0,72045908203125 0,85744899609375 0,73544600390625 0,919425037109375 0,939971265625 1 0,92848766015625 1 0,822057076171875
6 1 0,715495923828125 0,942280220703125 0,722436080078125 0,939713134765625 0,722679619140625 1 0,856495251953125 1 0,715495923828125