29 0,496875 0,287738715277778 0,557986111111111 0,287738715277778 0,557986111111111 0,3505859375 0,496875 0,3505859375
29 0,473480902777778 0,288368055555556 0,536371527777778 0,288368055555556 0,536371527777778 0,347337962962963 0,473480902777778 0,347337962962963
16 0,450933159722222 0,286082175925926 0,513910590277778 0,286082175925926 0,513910590277778 0,347005208333333 0,450933159722222 0,347005208333333
4 0,422699652777778 0,287615740740741 0,483723958333333 0,287615740740741 0,483723958333333 0,348509837962963 0,422699652777778 0,348509837962963
9 0,4001953125 0,286306423611111 0,463172743055556 0,286306423611111 0,463172743055556 0,347229456018519 0,4001953125 0,347229456018519
0 0,377690972222222 0,284997106481482 0,440668402777778 0,284997106481482 0,440668402777778 0,345920138888889 0,377690972222222 0,345920138888889
1 0,810546875 0 0,951171875 0 0,951171875 0,150390625 0,810546875 0,150390625
1 0,892578125 0 1 0 1 0,134765625 0,892578125 0,134765625
31 0,755859375 0,4052734375 0,625600109375 0,4052734375 0,653284388671875 0,55942380859375 0,755859375 0,55511998046875 0,755859375 0,4052734375
17 0,49742815625 0,4052734375 0,5020694375 0,574558998046875 0,67047789453125 0,56687419140625 0,6481092578125 0,4052734375 0,49742815625 0,4052734375
0 0,346939998046875 0,4052734375 0,3716875390625 0,590567470703125 0,514328671875 0,5811851328125 0,491977771484375 0,4052734375 0,346939998046875 0,4052734375
4 0,230846021484375 0,4052734375 0,25334797265625 0,589956013671875 0,39187487109375 0,579351412109375 0,36604934375 0,4052734375 0,230846021484375 0,4052734375
9 0,104173708984375 0,4052734375 0,1381204296875 0,596437802734375 0,27636569140625 0,588690751953125 0,254448173828125 0,4052734375 0,104173708984375 0,4052734375