2 0 0 0,18359375 0 0,18359375 0,236328125 0 0,236328125
6 0,1171875 0 0,322265625 0 0,322265625 0,212890625 0,1171875 0,212890625
6 0,2578125 0 0,466796875 0 0,466796875 0,19140625 0,2578125 0,19140625
21 0,734801793981481 0,154210069444444 0,966905381944444 0,154210069444444 0,966905381944444 0,280034722222222 0,734801793981481 0,280034722222222
22 0,748046875 0,24609375 0,986328125 0,24609375 0,986328125 0,33984375 0,748046875 0,33984375
18 0 0,404296875 0,0703125 0,404296875 0,0703125 0,546875 0 0,546875
9 0,0556929976851852 0,407921006944444 0,14947193287037 0,407921006944444 0,14947193287037 0,5423828125 0,0556929976851852 0,5423828125
5 0,11224681712963 0,403689236111111 0,208152488425926 0,403689236111111 0,208152488425926 0,544053819444444 0,11224681712963 0,544053819444444
9 0,265589482421875 0,52538653125 0,2430060625 0,409469396484375 0,17337452734375 0,41479508984375 0,20167237109375 0,546443525390625 0,265589482421875 0,52538653125
29 0,661979166666667 0,763259548611111 0,739265046296296 0,763259548611111 0,739265046296296 0,868077256944445 0,661979166666667 0,868077256944445
21 0,705779803240741 0,757486979166667 0,779217303240741 0,757486979166667 0,779217303240741 0,864171006944444 0,705779803240741 0,864171006944444
10 0,747540509259259 0,748697916666667 0,823046875 0,748697916666667 0,823046875 0,859331597222222 0,747540509259259 0,859331597222222
0 0,803949652777778 0,739583333333333 0,881351273148148 0,739583333333333 0,881351273148148 0,848307291666667 0,803949652777778 0,848307291666667
5 0,846715856481481 0,731879340277778 0,920153356481481 0,731879340277778 0,920153356481481 0,838563368055556 0,846715856481481 0,838563368055556
0 0,889597800925926 0,727951388888889 0,964872685185185 0,727951388888889 0,964872685185185 0,830772569444444 0,889597800925926 0,830772569444444