20 0 0,29296875 0,025390625 0,29296875 0,025390625 0,33984375 0 0,33984375
30 0,012890625 0,291927083333333 0,0468171296296296 0,291927083333333 0,0468171296296296 0,342317708333333 0,012890625 0,342317708333333
21 0,0314742476851853 0,2927734375 0,0634476273148148 0,2927734375 0,0634476273148148 0,343033854166667 0,0314742476851853 0,343033854166667
7 0,0568938078703702 0,293033854166667 0,0888382523148148 0,293033854166667 0,0888382523148148 0,341341145833333 0,0568938078703702 0,341341145833333
5 0,0745008680555554 0,293684895833333 0,1083984375 0,293684895833333 0,1083984375 0,342122395833333 0,0745008680555554 0,342122395833333
5 0,0930555555555554 0,292447916666667 0,126982060185185 0,292447916666667 0,126982060185185 0,342838541666667 0,0930555555555554 0,342838541666667
29 0,0791015625 0,9375 0,1142578125 0,9375 0,1142578125 1 0,0791015625 1
24 0,0966796875 0,9375 0,1318359375 0,9375 0,1318359375 1 0,0966796875 1
14 0,1123046875 0,939453125 0,1494140625 0,939453125 0,1494140625 1 0,1123046875 1
1 0,1376953125 0,943359375 0,1728515625 0,943359375 0,1728515625 1 0,1376953125 1
1 0,1533203125 0,94140625 0,1884765625 0,94140625 0,1884765625 1 0,1533203125 1
1 0,1689453125 0,94140625 0,2041015625 0,94140625 0,2041015625 1 0,1689453125 1
29 0,530657857421875 1 0,544297609375 0,997130921875 0,550824537109375 0,833155830078125 0,5146484375 0,838751662109375 0,5146484375 1 0,530657857421875 1
35 0,58025875 1 0,645277046875 0,98813007421875 0,65615012890625 0,814357669921875 0,550222166015625 0,829214306640625 0,546954263671875 1 0,58025875 1
34 0,64001798828125 0,981124951171875 0,7005250546875 0,9718073125 0,742573927734375 0,800544966796875 0,63931084765625 0,81408619921875 0,64001798828125 0,981124951171875
6 0,827627056640625 0,935223517578125 0,852400205078125 0,779066458984375 0,7603034453125 0,794410177734375 0,7450098046875 0,9494706328125 0,827627056640625 0,935223517578125
3 0,81702966015625 0,937959787109375 0,894005390625 0,924972158203125 0,93740771484375 0,76519940234375 0,851470232421875 0,775014783203125 0,81702966015625 0,937959787109375
9 1 0,756763853515625 0,926543568359375 0,76930380859375 0,882229376953125 0,92333255078125 0,9525150703125 0,914395033203125 1 0,7820882734375 1 0,756763853515625