46 0,20683050390625 0,167547974609375 0,271644759765625 0,17921577734375 0,2907646796875 0,033922708984375 0,21599423046875 0,021904529296875 0,20683050390625 0,167547974609375
36 0,2939453125 0,03911229296875 0,282175552734375 0,037661865234375 0,259588275390625 0,178438072265625 0,2939453125 0,187417646484375 0,2939453125 0,03911229296875
13 0,357871603515625 0,2163574609375 0,439144537109375 0,198993166015625 0,396606826171875 0,003669068359375 0,310841755859375 0,01792551953125 0,357871603515625 0,2163574609375
24 0,438843044921875 0,20026565625 0,520407822265625 0,183622900390625 0,479722740234375 0,0009765625 0,411565126953125 0,0009765625 0,39519155078125 0,003729873046875 0,438843044921875 0,20026565625
13 0,60381204296875 0,168009740234375 0,565903791015625 0,0009765625 0,478190966796875 0,0009765625 0,51942659765625 0,186417587890625 0,60381204296875 0,168009740234375
3 0,716946001953125 0,15154435546875 0,68712784375 0,0009765625 0,59438412890625 0,0009765625 0,636005841796875 0,168067205078125 0,716946001953125 0,15154435546875
6 0,80010222265625 0,13882362109375 0,77321545703125 0,0009765625 0,6824975390625 0,0009765625 0,71408521875 0,1508111875 0,80010222265625 0,13882362109375
2 0,89134252734375 0,126616826171875 0,86244249609375 0,0009765625 0,770490927734375 0,0009765625 0,79867370703125 0,14009930859375 0,89134252734375 0,126616826171875
39 0 0,5038851171875 0,26033487109375 0,50520344140625 0,2249048203125 0,386310580078125 0,096112361328125 0,3798828125 0 0,3798828125 0 0,5038851171875
0 0 0,685701224609375 0,2939453125 0,68592158984375 0,2939453125 0,622924736328125 0,267815431640625 0,545703720703125 0 0,5456487890625 0 0,685701224609375
9 0 0,810236478515625 0,2939453125 0,803777736328125 0,2939453125 0,678547314453125 0 0,688669060546875 0 0,810236478515625
5 0 0,943832482421875 0,2939453125 0,95799441796875 0,2939453125 0,80197982421875 0 0,8168506171875 0 0,943832482421875
44 0,637326388888889 0,401692708333333 0,787239583333333 0,401692708333333 0,787239583333333 0,643923611111111 0,637326388888889 0,643923611111111
44 0,538910590277778 0,409997106481481 0,690603298611111 0,409997106481481 0,690603298611111 0,644444444444444 0,538910590277778 0,644444444444444
43 0,2841796875 0,4326171875 0,3623046875 0,4326171875 0,3623046875 0,6708984375 0,2841796875 0,6708984375
25 0,320551215277778 0,424334490740741 0,464388020833333 0,424334490740741 0,464388020833333 0,656712962962963 0,320551215277778 0,656712962962963
1 0,452191840277778 0,417498553240741 0,590212673611111 0,417498553240741 0,590212673611111 0,651743344907407 0,452191840277778 0,651743344907407