36 0,34765625 0,08984375 0,45703125 0,08984375 0,45703125 0,23828125 0,34765625 0,23828125
20 0,25 0,060546875 0,4140625 0,060546875 0,4140625 0,23828125 0,25 0,23828125
2 0,10546875 0,02734375 0,28515625 0,02734375 0,28515625 0,23828125 0,10546875 0,23828125
4 0,017578125 0,015625 0,173828125 0,015625 0,173828125 0,23828125 0,017578125 0,23828125
0 0 0 0,0859375 0 0,0859375 0,23828125 0 0,23828125
13 0,84374256640625 0 0,835020494140625 0,01378797265625 0,855962501953125 0,0158118359375 0,867870501953125 0 0,84374256640625 0
16 0,831361966796875 0 0,821995552734375 0,014811884765625 0,846081830078125 0,01487928125 0,855327130859375 0 0,831361966796875 0
25 0,8178378203125 0 0,809681701171875 0,01378937109375 0,832640048828125 0,015812599609375 0,842728216796875 0 0,8178378203125 0
0 0,7977641484375 0 0,787717791015625 0,014637603515625 0,810994962890625 0,016038876953125 0,822728041015625 0 0,7977641484375 0
7 0,783836982421875 0 0,775905263671875 0,015676294921875 0,79960634765625 0,01591043359375 0,80946665625 0 0,783836982421875 0
3 0,76690948046875 0 0,758166962890625 0,01421757421875 0,789828845703125 0,016312068359375 0,796412384765625 0 0,76690948046875 0
28 0,418410011574074 0,471983506944444 0,453030960648148 0,471983506944444 0,453030960648148 0,499457465277778 0,418410011574074 0,499457465277778
15 0,406741898148148 0,470920138888889 0,439409722222222 0,470920138888889 0,439409722222222 0,49837962962963 0,406741898148148 0,49837962962963
29 0,395225694444445 0,468880208333333 0,42779224537037 0,468880208333333 0,42779224537037 0,494386574074074 0,395225694444445 0,494386574074074
2 0,372967303240741 0,464807581018519 0,407486979166667 0,464807581018519 0,407486979166667 0,490328414351852 0,372967303240741 0,490328414351852
5 0,360423900462963 0,461783854166667 0,392990451388889 0,461783854166667 0,392990451388889 0,487290219907407 0,360423900462963 0,487290219907407
13 0,346752025462963 0,459729456018519 0,381372974537037 0,459729456018519 0,381372974537037 0,487203414351852 0,346752025462963 0,487203414351852
27 0,90238408203125 0,8719214140625 0,922922259765625 0,7939252109375 0,879357921875 0,789068357421875 0,857505173828125 0,866940384765625 0,90238408203125 0,8719214140625
20 0,86781165625 0,868552388671875 0,88794496484375 0,7911132421875 0,843480552734375 0,786238708984375 0,821554607421875 0,863603498046875 0,86781165625 0,868552388671875
32 0,8307254140625 0,865354810546875 0,8521565546875 0,787864099609375 0,80560048046875 0,783011486328125 0,789699638671875 0,861426765625 0,8307254140625 0,865354810546875
3 0,786521625 0,860694544921875 0,80374356640625 0,784154515625 0,75462712890625 0,778940583984375 0,740385302734375 0,85512669921875 0,786521625 0,860694544921875
2 0,75254670703125 0,858567353515625 0,767460185546875 0,781247083984375 0,721573173828125 0,77669601953125 0,70455449609375 0,853509240234375 0,75254670703125 0,858567353515625
6 0,68263678515625 0,77328179296875 0,670084203125 0,85114903515625 0,71661626953125 0,854057166015625 0,73225066015625 0,77438951953125 0,68263678515625 0,77328179296875