12 0,138671875 0,328125 0,3828125 0,328125 0,3828125 0,615234375 0,138671875 0,615234375
29 0,015625 0,33984375 0,263671875 0,33984375 0,263671875 0,615234375 0,015625 0,615234375
30 0 0,35546875 0,134765625 0,35546875 0,134765625 0,615234375 0 0,615234375
29 0,783203125 0 0,98046875 0 0,98046875 0,181640625 0,783203125 0,181640625
35 0,677734375 0 0,873046875 0 0,873046875 0,201171875 0,677734375 0,201171875
24 0,5703125 0 0,76953125 0 0,76953125 0,228515625 0,5703125 0,228515625
5 0,428255208333333 0,021484375 0,621223958333333 0,021484375 0,621223958333333 0,254036458333333 0,428255208333333 0,254036458333333
8 0,380859375 0,0390625 0,51953125 0,0390625 0,51953125 0,27734375 0,380859375 0,27734375
29 0,861328125 0,31640625 1 0,31640625 1 0,5546875 0,861328125 0,5546875
35 0,759700520833333 0,339388020833333 0,952842881944444 0,339388020833333 0,952842881944444 0,575846354166667 0,759700520833333 0,575846354166667
24 0,659939236111111 0,362109375 0,850954861111111 0,362109375 0,850954861111111 0,59453125 0,659939236111111 0,59453125
5 0,51171875 0,390625 0,705078125 0,390625 0,705078125 0,615234375 0,51171875 0,615234375
8 0,412109375 0,412109375 0,60546875 0,412109375 0,60546875 0,615234375 0,412109375 0,615234375
8 0,380859375 0,431640625 0,5 0,431640625 0,5 0,615234375 0,380859375 0,615234375