10 0,4638671875 0,5298828125 0,5341796875 0,5298828125 0,5341796875 0,578580729166667 0,4638671875 0,578580729166667
33 0,4814453125 0,5271484375 0,5537109375 0,5271484375 0,5537109375 0,5759765625 0,4814453125 0,5759765625
22 0,5 0,524479166666667 0,572265625 0,524479166666667 0,572265625 0,573307291666667 0,5 0,573307291666667
6 0,525390625 0,5193359375 0,595703125 0,5193359375 0,595703125 0,568033854166667 0,525390625 0,568033854166667
6 0,5634765625 0,5140625 0,6357421875 0,5140625 0,6357421875 0,562890625 0,5634765625 0,562890625
5 0,5439453125 0,516666666666667 0,6162109375 0,516666666666667 0,6162109375 0,565494791666667 0,5439453125 0,565494791666667
10 0,6171875 0,3720703125 0,73046875 0,3720703125 0,73046875 0,5380859375 0,6171875 0,5380859375
2 0,6728515625 0,358658854166667 0,8076171875 0,358658854166667 0,8076171875 0,524934895833333 0,6728515625 0,524934895833333
4 0,7353515625 0,351106770833333 0,8603515625 0,351106770833333 0,8603515625 0,510872395833333 0,7353515625 0,510872395833333
4 0,7919921875 0,34609375 0,9248046875 0,34609375 0,9248046875 0,508333333333333 0,7919921875 0,508333333333333
22 0,072265625 0,6494140625 0,28125 0,6494140625 0,28125 0,8447265625 0,072265625 0,8447265625
22 0,185546875 0,6494140625 0,3828125 0,6494140625 0,3828125 0,8232421875 0,185546875 0,8232421875
22 0,291015625 0,6494140625 0,48828125 0,6494140625 0,48828125 0,8095703125 0,291015625 0,8095703125
1 0,439453125 0,6494140625 0,619140625 0,6494140625 0,619140625 0,7880859375 0,439453125 0,7880859375
6 0,53515625 0,6494140625 0,66015625 0,6494140625 0,66015625 0,7705078125 0,53515625 0,7705078125