30 0,220630787037037 0,307573784722222 0,285734953703704 0,307573784722222 0,285734953703704 0,374254918981481 0,220630787037037 0,374254918981481
23 0,194950810185185 0,298444733796296 0,258101851851852 0,298444733796296 0,258101851851852 0,365024594907408 0,194950810185185 0,365024594907408
10 0,171187789351852 0,288440393518518 0,232385706018519 0,288440393518518 0,232385706018519 0,354918981481481 0,171187789351852 0,354918981481481
5 0,133644386574074 0,274797453703704 0,198820891203704 0,274797453703704 0,198820891203704 0,343431712962963 0,133644386574074 0,343431712962963
8 0,109013310185185 0,267672164351852 0,172092013888889 0,267672164351852 0,172092013888889 0,332298900462963 0,109013310185185 0,332298900462963
1 0,0823567708333333 0,258492476851852 0,1474609375 0,258492476851852 0,1474609375 0,325173611111111 0,0823567708333333 0,325173611111111
9 0,923828125 0,2265625 1 0,2265625 1 0,40625 0,923828125 0,40625
3 0,852973090277778 0,207436342592593 0,996853298611111 0,207436342592593 0,996853298611111 0,401012731481482 0,852973090277778 0,401012731481482
0 0,790002893518518 0,191500289351852 0,927806712962963 0,191500289351852 0,927806712962963 0,378913483796296 0,790002893518518 0,378913483796296
6 1 0,767246169921875 0,934466287109375 0,75227455859375 0,88690114453125 0,9970703125 1 0,9970703125 1 0,767246169921875
1 0,8660312734375 0,733035224609375 0,7987045 0,991045224609375 0,831140294921875 0,9970703125 0,9224973359375 0,9970703125 0,95717873046875 0,752578138671875 0,8660312734375 0,733035224609375
7 0,85106298046875 0,716194939453125 0,682192849609375 0,68745095703125 0,662174224609375 0,979914037109375 0,77721037109375 0,9936606796875 0,85106298046875 0,716194939453125