21 0 0,001953125 0,103515625 0,001953125 0,103515625 0,32421875 0 0,32421875
37 0,03125 0,0009765625 0,224609375 0,0009765625 0,224609375 0,3056640625 0,03125 0,3056640625
20 0,16796875 0,0009765625 0,375 0,0009765625 0,375 0,3154296875 0,16796875 0,3154296875
0 0,349609375 0,0009765625 0,5 0,0009765625 0,5 0,3232421875 0,349609375 0,3232421875
36 0,8072493359375 0,4990234375 0,7862995625 0,445152158203125 0,7424163359375 0,445289126953125 0,759974080078125 0,4990234375 0,8072493359375 0,4990234375
12 0,845303515625 0,4990234375 0,819916265625 0,439674943359375 0,77439255078125 0,44187996875 0,795877537109375 0,4990234375 0,845303515625 0,4990234375
31 0,873078939453125 0,4990234375 0,85608625 0,437443693359375 0,806010234375 0,44014818359375 0,83270258984375 0,4990234375 0,873078939453125 0,4990234375
2 0,919222751953125 0,4990234375 0,893913515625 0,4309643046875 0,84830242578125 0,432649955078125 0,870656162109375 0,4990234375 0,919222751953125 0,4990234375
4 0,94850684765625 0,4990234375 0,920591822265625 0,426481544921875 0,8814796015625 0,4303550625 0,907397697265625 0,4990234375 0,94850684765625 0,4990234375
6 0,9788746484375 0,4990234375 0,950320298828125 0,424203951171875 0,915196771484375 0,428125728515625 0,93336773046875 0,4990234375 0,9788746484375 0,4990234375
22 0,271317997685185 0,824479166666667 0,336957465277778 0,824479166666667 0,336957465277778 0,9109375 0,271317997685185 0,9109375
2 0,313194444444444 0,825325520833333 0,380787037037037 0,825325520833333 0,380787037037037 0,9119140625 0,313194444444444 0,9119140625
9 0,348292824074074 0,826692708333333 0,413816550925926 0,826692708333333 0,413816550925926 0,911197916666667 0,348292824074074 0,911197916666667
9 0,383449074074074 0,829036458333333 0,448741319444444 0,829036458333333 0,448741319444444 0,909635416666667 0,383449074074074 0,909635416666667
3 0,418547453703704 0,830403645833333 0,484071180555556 0,830403645833333 0,484071180555556 0,914908854166667 0,418547453703704 0,914908854166667
27 0,4765625 0,5498046875 0,56640625 0,5498046875 0,56640625 0,7900390625 0,4765625 0,7900390625
10 0,517903645833333 0,553580729166667 0,666673900462963 0,553580729166667 0,666673900462963 0,795377604166667 0,517903645833333 0,795377604166667
11 0,60912181712963 0,549934895833333 0,762029803240741 0,549934895833333 0,762029803240741 0,7958984375 0,60912181712963 0,7958984375
6 0,74986255787037 0,561263020833333 0,908166956018518 0,561263020833333 0,908166956018518 0,7998046875 0,74986255787037 0,7998046875
1 0,856879340277778 0,561588541666667 0,984743923611111 0,561588541666667 0,984743923611111 0,81171875 0,856879340277778 0,81171875
7 0,947265625 0,556640625 1 0,556640625 1 0,79296875 0,947265625 0,79296875