1 0,453125 0 0,62109375 0 0,62109375 0,349609375 0,453125 0,349609375
0 0,1796875 0 0,45703125 0 0,45703125 0,259765625 0,1796875 0,259765625
3 0,30078125 0 0,607421875 0 0,607421875 0,3125 0,30078125 0,3125
25 0 0 0,2734375 0 0,2734375 0,201171875 0 0,201171875
40 0 0 0,142578125 0 0,142578125 0,1640625 0 0,1640625
21 0,578125 0 0,7421875 0 0,7421875 0,251953125 0,578125 0,251953125
20 0,607421875 0 0,84375 0 0,84375 0,28515625 0,607421875 0,28515625
2 0,761400462962963 0,0460792824074073 0,978081597222222 0,0460792824074073 0,978081597222222 0,312876157407407 0,761400462962963 0,312876157407407
1 0,87109375 0,078125 1 0,078125 1 0,34375 0,87109375 0,34375
18 0,340415219907407 0,684526909722222 0,475933159722222 0,684526909722222 0,475933159722222 0,833586516203704 0,340415219907407 0,833586516203704
33 0,391261574074074 0,702473958333333 0,532523148148148 0,702473958333333 0,532523148148148 0,849623842592593 0,391261574074074 0,849623842592593
14 0,450723379629629 0,717556423611111 0,592100694444444 0,717556423611111 0,592100694444444 0,86665943287037 0,450723379629629 0,86665943287037
1 0,52734375 0,744140625 0,62109375 0,744140625 0,62109375 0,888671875 0,52734375 0,888671875
14 0,65799262890625 0,500052443359375 0,623126046875 0,717768583984375 0,7386491015625 0,740404234375 0,781670697265625 0,521480140625 0,65799262890625 0,500052443359375
21 0,829898009765625 0,756188076171875 0,87301949609375 0,542321251953125 0,755438388671875 0,52153418359375 0,7143639765625 0,73922765234375 0,829898009765625 0,756188076171875
20 0,803763248046875 0,76114989453125 0,9196408984375 0,78291173046875 0,903800771484375 0,666417091796875 0,977639775390625 0,565112576171875 0,851589251953125 0,54181005859375 0,803763248046875 0,76114989453125
9 1 0,5849407890625 0,934866095703125 0,79913639453125 1 0,80557673046875 1 0,5849407890625