51 0 0,294921875 0,115234375 0,294921875 0,115234375 0,626953125 0 0,626953125
6 0,080837673611111 0,275759548611111 0,276511863425926 0,275759548611111 0,276511863425926 0,614995659722222 0,080837673611111 0,614995659722222
5 0,201208043981481 0,2791015625 0,399631076388889 0,2791015625 0,399631076388889 0,587261284722222 0,201208043981481 0,587261284722222
8 0,324797453703704 0,266015625 0,507740162037037 0,266015625 0,507740162037037 0,577387152777778 0,324797453703704 0,577387152777778
10 0,28178601953125 1 0,275618123046875 0,984439580078125 0,216798236328125 0,99388685546875 0,218896302734375 1 0,28178601953125 1
14 0,32541481640625 1 0,31510517578125 0,975614818359375 0,255419701171875 0,985621322265625 0,26183565625 1 0,32541481640625 1
17 0,369820673828125 1 0,359268828125 0,970115556640625 0,297037009765625 0,977280150390625 0,30538571875 1 0,369820673828125 1
0 0,43678011328125 1 0,4154213671875 0,96047010546875 0,361802400390625 0,96747034375 0,37357617578125 1 0,43678011328125 1
1 0,4734424921875 1 0,446138828125 0,9537554375 0,4011967890625 0,961221748046875 0,419165234375 1 0,4734424921875 1
17 0,484026798828125 1 0,516522515625 0,993013654296875 0,48955863671875 0,948780392578125 0,434873841796875 0,957163443359375 0,4571614921875 1 0,484026798828125 1
5 0,5859375 0,90625 0,791015625 0,90625 0,791015625 1 0,5859375 1
0 0,69140625 0,89453125 0,900390625 0,89453125 0,900390625 1 0,69140625 1