33 0,4375 0,271484375 0,63671875 0,271484375 0,63671875 0,4453125 0,4375 0,4453125
34 0,3203125 0,28515625 0,521484375 0,28515625 0,521484375 0,4453125 0,3203125 0,4453125
6 0,14453125 0,30078125 0,34765625 0,30078125 0,34765625 0,4453125 0,14453125 0,4453125
5 0,025390625 0,3046875 0,232421875 0,3046875 0,232421875 0,4453125 0,025390625 0,4453125
8 0 0,314453125 0,111328125 0,314453125 0,111328125 0,4453125 0 0,4453125
15 0,47265625 0,453125 0,63671875 0,453125 0,63671875 0,76171875 0,47265625 0,76171875
24 0,32421875 0,453125 0,568359375 0,453125 0,568359375 0,775390625 0,32421875 0,775390625
6 0,115234375 0,453125 0,365234375 0,453125 0,365234375 0,802734375 0,115234375 0,802734375
4 0 0,453125 0,216796875 0,453125 0,216796875 0,82421875 0 0,82421875
0 0 0,453125 0,07421875 0,453125 0,07421875 0,8359375 0 0,8359375
1 1 0,9169108671875 0,960546265625 0,722495498046875 0,860858310546875 0,723067583984375 0,894996892578125 0,947231666015625 1 0,9407811640625 1 0,9169108671875
1 0,914582259765625 0,946569888671875 0,868661203125 0,7201291875 0,771461703125 0,734432572265625 0,811785587890625 0,95149011328125 0,914582259765625 0,946569888671875
5 0,832016607421875 0,956222619140625 0,7912776796875 0,73113080078125 0,6748291796875 0,735702244140625 0,722808171875 0,95062080078125 0,832016607421875 0,956222619140625