29 0 0,21484375 0,05078125 0,21484375 0,05078125 0,564453125 0 0,564453125
14 0,00813078703703696 0,207609953703704 0,199884259259259 0,207609953703704 0,199884259259259 0,561053240740741 0,00813078703703696 0,561053240740741
5 0,1962890625 0,2021484375 0,3583984375 0,2021484375 0,3583984375 0,5673828125 0,1962890625 0,5673828125
10 0,480979080078125 0,540399537109375 0,4836126953125 0,16648446484375 0,362121474609375 0,160955134765625 0,346092498046875 0,529320107421875 0,480979080078125 0,540399537109375
4 0,647851943359375 0,537828900390625 0,65715097265625 0,168075884765625 0,535130865234375 0,16685741796875 0,51628616015625 0,515248099609375 0,647851943359375 0,537828900390625
6 0,78917849609375 0,537104830078125 0,788940474609375 0,1574991015625 0,65152951171875 0,172255146484375 0,642279421875 0,536233623046875 0,78917849609375 0,537104830078125
7 0,874211345703125 0,541411388671875 0,922474037109375 0,183955693359375 0,77891609375 0,187329833984375 0,780083591796875 0,532655494140625 0,874211345703125 0,541411388671875
9 0,296875 0,8828125 0,357421875 0,8828125 0,357421875 1 0,296875 1
10 0,18359375 0,880859375 0,26171875 0,880859375 0,26171875 1 0,18359375 1
5 0,244140625 0,880859375 0,330078125 0,880859375 0,330078125 1 0,244140625 1
22 0,099609375 0,876953125 0,173828125 0,876953125 0,173828125 1 0,099609375 1
40 0,142578125 0,876953125 0,216796875 0,876953125 0,216796875 1 0,142578125 1