1 0,255164930555555 0,0749782986111112 0,37109375 0,0749782986111112 0,37109375 0,260134548611111 0,255164930555555 0,260134548611111
8 0,175217013888889 0,0761284722222222 0,298697916666667 0,0761284722222222 0,298697916666667 0,255598958333333 0,175217013888889 0,255598958333333
27 0,000455729166666696 0,0732204861111111 0,122330729166667 0,0732204861111111 0,122330729166667 0,260460069444444 0,000455729166666696 0,260460069444444
6 0,103927951388889 0,0745442708333333 0,229535590277778 0,0745442708333333 0,229535590277778 0,257964409722222 0,103927951388889 0,257964409722222
38 0 0,068359375 0,04296875 0,068359375 0,04296875 0,255859375 0 0,255859375
9 0,4814453125 0,44921875 0,5537109375 0,44921875 0,5537109375 0,53515625 0,4814453125 0,53515625
5 0,5087890625 0,451171875 0,5908203125 0,451171875 0,5908203125 0,53515625 0,5087890625 0,53515625
41 0,0313368055555556 0,844032118055556 0,0970486111111111 0,844032118055556 0,0970486111111111 0,909049479166667 0,0313368055555556 0,909049479166667
36 0,0597005208333333 0,845638020833333 0,127365451388889 0,845638020833333 0,127365451388889 0,910698784722222 0,0597005208333333 0,910698784722222
22 0,0891710069444445 0,8501953125 0,1607421875 0,8501953125 0,1607421875 0,915342881944444 0,0891710069444445 0,915342881944444
3 0,127387152777778 0,853971354166667 0,200911458333333 0,853971354166667 0,200911458333333 0,919162326388889 0,127387152777778 0,919162326388889
4 0,160677083333333 0,856662326388889 0,228428819444444 0,856662326388889 0,228428819444444 0,923676215277778 0,160677083333333 0,923676215277778
8 0,18828125 0,863129340277778 0,259678819444445 0,863129340277778 0,259678819444445 0,924370659722222 0,18828125 0,924370659722222
51 0,50938359375 0,54296875 0,547902958984375 0,81563758203125 0,69983329296875 0,79976092578125 0,67838801171875 0,54296875 0,50938359375 0,54296875
40 0,64224014453125 0,54296875 0,66098362890625 0,797589822265625 0,844758576171875 0,793361126953125 0,82631850390625 0,54296875 0,64224014453125 0,54296875
3 1 0,54296875 0,83132221875 0,54296875 0,852515533203125 0,79511690625 1 0,79037093359375 1 0,54296875