25 0 0 0,19140625 0 0,19140625 0,279296875 0 0,279296875
47 0,06640625 0 0,326171875 0 0,326171875 0,29296875 0,06640625 0,29296875
20 0,20703125 0 0,38671875 0 0,38671875 0,302734375 0,20703125 0,302734375
28 0,4732010390625 0,417392716796875 0,486723380859375 0,36081265625 0,43321752734375 0,355345701171875 0,417382265625 0,413156677734375 0,4732010390625 0,417392716796875
15 0,491038390625 0,421028173828125 0,513648927734375 0,36423148828125 0,462493830078125 0,359070328125 0,445161423828125 0,420435828125 0,491038390625 0,421028173828125
29 0,47216780859375 0,42185654296875 0,5149055078125 0,42369057421875 0,541885884765625 0,36706104296875 0,486720224609375 0,36357330078125 0,487318193359375 0,363635109375 0,47216780859375 0,42185654296875
2 0,569221494140625 0,431570224609375 0,581448248046875 0,3718043203125 0,531193673828125 0,36813612890625 0,511900935546875 0,426815791015625 0,569221494140625 0,431570224609375
5 0,592449140625 0,433709845703125 0,60772109765625 0,37535211328125 0,55608990234375 0,371251310546875 0,54072719140625 0,430773890625 0,592449140625 0,433709845703125
13 0,619784755859375 0,43635930078125 0,63178376171875 0,406026607421875 0,63351954296875 0,382902408203125 0,61606616015625 0,377069232421875 0,582380205078125 0,374136015625 0,56637162109375 0,43461171875 0,619784755859375 0,43635930078125
12 0 0,736328125 0,1640625 0,736328125 0,1640625 1 0 1
35 0,033203125 0,75 0,302734375 0,75 0,302734375 1 0,033203125 1
27 0,169921875 0,76953125 0,38671875 0,76953125 0,38671875 1 0,169921875 1
16 0,491450755859375 0,760948990234375 0,59821212109375 0,7815637109375 0,6357517109375 0,5654447109375 0,51887028515625 0,55100689453125 0,491450755859375 0,760948990234375
33 0,687698654296875 0,798905015625 0,729519958984375 0,584333005859375 0,615962552734375 0,56760251953125 0,578383744140625 0,781926466796875 0,687698654296875 0,798905015625
21 0,779429560546875 0,812834435546875 0,787678224609375 0,7718231640625 0,719525255859375 0,76213227734375 0,761431228515625 0,598400541015625 0,712716802734375 0,58365875 0,665688537109375 0,797224466796875 0,779429560546875 0,812834435546875
0 0,885227130859375 0,82969475 0,940000576171875 0,619217853515625 0,834896119140625 0,609132912109375 0,77373890625 0,812787318359375 0,885227130859375 0,82969475
4 1 0,6271722421875 0,9240071953125 0,61958095703125 0,858117287109375 0,826804515625 0,951855373046875 0,84183809375 0,986772548828125 0,774326439453125 1 0,721704716796875 1 0,6271722421875
1 1 0,74099994140625 0,99109612109375 0,77008544140625 0,938588029296875 0,844183931640625 1 0,851735880859375 1 0,74099994140625