13 0 0,181640625 0,150390625 0,181640625 0,150390625 0,517578125 0 0,517578125
20 0,0552734374999999 0,21640625 0,278841145833333 0,21640625 0,278841145833333 0,553559027777778 0,0552734374999999 0,553559027777778
0 0,240863715277778 0,269487847222222 0,4701171875 0,269487847222222 0,4701171875 0,602994791666667 0,240863715277778 0,602994791666667
1 0,3662109375 0,30078125 0,5927734375 0,30078125 0,5927734375 0,65234375 0,3662109375 0,65234375
4 0,5048828125 0,333984375 0,5927734375 0,333984375 0,5927734375 0,658203125 0,5048828125 0,658203125
27 0,646028645833333 0,348350694444444 0,731141493055556 0,348350694444444 0,731141493055556 0,464930555555556 0,646028645833333 0,464930555555556
19 0,692404513888889 0,3611328125 0,775564236111111 0,3611328125 0,775564236111111 0,477625868055555 0,692404513888889 0,477625868055555
31 0,746850544921875 0,476029990234375 0,7805100546875 0,487520365234375 0,81486666796875 0,39085098828125 0,762795548828125 0,37549528125 0,746850544921875 0,476029990234375
2 0,797808159722222 0,386284722222222 0,883268229166667 0,386284722222222 0,883268229166667 0,510677083333333 0,797808159722222 0,510677083333333
4 0,845247395833333 0,401063368055556 0,930533854166667 0,401063368055556 0,930533854166667 0,521549479166667 0,845247395833333 0,521549479166667
7 0,891753472222222 0,416775173611111 0,975086805555556 0,416775173611111 0,975086805555556 0,537174479166667 0,891753472222222 0,537174479166667
10 0,3994140625 0,8671875 0,5009765625 0,8671875 0,5009765625 1 0,3994140625 1
10 0,330902777777778 0,848003472222222 0,434895833333333 0,848003472222222 0,434895833333333 0,994661458333333 0,330902777777778 0,994661458333333
44 0,5498046875 0,90625 0,5927734375 0,90625 0,5927734375 1 0,5498046875 1
44 0,4853515625 0,888671875 0,5888671875 0,888671875 0,5888671875 1 0,4853515625 1
37 0,253472222222222 0,816297743055556 0,373524305555556 0,816297743055556 0,373524305555556 0,973415798611111 0,253472222222222 0,973415798611111