0 0,279296875 0 0,443359375 0 0,443359375 0,291015625 0,279296875 0,291015625
4 0,150390625 0 0,359375 0 0,359375 0,287109375 0,150390625 0,287109375
2 0,01953125 0 0,232421875 0 0,232421875 0,26953125 0,01953125 0,26953125
27 0,946332465277778 0,262550636574074 0,971245659722222 0,262550636574074 0,971245659722222 0,295985243055556 0,946332465277778 0,295985243055556
19 0,934526909722222 0,260771122685185 0,959353298611111 0,260771122685185 0,959353298611111 0,292252604166667 0,934526909722222 0,292252604166667
29 0,922764756944445 0,259968171296296 0,947677951388889 0,259968171296296 0,947677951388889 0,293402777777778 0,922764756944445 0,293402777777778
9 0,907052951388889 0,258246527777778 0,931966145833333 0,258246527777778 0,931966145833333 0,291681134259259 0,907052951388889 0,291681134259259
9 0,894357638888889 0,258405671296296 0,921223958333333 0,258405671296296 0,921223958333333 0,291869212962963 0,894357638888889 0,291869212962963
5 0,883572048611111 0,2576171875 0,9083984375 0,2576171875 0,9083984375 0,289098668981482 0,883572048611111 0,289098668981482
23 0,174479166666667 0,640494791666667 0,238758680555556 0,640494791666667 0,238758680555556 0,725260416666667 0,174479166666667 0,725260416666667
23 0,144162326388889 0,640082465277778 0,200542534722222 0,640082465277778 0,200542534722222 0,722779224537037 0,144162326388889 0,722779224537037
39 0,111501736111111 0,630823206018519 0,165928819444444 0,630823206018519 0,165928819444444 0,713491030092593 0,111501736111111 0,713491030092593
5 0,0645399305555554 0,629506655092593 0,122786458333333 0,629506655092593 0,122786458333333 0,710279224537037 0,0645399305555554 0,710279224537037
6 0,0349392361111112 0,623220486111111 0,0853732638888889 0,623220486111111 0,0853732638888889 0,703877314814815 0,0349392361111112 0,703877314814815
8 0,00151909722222221 0,618771701388889 0,055859375 0,618771701388889 0,055859375 0,699486400462963 0,00151909722222221 0,699486400462963
34 0,979059041015625 0,59607020703125 0,989024576171875 0,507739056640625 0,94761759375 0,506960232421875 0,943532509765625 0,593887751953125 0,979059041015625 0,59607020703125
17 0,947456583984375 0,594907494140625 0,95333391015625 0,507321873046875 0,912083578125 0,506726064453125 0,905356439453125 0,592470892578125 0,947456583984375 0,594907494140625
24 0,910687412109375 0,593137494140625 0,917159650390625 0,50591715625 0,876139802734375 0,505956416015625 0,871442953125 0,59166121484375 0,910687412109375 0,593137494140625
0 0,864942001953125 0,590848560546875 0,868017857421875 0,50521919921875 0,826170826171875 0,5057888984375 0,823824466796875 0,589473146484375 0,864942001953125 0,590848560546875
1 0,8331543671875 0,503717236328125 0,796908515625 0,50360644921875 0,79401307421875 0,5906859453125 0,828620779296875 0,590897544921875 0,8331543671875 0,503717236328125
0 0,798992806640625 0,588027740234375 0,800765029296875 0,502837111328125 0,758571515625 0,504230888671875 0,757372923828125 0,587187701171875 0,798992806640625 0,588027740234375