36 0,3505859375 0,7822265625 0,3876953125 0,7822265625 0,3876953125 0,8544921875 0,3505859375 0,8544921875
3 0,311574074074074 0,774045138888889 0,382725694444444 0,774045138888889 0,382725694444444 0,857523148148148 0,311574074074074 0,857523148148148
2 0,286472800925926 0,773936631944444 0,353486689814815 0,773936631944444 0,353486689814815 0,853392650462963 0,286472800925926 0,853392650462963
5 0,263266782407407 0,770782696759259 0,328327546296296 0,770782696759259 0,328327546296296 0,850180844907408 0,263266782407407 0,850180844907408
7 0,2373046875 0,770703125 0,298111979166667 0,770703125 0,298111979166667 0,844126157407407 0,2373046875 0,844126157407407
1 0,0402922453703703 0,589076967592593 0,110980902777778 0,589076967592593 0,110980902777778 0,664742476851852 0,0402922453703703 0,664742476851852
9 0,0111111111111112 0,582074652777778 0,0841001157407407 0,582074652777778 0,0841001157407407 0,663657407407407 0,0111111111111112 0,663657407407407
38 0,71851979296875 0,816038150390625 0,71047094921875 0,622691796875 0,62650205078125 0,636123921875 0,629983201171875 0,821228169921875 0,71851979296875 0,816038150390625
38 0,792741658203125 0,8090221015625 0,79465123828125 0,608690427734375 0,700880830078125 0,612937298828125 0,70558634765625 0,815622369140625 0,792741658203125 0,8090221015625
10 0,86323077734375 0,599587478515625 0,78182496875 0,605953267578125 0,78015777734375 0,8013887109375 0,872517458984375 0,789370669921875 0,86323077734375 0,599587478515625
3 0,978346181640625 0,588147337890625 0,87080187890625 0,598281990234375 0,880914486328125 0,79321493359375 0,978339052734375 0,778843646484375 0,978346181640625 0,588147337890625
1 1 0,58566523046875 0,968112857421875 0,58841401171875 0,967749572265625 0,78410973046875 1 0,7813824765625 1 0,58566523046875