16 0,3896484375 0,1826171875 0,4658203125 0,1826171875 0,4658203125 0,5185546875 0,3896484375 0,5185546875
0 0,214619502314815 0,127907986111111 0,441775173611111 0,127907986111111 0,441775173611111 0,487601273148148 0,214619502314815 0,487601273148148
0 0,0608723958333334 0,0845847800925925 0,304116030092593 0,0845847800925925 0,304116030092593 0,460828993055556 0,0608723958333334 0,460828993055556
22 0,92578125 0,2109375 1 0,2109375 1 0,517578125 0,92578125 0,517578125
6 0,7412109375 0,1474609375 0,9599609375 0,1474609375 0,9599609375 0,5185546875 0,7412109375 0,5185546875
5 0,6416015625 0,1220703125 0,8544921875 0,1220703125 0,8544921875 0,5185546875 0,6416015625 0,5185546875
0 0,5341796875 0,0927734375 0,7529296875 0,0927734375 0,7529296875 0,5185546875 0,5341796875 0,5185546875
35 0,380474076171875 0,5205078125 0,346629650390625 0,648035486328125 0,42411816015625 0,66233521484375 0,4616596640625 0,5205078125 0,380474076171875 0,5205078125
10 0,32729278125 0,5205078125 0,285126978515625 0,63163521484375 0,35352482421875 0,64481993359375 0,386406107421875 0,5205078125 0,32729278125 0,5205078125
25 0,239759794921875 0,5205078125 0,22925298828125 0,6176539921875 0,287037802734375 0,629515037109375 0,3226426875 0,5205078125 0,239759794921875 0,5205078125
6 0,13954505078125 0,5205078125 0,120835267578125 0,58617673046875 0,197351224609375 0,6034560078125 0,219094314453125 0,5205078125 0,13954505078125 0,5205078125
1 0,07635716015625 0,5205078125 0,05493118359375 0,571619662109375 0,12765100390625 0,586153185546875 0,146685607421875 0,5205078125 0,07635716015625 0,5205078125
1 0 0,558847220703125 0,059486693359375 0,57093275 0,077444505859375 0,5205078125 0,00252308203125 0,5205078125 0 0,5279431875 0 0,558847220703125
31 1 0,767139505859375 0,927254654296875 0,74920080078125 0,881553431640625 0,988839486328125 0,91847624609375 0,9990234375 0,961487142578125 0,9990234375 1 0,89332972265625 1 0,767139505859375
2 0,84045180859375 0,972785646484375 0,89933506640625 0,74373406640625 0,7993010546875 0,722403044921875 0,72816085546875 0,942836208984375 0,84045180859375 0,972785646484375
5 0,732761203125 0,944187234375 0,800456796875 0,722701333984375 0,695620958984375 0,686332875 0,635783291015625 0,91608675 0,732761203125 0,944187234375
8 0,638511900390625 0,917276421875 0,698312751953125 0,685149908203125 0,601707044921875 0,65797599609375 0,537552177734375 0,887403076171875 0,638511900390625 0,917276421875