46 0,01953125 0 0,20703125 0 0,20703125 0,197265625 0,01953125 0,197265625
23 0,12890625 0 0,3125 0 0,3125 0,193359375 0,12890625 0,193359375
23 0,236328125 0 0,419921875 0 0,419921875 0,185546875 0,236328125 0,185546875
5 0,3671875 0 0,5078125 0 0,5078125 0,1640625 0,3671875 0,1640625
17 0,869402513671875 0,3933691171875 0,84941871484375 0,343565416015625 0,791438529296875 0,348940583984375 0,811975787109375 0,39692890234375 0,869402513671875 0,3933691171875
25 0,89411391796875 0,387459955078125 0,876084224609375 0,340689541015625 0,818779724609375 0,3447569453125 0,83761182421875 0,39419275390625 0,89411391796875 0,387459955078125
18 0,918764544921875 0,38636143359375 0,90070212109375 0,338653884765625 0,844938404296875 0,34146446875 0,86439319140625 0,389917763671875 0,918764544921875 0,38636143359375
4 0,9604711796875 0,38005766015625 0,941706458984375 0,332958818359375 0,886334125 0,3369880078125 0,90007978515625 0,38407128125 0,9604711796875 0,38005766015625
9 0,98495191015625 0,37848094140625 0,973525568359375 0,32905166796875 0,9100116484375 0,3337637109375 0,931717845703125 0,3827972265625 0,98495191015625 0,37848094140625
13 1 0,336599162109375 0,99605156640625 0,32632858984375 0,93746778515625 0,32905996875 0,954106208984375 0,380112390625 1 0,375150060546875 1 0,336599162109375
2 0 0,781898462890625 0,047324294921875 0,781059509765625 0,009692013671875 0,63512096875 0 0,6350856796875 0 0,781898462890625
9 0 0,674908736328125 0,022177421875 0,782222185546875 0,069236251953125 0,78029303125 0,06476230078125 0,634984322265625 0 0,63508679296875 0 0,674908736328125
6 0,104686890625 0,7776129765625 0,07372859375 0,6341987265625 0,0304750625 0,637499080078125 0,028562435546875 0,780450490234375 0,104686890625 0,7776129765625