23 0 0 0 0,134736412109375 0,0199700078125 0,198693564453125 0,11466049609375 0,17870048828125 0,066447171875 0 0 0
13 0,068945791015625 0 0,118748560546875 0,186622939453125 0,21838187109375 0,160906513671875 0,179592962890625 0 0,068945791015625 0
0 0,221537107421875 0 0,262318630859375 0,15800473046875 0,364605 0,143198130859375 0,33732084375 0 0,221537107421875 0
2 0,3361693828125 0 0,36293846484375 0,14757977734375 0,492477943359375 0,12990691015625 0,460646359375 0 0,3361693828125 0
7 0,461505810546875 0 0,485901748046875 0,129901587890625 0,529296875 0,1234041640625 0,529296875 0 0,461505810546875 0
29 0 0,619140625 0,048828125 0,619140625 0,048828125 0,98046875 0 0,98046875
14 0 0,583984375 0,19140625 0,583984375 0,19140625 0,94921875 0 0,94921875
5 0,175238715277778 0,545247395833333 0,386176215277778 0,545247395833333 0,386176215277778 0,923155381944444 0,175238715277778 0,923155381944444
9 0,316080729166667 0,518532986111111 0,524703414351852 0,518532986111111 0,524703414351852 0,886588541666667 0,316080729166667 0,886588541666667
1 0,455078125 0,486328125 0,529296875 0,486328125 0,529296875 0,857421875 0,455078125 0,857421875
11 0,529296875 0,827096869140625 0,6167471484375 0,8009411796875 0,542057578125 0,5527695859375 0,529296875 0,55576384375 0,529296875 0,827096869140625
25 0,622484767578125 0,8072538046875 0,728880943359375 0,78255294921875 0,65244000390625 0,519772189453125 0,54547746875 0,541595296875 0,622484767578125 0,8072538046875
22 0,844822384765625 0,76638115625 0,773343544921875 0,48313156640625 0,658639400390625 0,517010705078125 0,73189134375 0,786428697265625 0,844822384765625 0,76638115625
5 0,99734156640625 0,724786779296875 0,93957283984375 0,431256728515625 0,81185125 0,461805166015625 0,8877041015625 0,750148939453125 0,99734156640625 0,724786779296875
2 1 0,4219187265625 0,94093644921875 0,43247516796875 1 0,726987982421875 1 0,4219187265625