46 0 0 0,1328125 0 0,1328125 0,24609375 0 0,24609375
22 0,0927734375 0,0009765625 0,2724609375 0,0009765625 0,2724609375 0,2783203125 0,0927734375 0,2783203125
40 0,2353515625 0,0009765625 0,4248046875 0,0009765625 0,4248046875 0,2666015625 0,2353515625 0,2666015625
0 0,4208984375 0,0009765625 0,6044921875 0,0009765625 0,6044921875 0,2822265625 0,4208984375 0,2822265625
2 0,5673828125 0,0009765625 0,6630859375 0,0009765625 0,6630859375 0,2978515625 0,5673828125 0,2978515625
3 0,900089228515625 0,24993217578125 0,90056608984375 0,0009765625 0,7461820625 0,0009765625 0,742995037109375 0,251160029296875 0,900089228515625 0,24993217578125
3 1 0,0009765625 0,88646080078125 0,0009765625 0,878608978515625 0,242761361328125 1 0,24833694921875 1 0,0009765625
16 0,274848090277778 0,71888744212963 0,342918113425926 0,71888744212963 0,342918113425926 0,86810619212963 0,274848090277778 0,86810619212963
12 0,320855034722222 0,721108217592593 0,390516493055556 0,721108217592593 0,390516493055556 0,860590277777778 0,320855034722222 0,860590277777778
20 0,365632233796296 0,716536458333333 0,435583043981482 0,716536458333333 0,435583043981482 0,863831018518519 0,365632233796296 0,863831018518519
0 0,431098090277778 0,716572627314815 0,499168113425926 0,716572627314815 0,499168113425926 0,865791377314815 0,431098090277778 0,865791377314815
6 0,476019965277778 0,71587818287037 0,546115451388889 0,71587818287037 0,546115451388889 0,867078993055556 0,476019965277778 0,867078993055556
4 0,523943865740741 0,717209201388889 0,588035300925926 0,717209201388889 0,588035300925926 0,864416956018519 0,523943865740741 0,864416956018519
0 0,7625946796875 0,68316850390625 0,75739975 0,525581798828125 0,681961197265625 0,505416056640625 0,683794421875 0,652501248046875 0,7625946796875 0,68316850390625
0 0,828767228515625 0,710165951171875 0,828997998046875 0,546561625 0,750389640625 0,52859822265625 0,7485632890625 0,682142732421875 0,828767228515625 0,710165951171875
4 0,81554995703125 0,708814373046875 0,897558416015625 0,73807407421875 0,9061798125 0,619099857421875 0,904264908203125 0,578643751953125 0,82586672265625 0,567585109375 0,81554995703125 0,708814373046875