23 0 0,13671875 0,091796875 0,13671875 0,091796875 0,373046875 0 0,373046875
5 0,059835078125 0,37523684765625 0,161869697265625 0,38527417578125 0,23823946484375 0,179636923828125 0,128866685546875 0,167092435546875 0,059835078125 0,37523684765625
9 0,254177970703125 0,4056554765625 0,332274392578125 0,1952557734375 0,233770974609375 0,18366787109375 0,147006779296875 0,39117219140625 0,254177970703125 0,4056554765625
7 0,246985498046875 0,411167322265625 0,325625421875 0,438774833984375 0,433732876953125 0,21517663671875 0,32721371875 0,1910432890625 0,246985498046875 0,411167322265625
19 0,4716796875 0,001953125 0,5791015625 0,001953125 0,5791015625 0,07421875 0,4716796875 0,07421875
8 0,5634765625 0,001953125 0,6708984375 0,001953125 0,6708984375 0,09375 0,5634765625 0,09375
7 0,701713390625 0,103956046875 0,7475812890625 0,001953125 0,66881127734375 0,001953125 0,638968333984375 0,094677857421875 0,701713390625 0,103956046875
0 0,7624218046875 0,11945298046875 0,819491587890625 0,015413998046875 0,774574341796875 0,001953125 0,742098361328125 0,001953125 0,692519419921875 0,104626171875 0,7624218046875 0,11945298046875
10 0 0,451171875 0,08984375 0,451171875 0,08984375 0,54296875 0 0,54296875
44 0,1376953125 0,451171875 0,2998046875 0,451171875 0,2998046875 0,578125 0,1376953125 0,578125
0 0,0439453125 0,451171875 0,2119140625 0,451171875 0,2119140625 0,55859375 0,0439453125 0,55859375
44 0,2275390625 0,451171875 0,3935546875 0,451171875 0,3935546875 0,58984375 0,2275390625 0,58984375
23 0,4716796875 0,521484375 0,5419921875 0,521484375 0,5419921875 0,607421875 0,4716796875 0,607421875
23 0,504557291666667 0,533181423611111 0,570876736111111 0,533181423611111 0,570876736111111 0,61626880787037 0,504557291666667 0,61626880787037
39 0,538671875 0,536038773148148 0,604947916666667 0,536038773148148 0,604947916666667 0,617173032407407 0,538671875 0,617173032407407
5 0,580338541666667 0,548083043981481 0,648567708333333 0,548083043981481 0,648567708333333 0,629333043981481 0,580338541666667 0,629333043981481
6 0,617317708333333 0,55415943287037 0,677690972222222 0,55415943287037 0,677690972222222 0,632993344907407 0,617317708333333 0,632993344907407
8 0,645442708333333 0,559085648148148 0,709765625 0,559085648148148 0,709765625 0,640104166666667 0,645442708333333 0,640104166666667