28 0,060546875 0,005859375 0,232421875 0,005859375 0,232421875 0,08984375 0,060546875 0,08984375
27 0,169921875 0,005859375 0,3359375 0,005859375 0,3359375 0,09375 0,169921875 0,09375
35 0,275390625 0,005859375 0,443359375 0,005859375 0,443359375 0,1015625 0,275390625 0,1015625
6 0,419921875 0,005859375 0,5859375 0,005859375 0,5859375 0,099609375 0,419921875 0,099609375
3 0,5234375 0,005859375 0,638671875 0,005859375 0,638671875 0,107421875 0,5234375 0,107421875
24 0,599609375 0,005859375 0,78515625 0,005859375 0,78515625 0,396484375 0,599609375 0,396484375
6 0,75390625 0,005859375 0,966796875 0,005859375 0,966796875 0,396484375 0,75390625 0,396484375
8 0,876953125 0,005859375 1 0,005859375 1 0,39453125 0,876953125 0,39453125
13 0 0,86129787109375 0,03794046484375 0,863065388671875 0,019127759765625 0,8234659921875 0 0,8218542421875 0 0,86129787109375
31 0 0,84406755078125 0,007182732421875 0,86492477734375 0,05655232421875 0,869760380859375 0,0497117890625 0,829572705078125 0 0,824870900390625 0 0,84406755078125
9 0,029734197265625 0,87389921484375 0,073238123046875 0,878289748046875 0,085850734375 0,853031845703125 0,077260423828125 0,837669908203125 0,02389125390625 0,83438320703125 0,029734197265625 0,87389921484375
7 0,044307060546875 0,881083265625 0,10682936328125 0,8861675078125 0,1076913671875 0,84519115625 0,096325578125 0,841248744140625 0,04866194921875 0,838371947265625 0,044307060546875 0,881083265625
4 0,134192 0,888415794921875 0,11949445703125 0,849619298828125 0,0932266328125 0,848691783203125 0,068995287109375 0,875371771484375 0,07300068359375 0,87962442578125 0,106476 0,892177349609375 0,126551037109375 0,892303123046875 0,134192 0,888415794921875
0 0,599609375 0,5546875 0,779296875 0,5546875 0,779296875 0,830078125 0,599609375 0,830078125
9 0,71484375 0,5546875 0,91796875 0,5546875 0,91796875 0,86328125 0,71484375 0,86328125
5 0,845703125 0,5546875 1 0,5546875 1 0,908203125 0,845703125 0,908203125