17 0 0 0,205078125 0 0,205078125 0,15234375 0 0,15234375
0 0,1591796875 0,0009765625 0,3818359375 0,0009765625 0,3818359375 0,1279296875 0,1591796875 0,1279296875
3 0,2841796875 0,0009765625 0,5146484375 0,0009765625 0,5146484375 0,1083984375 0,2841796875 0,1083984375
29 0,5751953125 0,376215277777778 0,633138020833333 0,376215277777778 0,633138020833333 0,453313078703704 0,5751953125 0,453313078703704
24 0,59296875 0,371853298611111 0,651041666666667 0,371853298611111 0,651041666666667 0,450904224537037 0,59296875 0,450904224537037
14 0,608723958333333 0,370363136574074 0,66875 0,370363136574074 0,66875 0,44947193287037 0,608723958333333 0,44947193287037
1 0,635546875 0,368214699074074 0,69140625 0,368214699074074 0,69140625 0,44330150462963 0,635546875 0,44330150462963
1 0,650455729166667 0,364742476851852 0,708268229166667 0,364742476851852 0,708268229166667 0,439887152777778 0,650455729166667 0,439887152777778
1 0,666145833333333 0,360322627314815 0,72421875 0,360322627314815 0,72421875 0,439373553240741 0,666145833333333 0,439373553240741
16 0 0,664013298828125 0,015685580078125 0,664473244140625 0,045607369140625 0,645638603515625 0,04468691015625 0,594632783203125 0,01460746484375 0,52421015625 0 0,496097259765625 0 0,664013298828125
10 0,128756984375 0,650400322265625 0,057275310546875 0,480414083984375 0,021920578125 0,484123275390625 0,026711994140625 0,658228298828125 0,128756984375 0,650400322265625
5 0,224125544921875 0,643203810546875 0,1990742578125 0,467890751953125 0,100329677734375 0,47977748046875 0,132752166015625 0,6512436484375 0,224125544921875 0,643203810546875
1 0,257193537109375 0,4599609375 0,239997294921875 0,4599609375 0,1879210546875 0,47012204296875 0,209116755859375 0,643318423828125 0,300158703125 0,63911157421875 0,257193537109375 0,4599609375
7 0,361307916015625 0,4599609375 0,274249197265625 0,4599609375 0,2624590546875 0,461357513671875 0,290059240234375 0,63985985546875 0,3742830625 0,62949933203125 0,361307916015625 0,4599609375
20 0,5478515625 0,8251953125 0,7783203125 0,8251953125 0,7783203125 0,9990234375 0,5478515625 0,9990234375
0 0,7275390625 0,7900390625 0,9580078125 0,7900390625 0,9580078125 0,9990234375 0,7275390625 0,9990234375
4 0,853515625 0,771484375 1 0,771484375 1 0,998046875 0,853515625 0,998046875