28 0,124435763888889 0,0729817708333333 0,292404513888889 0,0729817708333333 0,292404513888889 0,340299479166667 0,124435763888889 0,340299479166667
31 0,0516493055555556 0,0985026041666667 0,217795138888889 0,0985026041666667 0,217795138888889 0,371549479166667 0,0516493055555556 0,371549479166667
15 0 0,11328125 0,138671875 0,11328125 0,138671875 0,392578125 0 0,392578125
44 0,5 0,1962890625 0,587890625 0,1962890625 0,587890625 0,5009765625 0,5 0,5009765625
25 0,6390625 0,122330729166667 0,842925347222222 0,122330729166667 0,842925347222222 0,4251953125 0,6390625 0,4251953125
40 0,745876736111111 0,0880859375 0,945616319444444 0,0880859375 0,945616319444444 0,380924479166667 0,745876736111111 0,380924479166667
40 0,520572916666667 0,159309895833333 0,728081597222222 0,159309895833333 0,728081597222222 0,450716145833333 0,520572916666667 0,450716145833333
29 0,51953125 0,5615234375 0,420475181640625 0,5615234375 0,447556783203125 0,648127291015625 0,51953125 0,64360665625 0,51953125 0,5615234375
15 0,288275443359375 0,5615234375 0,31808791796875 0,67327678515625 0,45964746484375 0,65709021875 0,431330138671875 0,5615234375 0,288275443359375 0,5615234375
20 0,16498726953125 0,5615234375 0,20148585546875 0,68170695703125 0,33206107421875 0,6715354453125 0,30204308984375 0,5615234375 0,16498726953125 0,5615234375
9 0 0,56854951171875 0,0599810859375 0,7020142578125 0,18049179296875 0,691390923828125 0,144680720703125 0,5615234375 0 0,5615234375 0 0,56854951171875
28 0,821655865234375 0,58548065625 0,771590279296875 0,61709494921875 0,853071072265625 0,709934537109375 0,896405513671875 0,67721013671875 0,821655865234375 0,58548065625
27 0,77788871875 0,619790896484375 0,73011645703125 0,6512986875 0,809646294921875 0,747178228515625 0,85835155078125 0,712475865234375 0,77788871875 0,619790896484375
24 0,742458314453125 0,65539151953125 0,685711126953125 0,688950076171875 0,76563497265625 0,779490326171875 0,8168777265625 0,746597296875 0,742458314453125 0,65539151953125
2 0,627543533203125 0,73854688671875 0,71025119921875 0,8316298125 0,759502525390625 0,793233646484375 0,688916046875 0,6947103515625 0,68824398046875 0,69573755859375 0,627543533203125 0,73854688671875
8 0,6366147578125 0,74081323828125 0,5875017265625 0,7705545859375 0,66999637109375 0,869526283203125 0,71336209375 0,83126458203125 0,6366147578125 0,74081323828125
2 0,595404724609375 0,77230871484375 0,542828822265625 0,811524900390625 0,623009044921875 0,901720193359375 0,6747370390625 0,867359447265625 0,595404724609375 0,77230871484375