22 0 0,029296875 0,15625 0,029296875 0,15625 0,3125 0 0,3125
22 0,0793909143518519 0,0700810185185185 0,259078414351852 0,0700810185185185 0,259078414351852 0,339800347222222 0,0793909143518519 0,339800347222222
22 0,184859664351852 0,101866319444444 0,364619502314815 0,101866319444444 0,364619502314815 0,373538773148148 0,184859664351852 0,373538773148148
1 0,332609953703704 0,143641493055556 0,494791666666667 0,143641493055556 0,494791666666667 0,414402488425926 0,332609953703704 0,414402488425926
6 0,4296875 0,1728515625 0,52734375 0,1728515625 0,52734375 0,4404296875 0,4296875 0,4404296875
16 0,51171875 0,0009765625 0,7109375 0,0009765625 0,7109375 0,3369140625 0,51171875 0,3369140625
0 0,660951967592593 0,0279586226851852 0,892650462962963 0,0279586226851852 0,892650462962963 0,386147280092593 0,660951967592593 0,386147280092593
0 0,796875 0,06640625 1 0,06640625 1 0,44140625 0,796875 0,44140625
14 0,52734375 0,919117296875 0,499085541015625 0,919620830078125 0,504479203125 0,950184361328125 0,52734375 0,949672580078125 0,52734375 0,919117296875
2 0,63680157421875 0,5908203125 0,567594123046875 0,5908203125 0,51171875 0,76302781640625 0,51171875 0,7899251484375 0,57066519921875 0,79857373046875 0,63680157421875 0,5908203125
6 0,632270462890625 0,5908203125 0,559516765625 0,79897653515625 0,61417027734375 0,80006762890625 0,6878766875 0,5908203125 0,632270462890625 0,5908203125
0 0,680119376953125 0,5908203125 0,605598064453125 0,806133794921875 0,667787177734375 0,813472806640625 0,739373609375 0,5908203125 0,680119376953125 0,5908203125