0 0,033203125 0 0,302734375 0 0,302734375 0,10546875 0,033203125 0,10546875
0 0 0 0,1875 0 0,1875 0,169921875 0 0,169921875
22 0,736241319444444 0,0287977430555555 0,898263888888889 0,0287977430555555 0,898263888888889 0,304607928240741 0,736241319444444 0,304607928240741
22 0,632942708333333 0,0331958912037037 0,783072916666667 0,0331958912037037 0,783072916666667 0,3005859375 0,632942708333333 0,3005859375
22 0,525672743055556 0,0344618055555556 0,675802951388889 0,0344618055555556 0,675802951388889 0,301851851851852 0,525672743055556 0,301851851851852
1 0,40234375 0,0322265625 0,5234375 0,0322265625 0,5234375 0,3017578125 0,40234375 0,3017578125
14 0,2186152734375 0,9128266875 0,180822271484375 0,910855423828125 0,219589623046875 0,9612625078125 0,25213703515625 0,960236978515625 0,2186152734375 0,9128266875
28 0,166104353515625 0,90981566015625 0,20334194921875 0,959429498046875 0,234300111328125 0,95997522265625 0,198585591796875 0,912698650390625 0,166104353515625 0,90981566015625
24 0,148826390625 0,908100345703125 0,183540765625 0,958873255859375 0,21836534375 0,959705220703125 0,184199994140625 0,911390052734375 0,148826390625 0,908100345703125
7 0,189749931640625 0,957736060546875 0,16179589453125 0,90800482421875 0,119395123046875 0,906020896484375 0,166945515625 0,95981741796875 0,189749931640625 0,957736060546875
6 0,103658349609375 0,90703639453125 0,1441013515625 0,96060422265625 0,176816306640625 0,953308373046875 0,132597873046875 0,904106232421875 0,103658349609375 0,90703639453125
16 0,0856668671875 0,905897373046875 0,124508166015625 0,959961689453125 0,1571310546875 0,953809447265625 0,119853404296875 0,90320846484375 0,0856668671875 0,905897373046875
10 0,916015625 0,763671875 1 0,763671875 1 1 0,916015625 1
0 0,736328125 0,759765625 0,93359375 0,759765625 0,93359375 1 0,736328125 1
0 0,59765625 0,76171875 0,787109375 0,76171875 0,787109375 1 0,59765625 1
7 0,466796875 0,763671875 0,646484375 0,763671875 0,646484375 1 0,466796875 1