8 0,360525173611111 0,16015625 0,478103298611111 0,16015625 0,478103298611111 0,44140625 0,360525173611111 0,44140625
3 0,241471354166667 0,1484375 0,370941840277778 0,1484375 0,370941840277778 0,4375 0,241471354166667 0,4375
4 0,128211805555556 0,1630859375 0,245616319444444 0,1630859375 0,245616319444444 0,4365234375 0,128211805555556 0,4365234375
41 0 0,15625 0,09765625 0,15625 0,09765625 0,4375 0 0,4375
5 0,5771484375 0,130859375 0,6865234375 0,130859375 0,6865234375 0,189453125 0,5771484375 0,189453125
5 0,5771484375 0,189453125 0,6865234375 0,189453125 0,6865234375 0,248046875 0,5771484375 0,248046875
1 0,5771484375 0,08203125 0,6865234375 0,08203125 0,6865234375 0,126953125 0,5771484375 0,126953125
39 0,5771484375 0,26171875 0,6962890625 0,26171875 0,6962890625 0,314453125 0,5771484375 0,314453125
23 0,5771484375 0,314453125 0,7080078125 0,314453125 0,7080078125 0,369140625 0,5771484375 0,369140625
23 0,5771484375 0,3671875 0,7001953125 0,3671875 0,7001953125 0,4296875 0,5771484375 0,4296875
21 0,2737399296875 0,9882265625 0,2691651015625 0,95978125 0,23822130859375 0,9420015625 0,23488906640625 0,83634375 0,2035272578125 0,8368515625 0,204293896484375 0,9861953125 0,2737399296875 0,9882265625
13 0,3392003125 0,991275 0,3353917734375 0,8378671875 0,26946159765625 0,8414234375 0,273339830078125 0,9917828125 0,3392003125 0,991275
20 0,338296666015625 0,9897515625 0,40424476171875 0,9872109375 0,377668869140625 0,914571875 0,406557603515625 0,8404078125 0,3390760859375 0,8414234375 0,338296666015625 0,9897515625
3 0,49405226171875 0,9917828125 0,4964121171875 0,842946875 0,430461408203125 0,8449796875 0,428647708984375 0,9927984375 0,49405226171875 0,9917828125
7 0,55332873828125 0,9892421875 0,5629106953125 0,8449796875 0,49804483203125 0,8439625 0,4962650703125 0,990259375 0,55332873828125 0,9892421875
5 0,5791015625 0,8451910546875 0,565357453125 0,8454875 0,554658125 0,991275 0,5791015625 0,99108610546875 0,5791015625 0,8451910546875