0 0 0,16796875 0,1640625 0,16796875 0,1640625 0,408203125 0 0,408203125
8 0,0877459490740742 0,1921875 0,265335648148148 0,1921875 0,265335648148148 0,437630208333333 0,0877459490740742 0,437630208333333
8 0,186508969907407 0,216341145833333 0,368077256944445 0,216341145833333 0,368077256944445 0,471809895833333 0,186508969907407 0,471809895833333
30 0,330078125 0,0625 0,48046875 0,0625 0,48046875 0,353515625 0,330078125 0,353515625
32 0,392932581018518 0,0956380208333334 0,596317997685185 0,0956380208333334 0,596317997685185 0,3974609375 0,392932581018518 0,3974609375
26 0,512290219907407 0,132877604166667 0,721448206018519 0,132877604166667 0,721448206018519 0,423372395833333 0,512290219907407 0,423372395833333
4 0,674696180555556 0,183723958333333 0,870124421296296 0,183723958333333 0,870124421296296 0,465494791666667 0,674696180555556 0,465494791666667
4 0,789113136574074 0,212825520833333 0,990400752314815 0,212825520833333 0,990400752314815 0,494986979166667 0,789113136574074 0,494986979166667
7 1 0,2571411796875 0,9900469140625 0,25568021875 0,89509194921875 0,496802599609375 1 0,519527123046875 1 0,2571411796875
31 0,086973814453125 0,763671875 0,07864989453125 0,763671875 0,031433197265625 0,94395016015625 0,1292434296875 0,962823349609375 0,182908806640625 0,778522158203125 0,086973814453125 0,763671875
22 0,21240756640625 0,9778099375 0,2585216953125 0,7981123203125 0,1575692265625 0,781141484375 0,103862083984375 0,961436990234375 0,21240756640625 0,9778099375
11 0,23330098046875 0,804139673828125 0,18244058984375 0,98433176171875 0,28744758203125 0,99609375 0,292627533203125 0,99609375 0,32698928125 0,823923615234375 0,23330098046875 0,804139673828125
5 0,35364620703125 0,830545974609375 0,296163232421875 0,99609375 0,369140625 0,99609375 0,369140625 0,832273287109375 0,35364620703125 0,830545974609375
28 0,412109375 0,763671875 0,505859375 0,763671875 0,505859375 0,81640625 0,412109375 0,81640625
18 0,451171875 0,763671875 0,541015625 0,763671875 0,541015625 0,8359375 0,451171875 0,8359375
29 0,48828125 0,763671875 0,583984375 0,763671875 0,583984375 0,837890625 0,48828125 0,837890625
5 0,54296875 0,763671875 0,63671875 0,763671875 0,63671875 0,8515625 0,54296875 0,8515625
9 0,581271701388889 0,7646484375 0,677756076388889 0,7646484375 0,677756076388889 0,866080729166667 0,581271701388889 0,866080729166667
5 0,620384837962963 0,774088541666667 0,71685474537037 0,774088541666667 0,71685474537037 0,873567708333333 0,620384837962963 0,873567708333333