32 0,191304976851852 0,052734375 0,353978587962963 0,052734375 0,353978587962963 0,267578125 0,191304976851852 0,267578125
32 0,270920138888889 0,072265625 0,427618634259259 0,072265625 0,427618634259259 0,283203125 0,270920138888889 0,283203125
14 0,345703125 0,0908203125 0,4453125 0,0908203125 0,4453125 0,3134765625 0,345703125 0,3134765625
21 0,670359490234375 0,33155856640625 0,702486587890625 0,141779484375 0,63554751953125 0,136794720703125 0,586479466796875 0,3264075 0,670359490234375 0,33155856640625
24 0,714827345703125 0,32953586328125 0,76733301953125 0,1478076953125 0,69230015625 0,142258490234375 0,6488751796875 0,327315697265625 0,714827345703125 0,32953586328125
21 0,779960794921875 0,3317102890625 0,809749775390625 0,154929755859375 0,75177626171875 0,147248525390625 0,70187974609375 0,327006224609375 0,779960794921875 0,3317102890625
4 0,84840738671875 0,3339234609375 0,89110116015625 0,149506447265625 0,824095828125 0,1563095390625 0,779573771484375 0,325212845703125 0,84840738671875 0,3339234609375
0 0,895415673828125 0,340551236328125 0,941793439453125 0,162195162109375 0,8778275703125 0,163205240234375 0,829498431640625 0,33050724609375 0,895415673828125 0,340551236328125
3 0,945078083984375 0,338652013671875 0,993493150390625 0,160645486328125 0,9258012734375 0,1619194375 0,88072625 0,33690093359375 0,945078083984375 0,338652013671875
21 0,4140625 0,5791015625 0,56640625 0,5791015625 0,56640625 0,7998046875 0,4140625 0,7998046875
2 0,51171875 0,5791015625 0,724609375 0,5791015625 0,724609375 0,8466796875 0,51171875 0,8466796875
1 0,624457465277778 0,5791015625 0,826497395833333 0,5791015625 0,826497395833333 0,8701171875 0,624457465277778 0,8701171875
0 0,729947916666667 0,615234375 0,949450231481481 0,615234375 0,949450231481481 0,90234375 0,729947916666667 0,90234375