29 0,52734375 0,202614009765625 0,52734375 0,03299830859375 0,4642076796875 0,024617404296875 0,3778951328125 0,293517015625 0,4869045 0,313122642578125 0,52734375 0,202614009765625
17 0,377655818359375 0,294488619140625 0,463868384765625 0,022607126953125 0,343017001953125 0,001383076171875 0,256594890625 0,275160953125 0,377655818359375 0,294488619140625
18 0,259718330078125 0,273259009765625 0,345905181640625 0,0009765625 0,236186259765625 0,0009765625 0,15767340234375 0,25784525 0,259718330078125 0,273259009765625
4 0 0,23480155078125 0,10791519921875 0,247017044921875 0,182474453125 0,0009765625 0,06795731640625 0,0009765625 0 0,20905325 0 0,23480155078125
3 0 0,191636908203125 0,06791028125 0,0009765625 0 0,0009765625 0 0,191636908203125
25 1 0,0451455546875 0,9951446640625 0,04482159765625 0,932779568359375 0,258180056640625 1 0,26593865625 1 0,0451455546875
1 0,889902705078125 0,255694064453125 0,95668292578125 0,034894662109375 0,870895658203125 0,030626876953125 0,806648517578125 0,247232998046875 0,889902705078125 0,255694064453125
5 0,80019509765625 0,2514552734375 0,865622162109375 0,037334421875 0,756662541015625 0,019617185546875 0,703874427734375 0,23713958984375 0,80019509765625 0,2514552734375
5 0,713313697265625 0,23839920703125 0,763228884765625 0,01967173828125 0,65168441015625 0,01315052734375 0,61468506640625 0,236823802734375 0,713313697265625 0,23839920703125
7 0,280835515625 0,976771861328125 0,27420826953125 0,9990234375 0,33649798828125 0,9990234375 0,34247262109375 0,984687759765625 0,280835515625 0,976771861328125
0 0,226116158203125 0,982333068359375 0,222013021484375 0,9990234375 0,285159873046875 0,9990234375 0,292253857421875 0,978865263671875 0,226116158203125 0,982333068359375
1 0,23875259375 0,977031103515625 0,191337869140625 0,96780933984375 0,1790458828125 0,9990234375 0,231075373046875 0,9990234375 0,2387138671875 0,978050765625 0,23875259375 0,977031103515625
20 1 0,819212734375 0,886798875 0,80870042578125 0,89722253125 0,942157861328125 0,85326190625 0,9990234375 0,9927162890625 0,9990234375 1 0,979297 1 0,819212734375
1 0,650390625 0,7626953125 0,84375 0,7626953125 0,84375 0,9990234375 0,650390625 0,9990234375
6 0,51171875 0,7275390625 0,728515625 0,7275390625 0,728515625 0,9990234375 0,51171875 0,9990234375