0 0 0,06640625 0,125 0,06640625 0,125 0,40625 0 0,40625
3 0,0423538773148148 0,0825954861111111 0,24974681712963 0,0825954861111111 0,24974681712963 0,429817708333333 0,0423538773148148 0,429817708333333
3 0,180772569444444 0,104210069444444 0,375868055555556 0,104210069444444 0,375868055555556 0,431640625 0,180772569444444 0,431640625
15 0,545107013671875 0,203480830078125 0,547924537109375 0,161878423828125 0,49154802734375 0,15603153515625 0,494508205078125 0,2013331953125 0,545107013671875 0,203480830078125
34 0,5093536796875 0,206790978515625 0,55433621484375 0,209349375 0,563364416015625 0,166367650390625 0,50712119921875 0,16231251953125 0,5093536796875 0,206790978515625
20 0,520198310546875 0,2104847265625 0,58135925 0,215638076171875 0,563209630859375 0,192822916015625 0,579764087890625 0,170169953125 0,52675701171875 0,1660686328125 0,520198310546875 0,2104847265625
1 0,602373427734375 0,22302551953125 0,584047486328125 0,173480306640625 0,5449904453125 0,1729328359375 0,54584809375 0,21863055859375 0,602373427734375 0,22302551953125
0 0,561124861328125 0,224736505859375 0,620215373046875 0,227128275390625 0,618680857421875 0,18272653515625 0,591139958984375 0,17843468359375 0,5608844296875 0,178452365234375 0,561124861328125 0,224736505859375
1 0,6365110703125 0,232548841796875 0,6293568984375 0,184613119140625 0,57893835546875 0,183228826171875 0,580130845703125 0,22759610546875 0,6365110703125 0,232548841796875
37 0,402105034722222 0,576605902777778 0,634772858796296 0,576605902777778 0,634772858796296 0,920486111111111 0,402105034722222 0,920486111111111
50 0,5421875 0,588541666666667 0,756756365740741 0,588541666666667 0,756756365740741 0,914453125 0,5421875 0,914453125
51 0,675173611111111 0,591536458333333 0,88560474537037 0,591536458333333 0,88560474537037 0,909548611111111 0,675173611111111 0,909548611111111
6 0,8515625 0,603515625 1 0,603515625 1 0,9296875 0,8515625 0,9296875