29 0,4189453125 0,001953125 0,5693359375 0,001953125 0,5693359375 0,23046875 0,4189453125 0,23046875
22 0,2841796875 0,001953125 0,5126953125 0,001953125 0,5126953125 0,27734375 0,2841796875 0,27734375
3 0,0947265625 0,001953125 0,3291015625 0,001953125 0,3291015625 0,333984375 0,0947265625 0,333984375
1 0 0,015625 0,185546875 0,015625 0,185546875 0,3828125 0 0,3828125
3 0 0,052734375 0,05859375 0,052734375 0,05859375 0,4375 0 0,4375
33 0,6423828125 0,272764756944444 0,683644386574074 0,272764756944444 0,683644386574074 0,303219039351852 0,6423828125 0,303219039351852
19 0,629665798611111 0,276446759259259 0,670927372685185 0,276446759259259 0,670927372685185 0,306901041666667 0,629665798611111 0,306901041666667
10 0,618901909722222 0,280128761574074 0,658210358796296 0,280128761574074 0,658210358796296 0,310467303240741 0,618901909722222 0,310467303240741
3 0,599341724537037 0,285076678240741 0,640603298611111 0,285076678240741 0,640603298611111 0,315530960648148 0,599341724537037 0,315530960648148
2 0,587601273148148 0,288816550925926 0,626909722222222 0,288816550925926 0,626909722222222 0,319155092592593 0,587601273148148 0,319155092592593
2 0,574884259259259 0,294451678240741 0,614178240740741 0,294451678240741 0,614178240740741 0,322837094907407 0,574884259259259 0,322837094907407
41 0,1513671875 0,470703125 0,2626953125 0,470703125 0,2626953125 0,57421875 0,1513671875 0,57421875
50 0,0986328125 0,470703125 0,2041015625 0,470703125 0,2041015625 0,5859375 0,0986328125 0,5859375
38 0,0419921875 0,470703125 0,1513671875 0,470703125 0,1513671875 0,603515625 0,0419921875 0,603515625
1 0 0,484375 0,072265625 0,484375 0,072265625 0,62109375 0 0,62109375
28 0,993493703125 0,731054974609375 0,978178046875 0,69309148828125 0,93829455078125 0,6982332734375 0,954537095703125 0,737839529296875 0,993493703125 0,731054974609375
15 0,96968316796875 0,738909849609375 0,95401680078125 0,69838390625 0,91593776953125 0,703280126953125 0,928156716796875 0,743769966796875 0,96968316796875 0,738909849609375
29 0,946212884765625 0,744106333984375 0,931188755859375 0,705083140625 0,892058357421875 0,71090816796875 0,913897603515625 0,7489945859375 0,946212884765625 0,744106333984375
2 0,85586143359375 0,721538072265625 0,863383974609375 0,737400376953125 0,86723452734375 0,76057805859375 0,91364748046875 0,753548986328125 0,897265193359375 0,741106103515625 0,899513990234375 0,73015825390625 0,89460159765625 0,715355375 0,85586143359375 0,721538072265625
5 0,873134998046875 0,72165279296875 0,83306 0,727509642578125 0,8492664296875 0,765713357421875 0,884387306640625 0,760577951171875 0,88307028515625 0,746815310546875 0,873134998046875 0,72165279296875
13 0,863300818359375 0,76823359765625 0,84889065625 0,72916701171875 0,809951599609375 0,735004720703125 0,82133716796875 0,77251888671875 0,863300818359375 0,76823359765625