22 0,3388671875 0,181640625 0,5224609375 0,181640625 0,5224609375 0,279296875 0,3388671875 0,279296875
3 0,1552734375 0,15234375 0,3447265625 0,15234375 0,3447265625 0,279296875 0,1552734375 0,279296875
1 0,0302734375 0,126953125 0,2060546875 0,126953125 0,2060546875 0,279296875 0,0302734375 0,279296875
11 0,6845703125 0,079904513888889 0,7158203125 0,079904513888889 0,7158203125 0,123307291666667 0,6845703125 0,123307291666667
13 0,6611328125 0,0763454861111112 0,6923828125 0,0763454861111112 0,6923828125 0,119748263888889 0,6611328125 0,119748263888889
21 0,6396484375 0,0727575231481481 0,6708984375 0,0727575231481481 0,6708984375 0,116160300925926 0,6396484375 0,116160300925926
1 0,609375 0,066427951388889 0,63671875 0,066427951388889 0,63671875 0,109772858796296 0,609375 0,109772858796296
0 0,583984375 0,0647641782407408 0,6171875 0,0647641782407408 0,6171875 0,108195891203704 0,583984375 0,108195891203704
4 0,5615234375 0,0612196180555555 0,5927734375 0,0612196180555555 0,5927734375 0,104622395833333 0,5615234375 0,104622395833333
14 0,51876143359375 0,784225859375 0,526543658203125 0,6807846484375 0,494983857421875 0,67297226171875 0,48605966015625 0,78169165625 0,51876143359375 0,784225859375
28 0,487912876953125 0,782052234375 0,496306099609375 0,67362178515625 0,463532068359375 0,662961580078125 0,45132562109375 0,779606642578125 0,487912876953125 0,782052234375
24 0,452623095703125 0,77861582421875 0,465406845703125 0,665557591796875 0,42697686328125 0,655786560546875 0,41452390234375 0,77432303125 0,452623095703125 0,77861582421875
7 0,392841365234375 0,771341533203125 0,40898903515625 0,651007708984375 0,363575904296875 0,6399536875 0,358450767578125 0,768851771484375 0,392841365234375 0,771341533203125
6 0,3609225 0,76957265234375 0,36122248828125 0,63770021484375 0,32065962890625 0,62633555859375 0,307179736328125 0,76149080859375 0,3609225 0,76957265234375
16 0,3094015234375 0,765769615234375 0,3215276328125 0,626760576171875 0,27134520703125 0,615057060546875 0,25226513671875 0,756830748046875 0,3094015234375 0,765769615234375
18 0,92198367578125 0,7900651796875 0,903584658203125 0,79131553515625 0,90185271875 0,83624595703125 0,918184521484375 0,8347279375 0,92198367578125 0,7900651796875
23 0,90208080859375 0,836592912109375 0,903787896484375 0,79166248828125 0,884097615234375 0,79347326171875 0,8805024609375 0,839686294921875 0,90208080859375 0,836592912109375
29 0,880808845703125 0,84064782421875 0,884413048828125 0,793472677734375 0,86426419921875 0,7950696640625 0,864304732421875 0,841952052734375 0,880808845703125 0,84064782421875
1 0,85791596484375 0,79445190234375 0,84015434765625 0,795755548828125 0,83511101171875 0,84426687109375 0,854194568359375 0,84256269921875 0,85791596484375 0,79445190234375
0 0,833762275390625 0,8448002421875 0,83844319921875 0,79567430078125 0,816993736328125 0,79550664453125 0,81264078125 0,84754608203125 0,833762275390625 0,8448002421875
3 0,812292564453125 0,847652421875 0,81703551171875 0,795853599609375 0,794830498046875 0,799614583984375 0,7923715078125 0,850184736328125 0,812292564453125 0,847652421875