18 0,37969742578125 0,48828125 0,44411313671875 0,345975439453125 0,331229021484375 0,333015421875 0,272559607421875 0,48828125 0,37969742578125 0,48828125
29 0,292999740234375 0,48828125 0,354053173828125 0,334197896484375 0,23094515234375 0,31832496484375 0,183556111328125 0,48828125 0,292999740234375 0,48828125
27 0,205611734375 0,48828125 0,2590434296875 0,31749553125 0,13734392578125 0,30570697265625 0,083766435546875 0,48828125 0,205611734375 0,48828125
1 0 0,473576669921875 0,076806109375 0,47895029296875 0,13152375390625 0,291023376953125 0,021624318359375 0,279838798828125 0 0,364663908203125 0 0,473576669921875
20 0,900390625 0,12109375 1 0,12109375 1 0,287109375 0,900390625 0,287109375
9 0,822113715277778 0,112702546296296 0,95806568287037 0,112702546296296 0,95806568287037 0,276186342592593 0,822113715277778 0,276186342592593
2 0,754810474537037 0,104311342592593 0,89466869212963 0,104311342592593 0,89466869212963 0,267939814814815 0,754810474537037 0,267939814814815
7 0,695341435185185 0,0890118634259259 0,833275462962963 0,0890118634259259 0,833275462962963 0,256474247685185 0,695341435185185 0,256474247685185
30 0,5194770703125 1 0,5615234375 0,888192076171875 0,5615234375 0,85551617578125 0,46068134765625 0,8411811015625 0,409646087890625 0,9901331796875 0,483601462890625 1 0,5194770703125 1
0 0,405815650390625 0,9887634375 0,452349162109375 0,83870353515625 0,3494333828125 0,825386564453125 0,29583433984375 0,975325427734375 0,405815650390625 0,9887634375
2 0,321184138671875 0,9813027265625 0,371407169921875 0,822308525390625 0,265250017578125 0,809959849609375 0,21195839453125 0,9664712578125 0,321184138671875 0,9813027265625
4 0,23743448828125 0,962203458984375 0,2892693125 0,802339564453125 0,185703240234375 0,78832171484375 0,132839158203125 0,94840371875 0,23743448828125 0,962203458984375
24 0,647974537037037 0,890082465277778 0,734476273148148 0,890082465277778 0,734476273148148 0,9677734375 0,647974537037037 0,9677734375
30 0,620681423611111 0,888165509259259 0,707154224537037 0,888165509259259 0,707154224537037 0,961950231481482 0,620681423611111 0,961950231481482
15 0,592404513888889 0,881329571759259 0,680844907407407 0,881329571759259 0,680844907407407 0,957139756944444 0,592404513888889 0,957139756944444
5 0,553392650462963 0,875940393518519 0,641833043981481 0,875940393518519 0,641833043981481 0,951750578703704 0,553392650462963 0,951750578703704
3 0,523148148148148 0,873083043981482 0,613541666666667 0,873083043981482 0,613541666666667 0,94896556712963 0,523148148148148 0,94896556712963
7 0,5166015625 0,8671875 0,5830078125 0,8671875 0,5830078125 0,94140625 0,5166015625 0,94140625