10 0,421875 0,370328177734375 0,421875 0,067787787109375 0,36536756640625 0,058284244140625 0,228454037109375 0,3834559140625 0,403152654296875 0,428591880859375 0,421875 0,370328177734375
16 0,366997341796875 0,050650599609375 0,365539708984375 0,047659767578125 0,186924623046875 0,008991060546875 0,10089655859375 0,34997994140625 0,25030166015625 0,369949705078125 0,366997341796875 0,050650599609375
0 0 0,32477225 0,0579388046875 0,33222225 0,17162490234375 0,0009765625 0 0,0009765625 0 0,32477225
11 0,515234375 0,3291015625 0,595587384259259 0,3291015625 0,595587384259259 0,372200520833333 0,515234375 0,372200520833333
13 0,49400318287037 0,320833333333333 0,574457465277778 0,320833333333333 0,574457465277778 0,365885416666667 0,49400318287037 0,365885416666667
21 0,471846064814815 0,3134765625 0,552300347222222 0,3134765625 0,552300347222222 0,358528645833333 0,471846064814815 0,358528645833333
1 0,443055555555556 0,3037109375 0,519502314814815 0,3037109375 0,519502314814815 0,346549479166667 0,443055555555556 0,346549479166667
0 0,417816840277778 0,297135416666667 0,500224247685185 0,297135416666667 0,500224247685185 0,342317708333333 0,417816840277778 0,342317708333333
4 0,394632523148148 0,290690104166667 0,475086805555556 0,290690104166667 0,475086805555556 0,3357421875 0,394632523148148 0,3357421875
44 0,236328125 0,7197265625 0,421875 0,7197265625 0,421875 0,9599609375 0,236328125 0,9599609375
0 0,326171875 0,7451171875 0,421875 0,7451171875 0,421875 0,9833984375 0,326171875 0,9833984375
44 0,147026909722222 0,687369791666667 0,3486328125 0,687369791666667 0,3486328125 0,929296875 0,147026909722222 0,929296875
28 0,91671730859375 0,85360551953125 0,99028525390625 0,603919923828125 0,860511533203125 0,577268978515625 0,787038197265625 0,841728509765625 0,91671730859375 0,85360551953125
20 0,81544547265625 0,846310904296875 0,88623771484375 0,582694375 0,76069695703125 0,562085388671875 0,677030732421875 0,817535568359375 0,81544547265625 0,846310904296875
23 0,7842107265625 0,55390707421875 0,6461114453125 0,53545777734375 0,61990240625 0,65712564453125 0,56299376171875 0,78810993359375 0,707468291015625 0,828093958984375 0,7842107265625 0,55390707421875
5 0,546041705078125 0,5009765625 0,50692145703125 0,5009765625 0,428465681640625 0,754131095703125 0,563016498046875 0,78594191796875 0,634056400390625 0,527661421875 0,546041705078125 0,5009765625
4 0,522097666015625 0,5009765625 0,39581860546875 0,5009765625 0,375 0,548805591796875 0,375 0,746489294921875 0,461727626953125 0,75820301171875 0,522097666015625 0,5009765625