43 0,164909728515625 0,274408189453125 0,22188625390625 0,261543232421875 0,1688071484375 0,148974857421875 0,117089046875 0,16398397265625 0,164909728515625 0,274408189453125
47 0,260092591796875 0,23977147265625 0,2174026328125 0,132563498046875 0,156728125 0,145428455078125 0,206761255859375 0,257996828125 0,260092591796875 0,23977147265625
12 0,249880029296875 0,23924098828125 0,3006434140625 0,21792687109375 0,25462369140625 0,122013337890625 0,194804216796875 0,13693322265625 0,249880029296875 0,23924098828125
8 0,30209534765625 0,2075905078125 0,3542625390625 0,19702837890625 0,297954115234375 0,100913017578125 0,249248251953125 0,112531359375 0,30209534765625 0,2075905078125
8 0,29890570703125 0,208762748046875 0,35534794921875 0,196048033203125 0,30435994921875 0,098568537109375 0,24816284375 0,113402373046875 0,29890570703125 0,208762748046875
2 0,2899729765625 0,096995537109375 0,29152095703125 0,099321029296875 0,33491132421875 0,196216541015625 0,386510685546875 0,18303875 0,339133091796875 0,084592912109375 0,2899729765625 0,096995537109375
2 0,36848146875 0,17737256640625 0,42140693359375 0,168135701171875 0,376022302734375 0,073457837890625 0,32328303125 0,0842341796875 0,36848146875 0,17737256640625
12 0,482421875 0,005859375 0,693359375 0,005859375 0,693359375 0,40625 0,482421875 0,40625
35 0,62109375 0,005859375 0,830078125 0,005859375 0,830078125 0,40234375 0,62109375 0,40234375
27 0,76171875 0,005859375 0,958984375 0,005859375 0,958984375 0,400390625 0,76171875 0,400390625
2 0,9453125 0,005859375 1 0,005859375 1 0,404296875 0,9453125 0,404296875
12 0,429005888671875 0,72297701953125 0,409698779296875 0,670621693359375 0,2325942421875 0,672758646484375 0,238482626953125 0,7283193984375 0,429005888671875 0,72297701953125
47 0,243524755859375 0,78954561328125 0,434338291015625 0,793879384765625 0,4232267734375 0,731039720703125 0,233879732421875 0,740790703125 0,23844842578125 0,740790703125 0,243524755859375 0,78954561328125
12 0,435052453125 0,8555828984375 0,427448033203125 0,79917068359375 0,250030634765625 0,800235064453125 0,24825817578125 0,8555828984375 0,435052453125 0,8555828984375
3 0,4408133515625 0,950901263671875 0,42476123046875 0,8852985078125 0,249781720703125 0,887485267578125 0,25342475390625 0,951994640625 0,4408133515625 0,950901263671875
4 0,249972162109375 0,959856921875 0,2540397421875 0,994140625 0,442568734375 0,994140625 0,434108171875 0,959856921875 0,249972162109375 0,959856921875
12 0,183371392578125 0,940983267578125 0,273509224609375 0,948138171875 0,266273384765625 0,805040099609375 0,172414271484375 0,797885193359375 0,183371392578125 0,940983267578125
14 0,7882752578125 0,760052904296875 0,748092140625 0,75012142578125 0,73385105078125 0,75320387109375 0,774612560546875 0,763251041015625 0,7882752578125 0,760052904296875
28 0,7927351953125 0,7545237578125 0,75088501171875 0,74518286328125 0,74000501953125 0,747799044921875 0,782380962890625 0,75775267578125 0,7927351953125 0,7545237578125
24 0,79838080078125 0,749471400390625 0,758416365234375 0,740837439453125 0,7452886328125 0,743569541015625 0,7848183828125 0,75240463671875 0,79838080078125 0,749471400390625
7 0,80632948046875 0,741348697265625 0,7671975546875 0,7318129296875 0,753894564453125 0,7350514765625 0,79431745703125 0,74315725 0,80632948046875 0,741348697265625
6 0,81178112890625 0,736451333984375 0,77049831640625 0,728024693359375 0,760813529296875 0,730053044921875 0,799129546875 0,739480453125 0,81178112890625 0,736451333984375
16 0,8071320859375 0,734578166015625 0,815738984375 0,731601626953125 0,780057251953125 0,724570771484375 0,766631701171875 0,7250327421875 0,76496211328125 0,72612662890625 0,8071320859375 0,734578166015625