7 0,310546875 0,251953125 0,375 0,251953125 0,375 0,376953125 0,310546875 0,376953125
0 0,248046875 0,234375 0,365234375 0,234375 0,365234375 0,376953125 0,248046875 0,376953125
2 0,1875 0,21875 0,302734375 0,21875 0,302734375 0,376953125 0,1875 0,376953125
12 0,837890625 0,076171875 1 0,076171875 1 0,376953125 0,837890625 0,376953125
31 0,697265625 0,037109375 0,943359375 0,037109375 0,943359375 0,376953125 0,697265625 0,376953125
34 0,560546875 0,001953125 0,80859375 0,001953125 0,80859375 0,361328125 0,560546875 0,361328125
0 0,36328125 0,001953125 0,609375 0,001953125 0,609375 0,318359375 0,36328125 0,318359375
0 0,36328125 0,001953125 0,474609375 0,001953125 0,474609375 0,28125 0,36328125 0,28125
26 0,11328125 0,380859375 0,337890625 0,380859375 0,337890625 0,515625 0,11328125 0,515625
15 0 0,380859375 0,20703125 0,380859375 0,20703125 0,482421875 0 0,482421875
28 0,74833166796875 0,661876982421875 0,70111833984375 0,63866144140625 0,659089060546875 0,73868815625 0,705970146484375 0,75947576171875 0,74833166796875 0,661876982421875
22 0,70722241796875 0,638159240234375 0,660569296875 0,611712923828125 0,620148263671875 0,710221546875 0,66389187890625 0,737036787109375 0,70722241796875 0,638159240234375
30 0,666561052734375 0,61186806640625 0,62204317578125 0,58712837890625 0,588989138671875 0,684216408203125 0,628811033203125 0,706261306640625 0,666561052734375 0,61186806640625
6 0,57991594921875 0,670750435546875 0,612216306640625 0,576232234375 0,571358470703125 0,557499638671875 0,541119505859375 0,64977123046875 0,57991594921875 0,670750435546875
6 0,57668971875 0,555666169921875 0,5379784296875 0,533850849609375 0,5110767890625 0,629196052734375 0,54889423046875 0,64445431640625 0,57668971875 0,555666169921875
2 0,54415892578125 0,5334914453125 0,508557720703125 0,519438818359375 0,4807470859375 0,60983298046875 0,51799150390625 0,6262348828125 0,54415892578125 0,5334914453125