10 0,271332465277778 0,25951244212963 0,434483506944444 0,25951244212963 0,434483506944444 0,514503761574074 0,271332465277778 0,514503761574074
10 0,176265914351852 0,2373046875 0,347634548611111 0,2373046875 0,347634548611111 0,500397858796296 0,176265914351852 0,500397858796296
4 0 0,185546875 0,111328125 0,185546875 0,111328125 0,462890625 0 0,462890625
13 0,0749855324074074 0,208333333333333 0,258883101851852 0,208333333333333 0,258883101851852 0,487485532407407 0,0749855324074074 0,487485532407407
49 0,859375 0,142578125 1 0,142578125 1 0,505859375 0,859375 0,505859375
47 0,752097800925926 0,128472222222222 0,972540509259259 0,128472222222222 0,972540509259259 0,473307291666667 0,752097800925926 0,473307291666667
22 0,614988425925926 0,106843171296296 0,843446180555556 0,106843171296296 0,843446180555556 0,455873842592593 0,614988425925926 0,455873842592593
3 0,44140625 0,072265625 0,666015625 0,072265625 0,666015625 0,43359375 0,44140625 0,43359375
1 0,44140625 0,04296875 0,52734375 0,04296875 0,52734375 0,41796875 0,44140625 0,41796875
17 0,748046875 0,759765625 1 0,759765625 1 1 0,748046875 1
31 0,611328125 0,7421875 0,896484375 0,7421875 0,896484375 1 0,611328125 1
2 0,44140625 0,7109375 0,701171875 0,7109375 0,701171875 1 0,44140625 1
4 0,44140625 0,685546875 0,556640625 0,685546875 0,556640625 1 0,44140625 1