10 0,0615234375 0,33203125 0,2177734375 0,33203125 0,2177734375 0,5390625 0,0615234375 0,5390625
10 0 0,34375 0,12890625 0,34375 0,12890625 0,5390625 0 0,5390625
43 0,1611328125 0,314453125 0,3212890625 0,314453125 0,3212890625 0,5390625 0,1611328125 0,5390625
28 0,3154296875 0,3229422890625 0,3154296875 0,381036953125 0,329127642578125 0,438003271484375 0,38437903515625 0,426815802734375 0,356771357421875 0,314151810546875 0,3154296875 0,3229422890625
27 0,43641447265625 0,4195299921875 0,409088734375 0,301723046875 0,35631507421875 0,313693505859375 0,3802820234375 0,431451736328125 0,43641447265625 0,4195299921875
24 0,48822076171875 0,4102168125 0,462938666015625 0,29058405859375 0,40681365625 0,302000796875 0,432033607421875 0,42112676953125 0,48822076171875 0,4102168125
2 0,503640375 0,408327234375 0,561036255859375 0,39878633203125 0,53334530859375 0,2774321328125 0,478205916015625 0,287175673828125 0,503640375 0,408327234375
8 0,5641031328125 0,397793296875 0,614312578125 0,38873733203125 0,5865045390625 0,271007044921875 0,531599142578125 0,2781400078125 0,5641031328125 0,397793296875
2 0,612743646484375 0,387848431640625 0,670137666015625 0,378306216796875 0,6454377734375 0,258597037109375 0,587307326171875 0,26669555859375 0,612743646484375 0,387848431640625
2 0 0,5390625 0,12109375 0,5390625 0,12109375 0,75390625 0 0,75390625
7 0,073299693359375 0,5390625 0,10539903125 0,7427060625 0,217323404296875 0,7370850703125 0,185158751953125 0,5390625 0,073299693359375 0,5390625
28 0,502278645833333 0,715603298611111 0,6412109375 0,715603298611111 0,6412109375 0,986031539351852 0,502278645833333 0,986031539351852
31 0,581271701388889 0,694697627314815 0,714431423611111 0,694697627314815 0,714431423611111 0,967035590277778 0,581271701388889 0,967035590277778
15 0,655251736111111 0,680591724537037 0,794184027777778 0,680591724537037 0,794184027777778 0,951019965277778 0,655251736111111 0,951019965277778
4 0,768728298611111 0,668728298611111 0,899240451388889 0,668728298611111 0,899240451388889 0,925426793981481 0,768728298611111 0,925426793981481
7 0,843598090277778 0,64291087962963 0,976584201388889 0,64291087962963 0,976584201388889 0,911342592592593 0,843598090277778 0,911342592592593
4 0,919921875 0,630859375 1 0,630859375 1 0,89453125 0,919921875 0,89453125