13 0,3203125 0,108874708984375 0,3203125 0,031610763671875 0,22252274609375 0,025079427734375 0,206703603515625 0,264115634765625 0,30548847265625 0,27963884375 0,3203125 0,108874708984375
26 0,204724619140625 0,27061633203125 0,218897759765625 0,032848125 0,119843220703125 0,023462732421875 0,10572699609375 0,25986661328125 0,204724619140625 0,27061633203125
10 0 0,251899361328125 0,1016982109375 0,256659611328125 0,11213207421875 0,01934964453125 0,020869095703125 0,01385367578125 0 0,24924928515625 0 0,251899361328125
9 0,652068865740741 0,362999131944445 0,714424189814815 0,362999131944445 0,714424189814815 0,490357349537037 0,652068865740741 0,490357349537037
10 0,762565104166667 0,36705005787037 0,82681568287037 0,36705005787037 0,82681568287037 0,492469618055556 0,762565104166667 0,492469618055556
3 0,603153935185185 0,360402199074074 0,66958912037037 0,360402199074074 0,66958912037037 0,493648726851852 0,603153935185185 0,493648726851852
5 0,695037615740741 0,362608506944444 0,767100694444444 0,362608506944444 0,767100694444444 0,4880859375 0,695037615740741 0,4880859375
22 0,851432291666667 0,366420717592593 0,91177662037037 0,366420717592593 0,91177662037037 0,491811342592593 0,851432291666667 0,491811342592593
40 0,808434606481481 0,365762442129629 0,868721064814815 0,365762442129629 0,868721064814815 0,48919994212963 0,808434606481481 0,48919994212963
4 0,3203125 1 0,3203125 0,848597505859375 0,259725830078125 0,837081515625 0,26191339453125 1 0,3203125 1
9 0,2642448359375 1 0,261518208984375 0,8343126484375 0,1659582578125 0,825415419921875 0,1908445625 0,9944737265625 0,21202288671875 1 0,2642448359375 1