10 0,4326171875 0,081091029296875 0,4326171875 0,015974306640625 0,363206443359375 0,006683388671875 0,322240318359375 0,24164851171875 0,410351697265625 0,241994712890625 0,4326171875 0,081091029296875
37 0,230151005859375 0 0,2069017109375 0,220834693359375 0,319642490234375 0,231451421875 0,35352259765625 0 0,230151005859375 0
4 0,10046908984375 0 0,078725966796875 0,197425708984375 0,170233361328125 0,20795326171875 0,191306205078125 0 0,10046908984375 0
5 0 0 0 0,18960443359375 0,084929943359375 0,196159595703125 0,099261552734375 0 0 0
2 0,520879205078125 0 0,495246109375 0,0988131875 0,8048986484375 0,173167998046875 0,829235685546875 0,04535537890625 0,63853283203125 0 0,520879205078125 0
10 0,49643253125 0,143194162109375 0,476745119140625 0,26319448828125 0,769240384765625 0,316594423828125 0,79056557421875 0,217484326171875 0,777950349609375 0,22526429296875 0,782920203125 0,213682552734375 0,49643253125 0,143194162109375
39 0,763858123046875 0,342674890625 0,484467666015625 0,289328828125 0,457224396484375 0,380583537109375 0,74253894140625 0,475720841796875 0,763858123046875 0,342674890625
25 0,436297369140625 0,479693634765625 0,49019255078125 0,5 0,727421259765625 0,5 0,726864728515625 0,470433642578125 0,7319577109375 0,467843908203125 0,46132130078125 0,393650708984375 0,436297369140625 0,479693634765625
0 0,38561150390625 0,5 0,33925297265625 0,5 0,341394296875 0,62718333203125 0,409939486328125 0,63456286328125 0,406786802734375 0,504978267578125 0,38561150390625 0,5
1 0,29316472265625 0,5 0,281244318359375 0,62756098828125 0,34601094140625 0,6309285546875 0,34235255859375 0,5 0,29316472265625 0,5
3 0,2147320546875 0,5 0,223940490234375 0,622115484375 0,28487527734375 0,62512377734375 0,2888855390625 0,5 0,2147320546875 0,5
28 1 0,823204978515625 0,900262412109375 0,81807169921875 0,91057973046875 1 1 1 1 0,823204978515625
14 0,903756591796875 1 0,896948455078125 0,815861130859375 0,791411328125 0,817620033203125 0,79235108203125 1 0,903756591796875 1
5 0,76169218359375 1 0,755768322265625 0,815998708984375 0,646568921875 0,8083215390625 0,6545838671875 1 0,76169218359375 1
3 0,65394680078125 1 0,64242659375 0,807557236328125 0,536276791015625 0,807863890625 0,553036525390625 1 0,65394680078125 1
5 0,558675251953125 1 0,53580231640625 0,8049428671875 0,432802572265625 0,80236139453125 0,458798771484375 1 0,558675251953125 1