19 0 0 0,150390625 0 0,150390625 0,314453125 0 0,314453125
32 0,099609375 0 0,265625 0 0,265625 0,33203125 0,099609375 0,33203125
14 0,21875 0 0,37890625 0 0,37890625 0,3359375 0,21875 0,3359375
5 0,376953125 0 0,533203125 0 0,533203125 0,34765625 0,376953125 0,34765625
5 0,48828125 0 0,6484375 0 0,6484375 0,365234375 0,48828125 0,365234375
2 0,603515625 0,009765625 0,693359375 0,009765625 0,693359375 0,37890625 0,603515625 0,37890625
4 0,685546875 0,109375 0,748046875 0,109375 0,748046875 0,24609375 0,685546875 0,24609375
28 0,283224826388889 0,527350983796296 0,309020543981481 0,527350983796296 0,309020543981481 0,55521556712963 0,283224826388889 0,55521556712963
15 0,297902199074074 0,529738136574074 0,323668981481481 0,529738136574074 0,323668981481481 0,555649594907407 0,297902199074074 0,555649594907407
29 0,313541666666667 0,531177662037037 0,341261574074074 0,531177662037037 0,341261574074074 0,557146990740741 0,313541666666667 0,557146990740741
2 0,338961226851852 0,533883101851852 0,364728009259259 0,533883101851852 0,364728009259259 0,559794560185185 0,338961226851852 0,559794560185185
5 0,353609664351852 0,53431712962963 0,379405381944444 0,53431712962963 0,379405381944444 0,562181712962963 0,353609664351852 0,562181712962963
13 0,368287037037037 0,536704282407407 0,396035879629629 0,536704282407407 0,396035879629629 0,564626736111111 0,368287037037037 0,564626736111111
6 0,685546875 0,657540255859375 0,72683470703125 0,656820580078125 0,74938076171875 0,48857459375 0,685546875 0,485851228515625 0,685546875 0,657540255859375