30 0,53515625 0,1015625 0,603515625 0,1015625 0,603515625 0,30859375 0,53515625 0,30859375
23 0,4375 0,12890625 0,603515625 0,12890625 0,603515625 0,345703125 0,4375 0,345703125
1 0,314865451388889 0,164149305555556 0,492990451388889 0,164149305555556 0,492990451388889 0,387977430555556 0,314865451388889 0,387977430555556
6 0,211631944444444 0,194704861111111 0,393489583333333 0,194704861111111 0,393489583333333 0,414713541666667 0,211631944444444 0,414713541666667
2 0,116471354166667 0,231032986111111 0,2982421875 0,231032986111111 0,2982421875 0,449088541666667 0,116471354166667 0,449088541666667
16 0,993138935546875 0,088545279296875 0,969027787109375 0,00390625 0,826078685546875 0,00390625 0,860504662109375 0,109315255859375 0,993138935546875 0,088545279296875
5 0,841998162109375 0,116661677734375 0,805610345703125 0,00390625 0,660561447265625 0,00390625 0,73134400390625 0,148881009765625 0,841998162109375 0,116661677734375
9 0,610257046875 0,18078727734375 0,73755452734375 0,14257547265625 0,6703702578125 0,00390625 0,576171875 0,00390625 0,576171875 0,113285939453125 0,610257046875 0,18078727734375
13 0,603515625 0,870858 0,603515625 0,833051984375 0,553098078125 0,60999979296875 0,429932978515625 0,615243443359375 0,463333228515625 0,86755031640625 0,603515625 0,870858
7 0,442464712890625 0,868378142578125 0,41586280859375 0,618570248046875 0,283491533203125 0,613504849609375 0,32200258984375 0,8646409375 0,442464712890625 0,868378142578125
7 0,343835810546875 0,868423123046875 0,295332357421875 0,6196754765625 0,175336509765625 0,626686984375 0,230854318359375 0,872550787109375 0,343835810546875 0,868423123046875
1 0,24817584375 0,87832659765625 0,194541083984375 0,6306728203125 0,089672287109375 0,63402175 0,131391099609375 0,880349619140625 0,24817584375 0,87832659765625