17 0,421875 0 0,5078125 0 0,5078125 0,220703125 0,421875 0,220703125
23 0,29296875 0 0,470703125 0 0,470703125 0,2109375 0,29296875 0,2109375
20 0,169921875 0 0,33984375 0 0,33984375 0,208984375 0,169921875 0,208984375
2 0 0 0,1484375 0 0,1484375 0,1953125 0 0,1953125
46 0,911577091796875 0,22280301171875 0,934526978515625 0,10757569140625 0,87923678515625 0,1002246640625 0,85503868359375 0,2154235625 0,911577091796875 0,22280301171875
41 0,86506210546875 0,2155761796875 0,886488646484375 0,101421248046875 0,832110998046875 0,090031029296875 0,80528430078125 0,20710604296875 0,86506210546875 0,2155761796875
47 0,820079638671875 0,209411658203125 0,84594053125 0,08950010546875 0,7897251484375 0,076055923828125 0,76285075 0,203032767578125 0,820079638671875 0,209411658203125
1 0,78669263671875 0,07868862890625 0,734067751953125 0,075439791015625 0,70297314453125 0,189551087890625 0,76269237109375 0,194996306640625 0,78669263671875 0,07868862890625
3 0,74283028125 0,078617451171875 0,68042427734375 0,070062423828125 0,662310873046875 0,1785631015625 0,72018021875 0,183960486328125 0,74283028125 0,078617451171875
6 0,671351265625 0,178638150390625 0,691875404296875 0,07218238671875 0,64233798046875 0,065967486328125 0,614272541015625 0,172252228515625 0,671351265625 0,178638150390625
44 0,3525390625 0,34765625 0,4794921875 0,34765625 0,4794921875 0,498046875 0,3525390625 0,498046875
44 0,2568359375 0,34765625 0,3955078125 0,34765625 0,3955078125 0,49609375 0,2568359375 0,49609375
44 0,1572265625 0,34765625 0,2998046875 0,34765625 0,2998046875 0,49609375 0,1572265625 0,49609375
27 0,9066718203125 0,735644638671875 0,918561349609375 0,652690064453125 0,87127412109375 0,652401376953125 0,85796058203125 0,735370400390625 0,9066718203125 0,735644638671875
20 0,871812966796875 0,737052302734375 0,883362109375 0,65467485546875 0,835215314453125 0,654487923828125 0,821740802734375 0,736984318359375 0,871812966796875 0,737052302734375
32 0,834468326171875 0,73884821875 0,847312388671875 0,656336357421875 0,7964785703125 0,656302111328125 0,789719044921875 0,739178416015625 0,834468326171875 0,73884821875
3 0,7901607421875 0,740438361328125 0,798608990234375 0,659273740234375 0,74517084765625 0,659164716796875 0,739876935546875 0,739641439453125 0,7901607421875 0,740438361328125
2 0,7562430390625 0,74304071484375 0,76209625390625 0,661341689453125 0,71212029296875 0,66155975390625 0,70393496875 0,74295982421875 0,7562430390625 0,74304071484375
6 0,672499525390625 0,663526689453125 0,669283755859375 0,74532974609375 0,719984279296875 0,74336497265625 0,726292849609375 0,65937235546875 0,672499525390625 0,663526689453125