4 0,01953125 0 0,115234375 0 0,115234375 0,076171875 0,01953125 0,076171875
6 0,078125 0 0,1796875 0 0,1796875 0,08203125 0,078125 0,08203125
6 0,146484375 0 0,244140625 0 0,244140625 0,08984375 0,146484375 0,08984375
17 0,790655587890625 0,39753069140625 0,84070866796875 0,390665736328125 0,822548583984375 0,33592301953125 0,7764226484375 0,34104101171875 0,790655587890625 0,39753069140625
16 0,82190482421875 0,389815646484375 0,87055564453125 0,385577318359375 0,848804314453125 0,3307162890625 0,80731261328125 0,33681746875 0,82190482421875 0,389815646484375
24 0,853220552734375 0,386383375 0,90067146875 0,380504009765625 0,885911892578125 0,325611005859375 0,8363962734375 0,330610380859375 0,853220552734375 0,386383375
4 0,90124423046875 0,37909204296875 0,95102875390625 0,374659087890625 0,926901271484375 0,317814498046875 0,88550625 0,322274642578125 0,90124423046875 0,37909204296875
0 0,933635546875 0,373286611328125 0,983134689453125 0,367003189453125 0,96189983203125 0,312664529296875 0,91452504296875 0,317679017578125 0,933635546875 0,373286611328125
12 1 0,31025969140625 0,998652740234375 0,305664076171875 0,947060572265625 0,3127384609375 0,96767476171875 0,367838494140625 1 0,363455619140625 1 0,31025969140625
11 0,52363990234375 0,478515625 0,52260679296875 0,6092072265625 0,6250564453125 0,61215265625 0,626873466796875 0,478515625 0,52363990234375 0,478515625
14 0,61112762890625 0,478515625 0,608533103515625 0,609665828125 0,710348466796875 0,612640560546875 0,71768614453125 0,478515625 0,61112762890625 0,478515625
16 0,6989684921875 0,478515625 0,694849416015625 0,613701783203125 0,79377000390625 0,617239734375 0,801891890625 0,478515625 0,6989684921875 0,478515625
8 0,81656828515625 0,478515625 0,809624251953125 0,613613169921875 0,907339712890625 0,6220892734375 0,917719947265625 0,478515625 0,81656828515625 0,478515625
5 1 0,478515625 0,900426240234375 0,478515625 0,890471220703125 0,620904224609375 0,987212439453125 0,629380798828125 1 0,50439134765625 1 0,478515625