4 0,251974826388889 0,0203125 0,366529224537037 0,0203125 0,366529224537037 0,200593171296296 0,251974826388889 0,200593171296296
6 0,3134765625 0,03125 0,3759765625 0,03125 0,3759765625 0,205078125 0,3134765625 0,205078125
40 0,105656828703704 0,00478153935185183 0,222120949074074 0,00478153935185183 0,222120949074074 0,179217303240741 0,105656828703704 0,179217303240741
46 0,048828125 0 0,1640625 0 0,1640625 0,169921875 0,048828125 0,169921875
48 0,157327835648148 0,00619212962962967 0,295348668981481 0,00619212962962967 0,295348668981481 0,190552662037037 0,157327835648148 0,190552662037037
30 0,47844709375 0,534657462890625 0,536706267578125 0,537332560546875 0,54842223828125 0,473521869140625 0,489538552734375 0,470642595703125 0,47844709375 0,534657462890625
11 0,51148110546875 0,538290630859375 0,5700166875 0,540601314453125 0,5794788359375 0,47430381640625 0,522267537109375 0,4711949453125 0,51148110546875 0,538290630859375
24 0,5439825703125 0,538690685546875 0,60235987109375 0,541530568359375 0,61203087109375 0,476116693359375 0,5529934296875 0,4736702734375 0,5439825703125 0,538690685546875
6 0,587502439453125 0,540843837890625 0,645072255859375 0,544228439453125 0,656995607421875 0,478080572265625 0,59956584765625 0,475076998046875 0,587502439453125 0,540843837890625
0 0,61950276171875 0,543321802734375 0,681049064453125 0,547088171875 0,686306771484375 0,481521072265625 0,6293535703125 0,47803025390625 0,61950276171875 0,543321802734375
7 0,7148230078125 0,54830191015625 0,718216525390625 0,48466375390625 0,655475201171875 0,48192652734375 0,6524260234375 0,546119236328125 0,7148230078125 0,54830191015625
8 0 0,9375 0,025390625 0,9375 0,025390625 1 0 1
2 0 0,94140625 0,05078125 0,94140625 0,05078125 1 0 1