28 0,4239418125 0 0,442031892578125 0,18477575390625 0,58657083984375 0,18386944140625 0,564124736328125 0 0,4239418125 0
20 0,336280416015625 0 0,367218994140625 0,057760806640625 0,333682111328125 0,200821970703125 0,473994025390625 0,19371997265625 0,4490574765625 0 0,336280416015625 0
23 0,203125 0 0,36328125 0 0,36328125 0,1953125 0,203125 0,1953125
5 0,052734375 0 0,21484375 0 0,21484375 0,193359375 0,052734375 0,193359375
4 0 0 0,107421875 0 0,107421875 0,201171875 0 0,201171875
13 0,93913144140625 0,151083482421875 0,877620734375 0,152373044921875 0,889566240234375 0,246464841796875 0,95281650390625 0,246582275390625 0,93913144140625 0,151083482421875
17 0,910065501953125 0,150966537109375 0,842524796875 0,151589353515625 0,84866892578125 0,2472437265625 0,920880255859375 0,246735083984375 0,910065501953125 0,150966537109375
31 0,878627650390625 0,15118713671875 0,80625776953125 0,150764412109375 0,835329857421875 0,2453861796875 0,885375564453125 0,24571250390625 0,878627650390625 0,15118713671875
3 0,83335849609375 0,14972123828125 0,765044744140625 0,15300626953125 0,77110644921875 0,248686232421875 0,844980046875 0,248255646484375 0,83335849609375 0,14972123828125
7 0,797979056640625 0,1509885703125 0,730747923828125 0,1524990625 0,749909642578125 0,249090873046875 0,81031125390625 0,248318197265625 0,797979056640625 0,1509885703125
7 0,764785779296875 0,1515229453125 0,697250220703125 0,152596189453125 0,71296296484375 0,250732845703125 0,77556890234375 0,24637176171875 0,764785779296875 0,1515229453125
14 0,495183140625 0,4619140625 0,498532638671875 0,571871474609375 0,652343701171875 0,59155175 0,64508495703125 0,4619140625 0,495183140625 0,4619140625
29 0,3902528828125 0,4619140625 0,404757943359375 0,55983075 0,5324376640625 0,5723473359375 0,528307892578125 0,4619140625 0,3902528828125 0,4619140625
1 0,2330164765625 0,4619140625 0,23185173828125 0,552387328125 0,376359125 0,5672379921875 0,370451166015625 0,4619140625 0,2330164765625 0,4619140625
3 0,104924732421875 0,4619140625 0,10723676171875 0,54199668359375 0,263682138671875 0,55117503515625 0,26219378515625 0,4619140625 0,104924732421875 0,4619140625
1 0,0084443359375 0,4619140625 0,010771533203125 0,53569558203125 0,13896641015625 0,550215001953125 0,135069205078125 0,4619140625 0,0084443359375 0,4619140625