0 0,7277364296875 0 0,73293845703125 0,14607176171875 0,8377535859375 0,19422296484375 0,8218651796875 0 0,7277364296875 0
9 0,812839484375 0 0,832190849609375 0,2012189140625 0,92363458984375 0,24443679296875 0,8985659140625 0 0,812839484375 0
2 0,895073681640625 0 0,913226671875 0,257474318359375 1 0,289628767578125 1 0,11869741015625 0,9837238203125 0,028415248046875 0,920890423828125 0 0,895073681640625 0
10 0,119401041666667 0,6162109375 0,257942708333333 0,6162109375 0,257942708333333 0,909657118055556 0,119401041666667 0,909657118055556
40 0 0,603515625 0,09765625 0,603515625 0,09765625 0,87109375 0 0,87109375
52 0,0456380208333333 0,606770833333333 0,168424479166667 0,606770833333333 0,168424479166667 0,897916666666667 0,0456380208333333 0,897916666666667
5 0,226888020833333 0,634201388888889 0,356705729166667 0,634201388888889 0,356705729166667 0,913802083333333 0,226888020833333 0,913802083333333
4 0,309895833333333 0,650672743055556 0,4375 0,650672743055556 0,4375 0,926323784722222 0,309895833333333 0,926323784722222
2 0,3935546875 0,6640625 0,5048828125 0,6640625 0,5048828125 0,951171875 0,3935546875 0,951171875
24 0,858138020833333 0,848697916666667 0,9025390625 0,848697916666667 0,9025390625 0,900173611111111 0,858138020833333 0,900173611111111
13 0,886197916666667 0,845421006944444 0,930598958333333 0,845421006944444 0,930598958333333 0,896896701388889 0,886197916666667 0,896896701388889
18 0,9125 0,845030381944444 0,952864583333333 0,845030381944444 0,952864583333333 0,894466145833333 0,9125 0,894466145833333
6 0,953255208333333 0,842035590277778 0,997526041666667 0,842035590277778 0,997526041666667 0,891558159722222 0,953255208333333 0,891558159722222
6 0,978515625 0,837890625 1 0,837890625 1 0,892578125 0,978515625 0,892578125