28 0,550932826171875 0,174040712890625 0,510566396484375 0,0048828125 0,370093376953125 0,0048828125 0,422617052734375 0,2093639296875 0,550932826171875 0,174040712890625
20 0,4538503359375 0,21575259765625 0,399298900390625 0,0048828125 0,263749841796875 0,0048828125 0,30996048828125 0,240340251953125 0,4538503359375 0,21575259765625
23 0,182276267578125 0,13559721484375 0,193105671875 0,268651216796875 0,347856900390625 0,25060294921875 0,289658173828125 0,0048828125 0,215085798828125 0,0048828125 0,147277970703125 0,02166730078125 0,182276267578125 0,13559721484375
5 0,198801021484375 0,282338556640625 0,13700426953125 0,0352634921875 0,00404158984375 0,047001173828125 0,058696302734375 0,302813830078125 0,198801021484375 0,282338556640625
4 0 0,322541560546875 0,09781257421875 0,3047390390625 0,00204255859375 0,06427198828125 0 0,06454482421875 0 0,322541560546875
15 0,82384136328125 0,328363423828125 0,812351123046875 0,21731310546875 0,712888921875 0,230415845703125 0,74646566796875 0,33626395703125 0,82384136328125 0,328363423828125
13 0,646549479166667 0,23033130787037 0,782096354166667 0,23033130787037 0,782096354166667 0,351902488425926 0,646549479166667 0,351902488425926
25 0,5890625 0,240856481481481 0,722916666666667 0,240856481481481 0,722916666666667 0,366276041666667 0,5890625 0,366276041666667
7 0,5361328125 0,2587890625 0,6396484375 0,2587890625 0,6396484375 0,3798828125 0,5361328125 0,3798828125
30 0,5810546875 0,5439453125 0,52391186328125 0,5439453125 0,5771345234375 0,5698458046875 0,5810546875 0,569594634765625 0,5810546875 0,5439453125
29 0,504356189453125 0,5439453125 0,542558552734375 0,575831443359375 0,579277837890625 0,571408068359375 0,551395857421875 0,5439453125 0,504356189453125 0,5439453125
28 0,52786140234375 0,5439453125 0,522039654296875 0,5439453125 0,486480498046875 0,5490371015625 0,515156130859375 0,583438921875 0,562032330078125 0,577537173828125 0,52786140234375 0,5439453125
4 0,535712912109375 0,5858973984375 0,49952353515625 0,551896041015625 0,46109719921875 0,554890994140625 0,486194583984375 0,5935201484375 0,535712912109375 0,5858973984375
5 0,515380900390625 0,59514827734375 0,4906629375 0,557029521484375 0,439197888671875 0,56190473828125 0,468593189453125 0,602009947265625 0,515380900390625 0,59514827734375
7 0,4946172734375 0,603494720703125 0,465927162109375 0,563170796875 0,4199199921875 0,569373328125 0,45714501171875 0,608817552734375 0,4946172734375 0,603494720703125
25 0,6416015625 0,5439453125 0,7880859375 0,5439453125 0,7880859375 0,6083984375 0,6416015625 0,6083984375
34 0,5732421875 0,5439453125 0,7275390625 0,5439453125 0,7275390625 0,6298828125 0,5732421875 0,6298828125
12 0,5361328125 0,5439453125 0,6611328125 0,5439453125 0,6611328125 0,6435546875 0,5361328125 0,6435546875