34 0 0,25988691796875 0,0348875234375 0,267621357421875 0,07814045703125 0,180550298828125 0,023614447265625 0,1665052578125 0 0,22532542578125 0 0,25988691796875
17 0,07354790625 0,28183922265625 0,111744767578125 0,194966388671875 0,058138728515625 0,180639376953125 0,017837666015625 0,269017763671875 0,07354790625 0,28183922265625
24 0,104053126953125 0,294886130859375 0,14526777734375 0,208783791015625 0,092355529296875 0,194054046875 0,05259593359375 0,28228505859375 0,104053126953125 0,294886130859375
0 0,1491381640625 0,312230248046875 0,191590841796875 0,228861755859375 0,139154623046875 0,213400423828125 0,096565935546875 0,2989470078125 0,1491381640625 0,312230248046875
1 0,13010663671875 0,313716314453125 0,174326818359375 0,325484568359375 0,21977159765625 0,238626140625 0,173520796875 0,226191572265625 0,13010663671875 0,313716314453125
0 0,2117021171875 0,3371464765625 0,25500212890625 0,25489333203125 0,203039998046875 0,238553001953125 0,159250376953125 0,323213025390625 0,2117021171875 0,3371464765625
21 0,48046875 0 0,6015625 0 0,6015625 0,2890625 0,48046875 0,2890625
4 0,530859375 0,0107421875 0,703197337962963 0,0107421875 0,703197337962963 0,320247395833333 0,530859375 0,320247395833333
6 0,597735821759259 0,0279296875 0,774298321759259 0,0279296875 0,774298321759259 0,3591796875 0,597735821759259 0,3591796875
3 0,671006944444444 0,054296875 0,837456597222222 0,054296875 0,837456597222222 0,361458333333333 0,671006944444444 0,361458333333333
8 0,126244212962963 0,701627604166667 0,27544849537037 0,701627604166667 0,27544849537037 0,898372395833333 0,126244212962963 0,898372395833333
4 0,0531322337962963 0,678190104166667 0,21029369212963 0,678190104166667 0,21029369212963 0,885221354166667 0,0531322337962963 0,885221354166667
2 0 0,65625 0,138671875 0,65625 0,138671875 0,8671875 0 0,8671875
43 0 0,62890625 0,044921875 0,62890625 0,044921875 0,828125 0 0,828125
19 0,4814453125 0,5634765625 0,5888671875 0,5634765625 0,5888671875 0,8798828125 0,4814453125 0,8798828125
24 0,490697337962963 0,566731770833333 0,680844907407407 0,566731770833333 0,680844907407407 0,893033854166667 0,490697337962963 0,893033854166667
7 0,62142650462963 0,580338541666667 0,823350694444444 0,580338541666667 0,823350694444444 0,911328125 0,62142650462963 0,911328125
6 0,715936053240741 0,589583333333333 0,927799479166667 0,589583333333333 0,927799479166667 0,932942708333333 0,715936053240741 0,932942708333333
5 1 0,619729197265625 0,884557453125 0,614291341796875 0,83628041015625 0,933384189453125 0,978821201171875 0,92958509765625 1 0,7750580078125 1 0,619729197265625