8 0,138172743055556 0,0122178819444445 0,287434895833333 0,0122178819444445 0,287434895833333 0,224717881944444 0,138172743055556 0,224717881944444
5 0,306640625 0,0009765625 0,46875 0,0009765625 0,46875 0,1982421875 0,306640625 0,1982421875
0 0,218988715277778 0,00267650462962965 0,370073784722222 0,00267650462962965 0,370073784722222 0,209346064814815 0,218988715277778 0,209346064814815
40 0,421875 0,0009765625 0,5390625 0,0009765625 0,5390625 0,1904296875 0,421875 0,1904296875
19 0 0,86504363671875 0,00433365625 0,880310708984375 0,054489724609375 0,883749205078125 0,045159205078125 0,83557772265625 0 0,834666828125 0 0,86504363671875
15 0 0,879988880859375 0,034987974609375 0,882507982421875 0,017727109375 0,83483185546875 0 0,834298224609375 0 0,879988880859375
46 0,92578125 0,734375 1 0,734375 1 0,982421875 0,92578125 0,982421875
10 0,818359375 0,744140625 1 0,744140625 1 0,998046875 0,818359375 0,998046875
1 0,6796875 0,7705078125 0,849609375 0,7705078125 0,849609375 0,9990234375 0,6796875 0,9990234375
3 0,55859375 0,7822265625 0,751953125 0,7822265625 0,751953125 0,9990234375 0,55859375 0,9990234375
6 0,5 0,7880859375 0,630859375 0,7880859375 0,630859375 0,9990234375 0,5 0,9990234375