5 0,353515625 0,001953125 0,46484375 0,001953125 0,46484375 0,072265625 0,353515625 0,072265625
0 0,265625 0,001953125 0,37890625 0,001953125 0,37890625 0,07421875 0,265625 0,07421875
8 0,18359375 0,001953125 0,291015625 0,001953125 0,291015625 0,0703125 0,18359375 0,0703125
20 0,63671875 0,283203125 0,7734375 0,283203125 0,7734375 0,466796875 0,63671875 0,466796875
44 0,51171875 0,267578125 0,640625 0,267578125 0,640625 0,466796875 0,51171875 0,466796875
44 0,470703125 0,26953125 0,537109375 0,26953125 0,537109375 0,466796875 0,470703125 0,466796875
38 0,828125 0,287109375 0,958984375 0,287109375 0,958984375 0,466796875 0,828125 0,466796875
21 0,73828125 0,27734375 0,87109375 0,27734375 0,87109375 0,466796875 0,73828125 0,466796875
15 0,447265625 0,625 0,486328125 0,625 0,486328125 0,89453125 0,447265625 0,89453125
4 0,342390046296296 0,6255859375 0,447627314814815 0,6255859375 0,447627314814815 0,875455729166667 0,342390046296296 0,875455729166667
7 0,261248553240741 0,616276041666667 0,374442997685185 0,616276041666667 0,374442997685185 0,876432291666667 0,261248553240741 0,876432291666667
4 0,186125578703704 0,606380208333333 0,289554398148148 0,606380208333333 0,289554398148148 0,865885416666667 0,186125578703704 0,865885416666667
28 0,871462673611111 0,894140625 0,9111328125 0,894140625 0,9111328125 0,9328125 0,871462673611111 0,9328125
15 0,8519230546875 0,8925635 0,85406498828125 0,930910658203125 0,88664614453125 0,93261451171875 0,88850102734375 0,894217 0,8519230546875 0,8925635
29 0,865815927734375 0,929500330078125 0,865704732421875 0,891850494140625 0,828023181640625 0,890399404296875 0,828556896484375 0,92770779296875 0,865815927734375 0,929500330078125
2 0,830527560546875 0,889011234375 0,83073953515625 0,889014919921875 0,7945880859375 0,88687208203125 0,791558501953125 0,925845033203125 0,830436328125 0,927103412109375 0,830527560546875 0,889011234375
5 0,804589033203125 0,925294623046875 0,807360662109375 0,88745790234375 0,771491384765625 0,886167296875 0,770732330078125 0,92426962109375 0,804589033203125 0,925294623046875
13 0,784001099609375 0,925781341796875 0,7861441484375 0,8855838515625 0,74847560546875 0,8850464453125 0,747103380859375 0,92304137890625 0,784001099609375 0,925781341796875