41 0,347526041666667 0,243851273148148 0,402763310185185 0,243851273148148 0,402763310185185 0,320486111111111 0,347526041666667 0,320486111111111
36 0,374840856481481 0,248162615740741 0,43203125 0,248162615740741 0,43203125 0,324826388888889 0,374840856481481 0,324826388888889
22 0,404079861111111 0,256409143518519 0,46517650462963 0,256409143518519 0,46517650462963 0,333130787037037 0,404079861111111 0,333130787037037
3 0,441131365740741 0,264771412037037 0,504181134259259 0,264771412037037 0,504181134259259 0,341521990740741 0,441131365740741 0,341521990740741
4 0,474283854166667 0,270146122685185 0,531488715277778 0,270146122685185 0,531488715277778 0,348763020833333 0,474283854166667 0,348763020833333
8 0,500614872685185 0,281278935185185 0,561682581018519 0,281278935185185 0,561682581018519 0,354094328703704 0,500614872685185 0,354094328703704
31 0,05859375 0,5185546875 0,263671875 0,5185546875 0,263671875 0,6142578125 0,05859375 0,6142578125
20 0,19921875 0,5185546875 0,4140625 0,5185546875 0,4140625 0,6416015625 0,19921875 0,6416015625
2 0,404296875 0,5185546875 0,60546875 0,5185546875 0,60546875 0,6669921875 0,404296875 0,6669921875
6 0,552734375 0,5185546875 0,701171875 0,5185546875 0,701171875 0,6865234375 0,552734375 0,6865234375
0 0,677734375 0,712890625 0,82421875 0,712890625 0,82421875 1 0,677734375 1
2 0,763671875 0,732421875 0,95703125 0,732421875 0,95703125 1 0,763671875 1
7 0,90625 0,736328125 1 0,736328125 1 1 0,90625 1