17 0,6677734375 0,208615451388889 0,758658854166667 0,208615451388889 0,758658854166667 0,322113715277778 0,6677734375 0,322113715277778
23 0,7119140625 0,213498263888889 0,8005859375 0,213498263888889 0,8005859375 0,323003472222222 0,7119140625 0,323003472222222
20 0,75390625 0,215364583333333 0,842708333333333 0,215364583333333 0,842708333333333 0,326822916666667 0,75390625 0,326822916666667
2 0,810677083333333 0,219835069444444 0,901432291666667 0,219835069444444 0,901432291666667 0,331380208333333 0,810677083333333 0,331380208333333
9 0,850846354166667 0,223567708333333 0,941731770833333 0,223567708333333 0,941731770833333 0,337065972222222 0,850846354166667 0,337065972222222
1 0,8939453125 0,227430555555556 0,978971354166667 0,227430555555556 0,978971354166667 0,340668402777778 0,8939453125 0,340668402777778
22 0 0,607421875 0,169921875 0,607421875 0,169921875 0,947265625 0 0,947265625
3 0,13984375 0,625889756944444 0,3578125 0,625889756944444 0,3578125 0,9806640625 0,13984375 0,9806640625
1 0,279296875 0,634765625 0,447265625 0,634765625 0,447265625 1 0,279296875 1
17 0,412109375 0,932476841796875 0,47230037890625 0,940644556640625 0,465680037109375 0,64349976953125 0,412109375 0,638484177734375 0,412109375 0,932476841796875
28 0,577660796875 0,970998193359375 0,5751786171875 0,678274078125 0,441790126953125 0,64604733203125 0,441759404296875 0,943257462890625 0,577660796875 0,970998193359375
6 0,7247290859375 1 0,7292430859375 0,721146318359375 0,617520126953125 0,702618326171875 0,576702771484375 0,979772890625 0,6502651796875 1 0,7247290859375 1
9 0,796123947265625 1 0,858614244140625 0,765060263671875 0,701699248046875 0,72129766796875 0,69205427734375 1 0,796123947265625 1
4 0,949455310546875 1 0,943018529296875 0,792071693359375 0,8307165390625 0,76109705859375 0,8282957734375 0,76182837890625 0,80029862890625 1 0,949455310546875 1