6 0,347562210648148 0,264713541666667 0,4642578125 0,264713541666667 0,4642578125 0,4703125 0,347562210648148 0,4703125
21 0,175578703703704 0,261263020833333 0,296252893518519 0,261263020833333 0,296252893518519 0,476888020833333 0,175578703703704 0,476888020833333
3 0,416015625 0,2607421875 0,509765625 0,2607421875 0,509765625 0,4736328125 0,416015625 0,4736328125
17 0,111053240740741 0,2560546875 0,227850115740741 0,2560546875 0,227850115740741 0,475325520833333 0,111053240740741 0,475325520833333
41 0,24296875 0,2572265625 0,371469907407407 0,2572265625 0,371469907407407 0,475325520833333 0,24296875 0,475325520833333
28 0,641469857421875 0,2535976171875 0,586276349609375 0,063594978515625 0,494871634765625 0,09290071484375 0,551788419921875 0,288864173828125 0,641469857421875 0,2535976171875
23 0,724701177734375 0,22112227734375 0,66941249609375 0,028916078125 0,569955125 0,062189513671875 0,63390527734375 0,257761466796875 0,724701177734375 0,22112227734375
13 0,800115873046875 0,18751019921875 0,750021306640625 0,001391298828125 0,657661044921875 0,028474525390625 0,711246615234375 0,219906634765625 0,800115873046875 0,18751019921875
0 0,771905798828125 0 0,8276531640625 0,170360400390625 0,917903841796875 0,137232470703125 0,876444916015625 0 0,771905798828125 0
3 0,85992261328125 0 0,906880431640625 0,139178837890625 1 0,10369033984375 1 0,0990535078125 0,968847013671875 0 0,85992261328125 0
52 0,530729166666667 0,6720703125 0,63548900462963 0,6720703125 0,63548900462963 0,847591145833333 0,530729166666667 0,847591145833333
10 0,601157407407407 0,683268229166667 0,701924189814815 0,683268229166667 0,701924189814815 0,846809895833333 0,601157407407407 0,846809895833333
25 0,666644965277778 0,686197916666667 0,775311053240741 0,686197916666667 0,775311053240741 0,861979166666667 0,666644965277778 0,861979166666667
6 0,7654296875 0,700390625 0,870131655092593 0,700390625 0,870131655092593 0,868098958333333 0,7654296875 0,868098958333333
1 0,832841435185185 0,6998046875 0,937572337962963 0,6998046875 0,937572337962963 0,871419270833333 0,832841435185185 0,871419270833333
1 0,892578125 0,705078125 1 0,705078125 1 0,892578125 0,892578125 0,892578125