42 0,359302662037037 0,103696469907407 0,482913773148148 0,103696469907407 0,482913773148148 0,280692997685185 0,359302662037037 0,280692997685185
52 0,297605613425926 0,0929470486111111 0,417484085648148 0,0929470486111111 0,417484085648148 0,281604456018518 0,297605613425926 0,281604456018518
38 0,235047743055556 0,0898220486111111 0,364662905092592 0,0898220486111111 0,364662905092592 0,276671006944444 0,235047743055556 0,276671006944444
6 0,151005497685185 0,0873046875 0,270855034722222 0,0873046875 0,270855034722222 0,274008969907407 0,151005497685185 0,274008969907407
0 0,0845124421296296 0,0822844328703703 0,214040798611111 0,0822844328703703 0,214040798611111 0,263274016203704 0,0845124421296296 0,263274016203704
4 0,0238208912037037 0,0735315393518519 0,145739293981481 0,0735315393518519 0,145739293981481 0,268077256944444 0,0238208912037037 0,268077256944444
23 0,881336805555556 0,160423900462963 0,998451967592593 0,160423900462963 0,998451967592593 0,294364872685185 0,881336805555556 0,294364872685185
44 0,707103587962963 0,135713252314815 0,82025462962963 0,135713252314815 0,82025462962963 0,265690104166667 0,707103587962963 0,265690104166667
23 0,9296875 0,166015625 1 0,166015625 1 0,302734375 0,9296875 0,302734375
44 0,6591796875 0,131655092592593 0,764547164351852 0,131655092592593 0,764547164351852 0,263469328703704 0,6591796875 0,263469328703704
44 0,762897858796296 0,143648726851852 0,878002025462963 0,143648726851852 0,878002025462963 0,273654513888889 0,762897858796296 0,273654513888889
39 0,842259837962963 0,160170717592593 0,94955150462963 0,160170717592593 0,94955150462963 0,290060763888889 0,842259837962963 0,290060763888889
28 0,826171875 0,6357421875 0,9765625 0,6357421875 0,9765625 0,8408203125 0,826171875 0,8408203125
23 0,740234375 0,6357421875 0,896484375 0,6357421875 0,896484375 0,8330078125 0,740234375 0,8330078125
13 0,662109375 0,6357421875 0,8125 0,6357421875 0,8125 0,8154296875 0,662109375 0,8154296875
0 0,55859375 0,6357421875 0,701171875 0,6357421875 0,701171875 0,7998046875 0,55859375 0,7998046875