6 0,0439453125 0 0,1884765625 0 0,1884765625 0,0625 0,0439453125 0,0625
2 0,1435546875 0 0,2900390625 0 0,2900390625 0,068359375 0,1435546875 0,068359375
16 0,5478515625 0,232421875 0,6962890625 0,232421875 0,6962890625 0,44921875 0,5478515625 0,44921875
2 0,6884765625 0,2109375 0,8916015625 0,2109375 0,8916015625 0,44921875 0,6884765625 0,44921875
9 0,83203125 0,19921875 1 0,19921875 1 0,44921875 0,83203125 0,44921875
32 0,188455533203125 1 0,18276115234375 0,923960400390625 0,104556986328125 0,9417295234375 0,108640240234375 1 0,188455533203125 1
32 0,26735782421875 1 0,26371071484375 0,908638904296875 0,18636413671875 0,9234189375 0,1928841875 1 0,26735782421875 1
10 0,344291220703125 1 0,323637130859375 0,8968136171875 0,270432978515625 0,906332712890625 0,27418067578125 1 0,344291220703125 1
4 0,4527901484375 1 0,44243354296875 0,871941087890625 0,374839529296875 0,882868181640625 0,382450826171875 1 0,4527901484375 1
8 0,538303630859375 1 0,5214084453125 0,845208587890625 0,45032084765625 0,868086853515625 0,460875900390625 1 0,538303630859375 1
0 0,5478515625 0,997505833984375 0,589147298828125 0,9955186796875 0,5869915234375 0,89074258984375 0,5478515625 0,8918401484375 0,5478515625 0,997505833984375
8 0,58459630078125 0,892104408203125 0,583921259765625 0,892169443359375 0,5853744375 0,99700901171875 0,639716869140625 0,99764205078125 0,639571201171875 0,892023943359375 0,58459630078125 0,892104408203125
1 0,688499001953125 1 0,685562052734375 0,89589918359375 0,637857119140625 0,894616271484375 0,63598265234375 1 0,688499001953125 1
6 0,7394638203125 1 0,745113474609375 0,9036577734375 0,68449271484375 0,897778005859375 0,6879783671875 1 0,7394638203125 1
3 0,788965134765625 1 0,79763727734375 0,905586041015625 0,74055954296875 0,90262065625 0,73799831640625 1 0,788965134765625 1