3 0,31640625 0 0,44140625 0 0,44140625 0,193359375 0,31640625 0,193359375
27 0,09208240234375 0 0,10424921484375 0,075276232421875 0,2109610390625 0,102463744140625 0,195328201171875 0 0,09208240234375 0
12 0,196405373046875 0 0,210056876953125 0,10229442578125 0,32991326953125 0,131234646484375 0,3123996015625 0 0,196405373046875 0
31 0,701031662109375 0,256652271484375 0,697804162109375 0,058078220703125 0,6163036953125 0,0651101953125 0,623455552734375 0,2594920078125 0,701031662109375 0,256652271484375
22 0,7820911796875 0,246771595703125 0,774538181640625 0,05439020703125 0,694638416015625 0,060014080078125 0,696622322265625 0,254716412109375 0,7820911796875 0,246771595703125
11 0,860918515625 0,241643431640625 0,845608236328125 0,0589593828125 0,772218794921875 0,0595743359375 0,777259427734375 0,253428369140625 0,860918515625 0,241643431640625
5 0,974397853515625 0,237552021484375 0,959900357421875 0,049555630859375 0,877223908203125 0,054059873046875 0,88997516015625 0,23821612109375 0,974397853515625 0,237552021484375
0 1 0,052371109375 0,957661203125 0,051459443359375 0,9678086640625 0,245025029296875 1 0,240372568359375 1 0,052371109375
21 0,359375 0,458984375 0,44140625 0,458984375 0,44140625 0,53125 0,359375 0,53125
37 0,36328125 0,51953125 0,44140625 0,51953125 0,44140625 0,595703125 0,36328125 0,595703125
20 0,365234375 0,58203125 0,44140625 0,58203125 0,44140625 0,6640625 0,365234375 0,6640625
3 0,36328125 0,66796875 0,44140625 0,66796875 0,44140625 0,7578125 0,36328125 0,7578125
7 0,365234375 0,73828125 0,44140625 0,73828125 0,44140625 0,8203125 0,365234375 0,8203125
5 0,369140625 0,80078125 0,44140625 0,80078125 0,44140625 0,890625 0,369140625 0,890625
30 0,4375 0,979054861328125 0,556632755859375 0,966616830078125 0,535826126953125 0,6854863515625 0,4375 0,693743646484375 0,4375 0,979054861328125
32 0,66497145703125 0,964872818359375 0,662829734375 0,68654633984375 0,533859802734375 0,690708564453125 0,559711875 0,97151653125 0,66497145703125 0,964872818359375
26 0,794790193359375 0,955101369140625 0,782904970703125 0,68667166015625 0,6652024453125 0,691446041015625 0,66884059375 0,959070087890625 0,794790193359375 0,955101369140625
4 0,95058734765625 0,94761790234375 0,94489061328125 0,680122857421875 0,835166068359375 0,685702900390625 0,8304770234375 0,951199607421875 0,95058734765625 0,94761790234375
4 1 0,6858224921875 0,94857592578125 0,688923091796875 0,949956236328125 0,951389431640625 1 0,950663765625 1 0,6858224921875