11 0 0,3125 0,134765625 0,3125 0,134765625 0,380859375 0 0,380859375
12 0,052734375 0,30078125 0,228515625 0,30078125 0,228515625 0,380859375 0,052734375 0,380859375
20 0,146484375 0,27734375 0,322265625 0,27734375 0,322265625 0,380859375 0,146484375 0,380859375
1 0,27734375 0,251953125 0,447265625 0,251953125 0,447265625 0,380859375 0,27734375 0,380859375
8 0,3671875 0,244140625 0,54296875 0,244140625 0,54296875 0,380859375 0,3671875 0,380859375
7 0,46484375 0,232421875 0,546875 0,232421875 0,546875 0,380859375 0,46484375 0,380859375
6 0,9269309375 0,380859375 0,920481861328125 0,33536130078125 0,819595021484375 0,350674578125 0,82546159765625 0,380859375 0,9269309375 0,380859375
6 0,99368531640625 0,380859375 0,98867119921875 0,3250922265625 0,885501814453125 0,338267541015625 0,892361353515625 0,380859375 0,99368531640625 0,380859375
11 0,51171875 0,46778487109375 0,51171875 0,680165662109375 0,53522525 0,76557486328125 0,6904965 0,736760474609375 0,621670837890625 0,44570430859375 0,51171875 0,46778487109375
29 0,599175347222222 0,418605324074074 0,831987847222222 0,418605324074074 0,831987847222222 0,740277777777778 0,599175347222222 0,740277777777778
23 0,738172743055556 0,396202256944445 0,956966145833333 0,396202256944445 0,956966145833333 0,7099609375 0,738172743055556 0,7099609375
0 0,9140625 0,376953125 1 0,376953125 1 0,669921875 0,9140625 0,669921875