8 0 0 0,068359375 0 0,068359375 0,087890625 0 0,087890625
1 0,0595703125 0 0,1474609375 0 0,1474609375 0,078125 0,0595703125 0,078125
50 0,767304232421875 0,14831730078125 0,789036125 0,06029379296875 0,566383951171875 0,014911240234375 0,548472572265625 0,097409154296875 0,767304232421875 0,14831730078125
31 0,755507380859375 0,21600321484375 0,766563873046875 0,16240071484375 0,552153427734375 0,102330462890625 0,534799576171875 0,184910431640625 0,755507380859375 0,21600321484375
50 0,731046357421875 0,31456146875 0,746949318359375 0,22910408984375 0,52935846484375 0,189306443359375 0,513509669921875 0,270425919921875 0,731046357421875 0,31456146875
8 0,489045076171875 0,37910594921875 0,70243463671875 0,418947173828125 0,7123238203125 0,340777740234375 0,5106376015625 0,31527998046875 0,501814908203125 0,30813730078125 0,489045076171875 0,37910594921875
9 0,678188353515625 0,50015380859375 0,69249804296875 0,424832732421875 0,490936642578125 0,389213197265625 0,46928970703125 0,457377068359375 0,678188353515625 0,50015380859375
9 0,652432244140625 0,57848303515625 0,674189203125 0,503089326171875 0,467948880859375 0,470405306640625 0,45821351171875 0,535561025390625 0,652432244140625 0,57848303515625
30 0,4773504296875 1 0,47953713671875 0,959712814453125 0,441003662109375 0,962049017578125 0,439566037109375 1 0,4773504296875 1
15 0,505217068359375 1 0,50792762890625 0,955667310546875 0,475660171875 0,9584446015625 0,4728986875 1 0,505217068359375 1
14 0,5337675234375 1 0,53755644921875 0,95286231640625 0,503437767578125 0,955907228515625 0,501144279296875 1 0,5337675234375 1
2 0,57290840234375 1 0,574212751953125 0,94973678515625 0,540202130859375 0,9505255 0,53737511328125 1 0,57290840234375 1
4 0,596306892578125 1 0,59633683203125 0,945502689453125 0,569480916015625 0,949729220703125 0,567649107421875 1 0,596306892578125 1
3 0,624567013671875 1 0,629192626953125 0,94542426171875 0,595058 0,9447083203125 0,593168431640625 1 0,624567013671875 1