12 0,373046875 0 0,45703125 0 0,45703125 0,146484375 0,373046875 0,146484375
30 0,41484375 0,00914351851851858 0,504369212962963 0,00914351851851858 0,504369212962963 0,158072916666667 0,41484375 0,158072916666667
10 0,464228877314815 0,0227792245370371 0,545941840277778 0,0227792245370371 0,545941840277778 0,171245659722222 0,464228877314815 0,171245659722222
6 0,525390625 0,037109375 0,59375 0,037109375 0,59375 0,185546875 0,525390625 0,185546875
1 0,5703125 0,048828125 0,59375 0,048828125 0,59375 0,201171875 0,5703125 0,201171875
24 0,917144097222222 0,389850983796296 0,962745949074074 0,389850983796296 0,962745949074074 0,44271556712963 0,917144097222222 0,44271556712963
13 0,944639756944444 0,394401041666667 0,990342881944444 0,394401041666667 0,990342881944444 0,44921875 0,944639756944444 0,44921875
18 0,970703125 0,400390625 1 0,400390625 1 0,453125 0,970703125 0,453125
36 0,332073763671875 0,960519583984375 0,37141787109375 0,96570421484375 0,37073332421875 0,877428724609375 0,335673865234375 0,87141337109375 0,332073763671875 0,960519583984375
12 0,368847263671875 0,960896408203125 0,41034912109375 0,96499862890625 0,40580624609375 0,87979408984375 0,367768208984375 0,875263900390625 0,368847263671875 0,960896408203125
31 0,4052487890625 0,96484756640625 0,43461734375 0,96985616015625 0,440933158203125 0,8850793515625 0,39983887890625 0,880574380859375 0,4052487890625 0,96484756640625
2 0,442752595703125 0,967313564453125 0,48351441796875 0,974461521484375 0,482588947265625 0,887771822265625 0,44424786328125 0,88271303515625 0,442752595703125 0,967313564453125
4 0,47832662109375 0,972321919921875 0,51281615234375 0,975316748046875 0,511682826171875 0,8896842421875 0,477715626953125 0,887872451171875 0,47832662109375 0,972321919921875
6 0,50587517578125 0,972799607421875 0,54313665234375 0,9813068828125 0,542956298828125 0,8942144296875 0,513636291015625 0,8931577109375 0,50587517578125 0,972799607421875
11 0,611755017578125 0,578125 0,60313972265625 0,66583294921875 0,689155810546875 0,68286745703125 0,69996430078125 0,578125 0,611755017578125 0,578125
14 0,700117845703125 0,578125 0,68891809375 0,68158096875 0,77506182421875 0,698739140625 0,791849603515625 0,578125 0,700117845703125 0,578125
16 0,789221787109375 0,578125 0,7747906484375 0,700915142578125 0,85796359765625 0,7181477421875 0,877889482421875 0,578125 0,789221787109375 0,578125
8 0,908846849609375 0,578125 0,88942576171875 0,721261033203125 0,97111278125 0,743217640625 0,996571896484375 0,578125 0,908846849609375 0,578125