1 0,326982060185185 0,162594039351852 0,46283275462963 0,162594039351852 0,46283275462963 0,403464988425926 0,326982060185185 0,403464988425926
8 0,231221064814815 0,173603877314815 0,380454282407407 0,173603877314815 0,380454282407407 0,404810474537037 0,231221064814815 0,404810474537037
7 0,130548321759259 0,162116608796296 0,282139756944444 0,162116608796296 0,282139756944444 0,407009548611111 0,130548321759259 0,407009548611111
28 0,871193615234375 0,2815365703125 0,8705992890625 0,23223132421875 0,811746822265625 0,231729775390625 0,8110958125 0,281555623046875 0,871193615234375 0,2815365703125
20 0,8520215234375 0,28119260546875 0,853261568359375 0,23157428515625 0,7930511484375 0,231608197265625 0,7927993125 0,281739365234375 0,8520215234375 0,28119260546875
24 0,832665341796875 0,282469599609375 0,834429201171875 0,232705671875 0,77487659375 0,233614169921875 0,772741390625 0,283028056640625 0,832665341796875 0,282469599609375
2 0,808578798828125 0,281996080078125 0,808958125 0,233572490234375 0,750079912109375 0,234662728515625 0,7479170234375 0,28343296875 0,808578798828125 0,281996080078125
4 0,790069912109375 0,28337612109375 0,789903880859375 0,233762666015625 0,730441447265625 0,234326283203125 0,7290341171875 0,28393301171875 0,790069912109375 0,28337612109375
8 0,7683654296875 0,283416974609375 0,771355662109375 0,23554309375 0,7156113671875 0,2352094375 0,71097243359375 0,283959189453125 0,7683654296875 0,283416974609375
35 0,865234375 0,802734375 1 0,802734375 1 1 0,865234375 1
29 0,7734375 0,80859375 0,927734375 0,80859375 0,927734375 1 0,7734375 1
5 0,640625 0,81640625 0,796875 0,81640625 0,796875 1 0,640625 1
0 0,5546875 0,818359375 0,69921875 0,818359375 0,69921875 1 0,5546875 1
3 0,462890625 0,814453125 0,61328125 0,814453125 0,61328125 1 0,462890625 1