15 0 0,00390625 0,130859375 0,00390625 0,130859375 0,125 0 0,125
31 0,083984375 0,0048828125 0,25 0,0048828125 0,25 0,1064453125 0,083984375 0,1064453125
9 0,2421875 0,0048828125 0,419921875 0,0048828125 0,419921875 0,0966796875 0,2421875 0,0966796875
28 0,575716145833333 0,145652488425926 0,626685474537037 0,145652488425926 0,626685474537037 0,162434895833333 0,575716145833333 0,162434895833333
15 0,589388020833333 0,14478443287037 0,638404224537037 0,14478443287037 0,638404224537037 0,161422164351852 0,589388020833333 0,161422164351852
29 0,602076099537037 0,142867476851852 0,651092303240741 0,142867476851852 0,651092303240741 0,159505208333333 0,602076099537037 0,159505208333333
2 0,622576678240741 0,140227141203704 0,673546006944444 0,140227141203704 0,673546006944444 0,157009548611111 0,622576678240741 0,157009548611111
5 0,637217881944445 0,138310185185185 0,686219618055556 0,138310185185185 0,686219618055556 0,152994791666667 0,637217881944445 0,152994791666667
13 0,648929398148148 0,136320891203704 0,699898726851852 0,136320891203704 0,699898726851852 0,153103298611111 0,648929398148148 0,153103298611111
0 0,013671875 0,8994140625 0,185546875 0,8994140625 0,185546875 0,9951171875 0,013671875 0,9951171875
6 0 0,9951171875 0,06982407421875 0,9951171875 0,129043166015625 0,90621773046875 0,042180400390625 0,898027263671875 0 0,975203806640625 0 0,9951171875
4 0,166533380859375 0,921710943359375 0,116472275390625 0,9951171875 0,1876547578125 0,9951171875 0,232766248046875 0,93038591796875 0,166533380859375 0,921710943359375
42 0,529296875 0,8916015625 0,634765625 0,8916015625 0,634765625 0,9951171875 0,529296875 0,9951171875
52 0,59375 0,8818359375 0,6953125 0,8818359375 0,6953125 0,9951171875 0,59375 0,9951171875
38 0,6484375 0,8759765625 0,7578125 0,8759765625 0,7578125 0,9951171875 0,6484375 0,9951171875
6 0,740234375 0,8759765625 0,841796875 0,8759765625 0,841796875 0,9951171875 0,740234375 0,9951171875
0 0,798828125 0,8701171875 0,908203125 0,8701171875 0,908203125 0,9951171875 0,798828125 0,9951171875
4 0,8671875 0,8603515625 0,96875 0,8603515625 0,96875 0,9951171875 0,8671875 0,9951171875