51 0,900390625 0 1 0 1 0,126953125 0,900390625 0,126953125
8 0,7890625 0 0,94140625 0 0,94140625 0,10546875 0,7890625 0,10546875
9 0,701171875 0 0,86328125 0 0,86328125 0,10546875 0,701171875 0,10546875
2 0,662109375 0 0,771484375 0 0,771484375 0,09765625 0,662109375 0,09765625
33 0,6064453125 0,5146484375 0,6962890625 0,5146484375 0,6962890625 0,7333984375 0,6064453125 0,7333984375
35 0,527466724537037 0,5177734375 0,680982349537037 0,5177734375 0,680982349537037 0,736335358796296 0,527466724537037 0,736335358796296
15 0,444610821759259 0,512782118055556 0,608195891203704 0,512782118055556 0,608195891203704 0,737709780092593 0,444610821759259 0,737709780092593
9 0,329998553240741 0,51587818287037 0,492136863425926 0,51587818287037 0,492136863425926 0,750470196759259 0,329998553240741 0,750470196759259
4 0,39322672265625 0,5416096640625 0,402801869140625 0,541118275390625 0,284375568359375 0,545231294921875 0,254760875 0,74582873828125 0,368750341796875 0,738412267578125 0,39322672265625 0,5416096640625
8 0,282833423828125 0,748640390625 0,30687055859375 0,544681259765625 0,197652119140625 0,546909091796875 0,162351044921875 0,7569321796875 0,282833423828125 0,748640390625
27 1 0,3974609375 0,945658330078125 0,3974609375 0,92886396484375 0,437813591796875 0,98747093359375 0,441822669921875 1 0,408857654296875 1 0,3974609375
11 0,912127689453125 0,3974609375 0,89830587109375 0,432800169921875 0,95496161328125 0,436540611328125 0,970504197265625 0,3974609375 0,912127689453125 0,3974609375
14 0,883830908203125 0,3974609375 0,861449322265625 0,42781569140625 0,92222709375 0,43228617578125 0,935675732421875 0,3974609375 0,883830908203125 0,3974609375
3 0,828036890625 0,3974609375 0,82061762109375 0,41738491796875 0,877547044921875 0,4264236875 0,890989466796875 0,3974609375 0,828036890625 0,3974609375
6 0,793686849609375 0,3974609375 0,785022138671875 0,41728251953125 0,8490780703125 0,421035056640625 0,856588388671875 0,3974609375 0,793686849609375 0,3974609375
7 0,764333958984375 0,3974609375 0,758203373046875 0,415971126953125 0,80829144921875 0,419189818359375 0,82032951953125 0,3974609375 0,764333958984375 0,3974609375