0 0 0 0,080078125 0 0,080078125 0,2109375 0 0,2109375
0 0,005859375 0 0,177734375 0 0,177734375 0,203125 0,005859375 0,203125
0 0,11328125 0 0,26953125 0 0,26953125 0,1796875 0,11328125 0,1796875
33 0,260146384765625 0,037698763671875 0,25408166015625 0,0351526640625 0,320033705078125 0,303732888671875 0,45774256640625 0,30754434375 0,410870697265625 0,038015013671875 0,260146384765625 0,037698763671875
17 0,57869491796875 0,305176564453125 0,53577319921875 0,03609907421875 0,389705146484375 0,035863587890625 0,429783634765625 0,313694427734375 0,57869491796875 0,305176564453125
11 0,6923249765625 0,297677375 0,660609685546875 0,0299131796875 0,516723576171875 0,033834861328125 0,549500173828125 0,310009708984375 0,6923249765625 0,297677375
5 0,853346890625 0,29499033984375 0,838217013671875 0,0248499296875 0,68388426171875 0,031840349609375 0,71367774609375 0,29763538671875 0,853346890625 0,29499033984375
3 0,9612488828125 0,293293451171875 0,96489154296875 0,01866744921875 0,80718049609375 0,022510876953125 0,82277139453125 0,3009456328125 0,9612488828125 0,293293451171875
8 1 0,013900142578125 0,929413748046875 0,01793894140625 0,935955130859375 0,293439421875 1 0,291636849609375 1 0,013900142578125
3 0 0,619140625 0,1328125 0,619140625 0,1328125 0,935546875 0 0,935546875
13 0,642464248046875 0,58869451171875 0,611903626953125 0,45580666796875 0,509620888671875 0,4609334765625 0,54942739453125 0,59863503515625 0,642464248046875 0,58869451171875
10 0,709127771484375 0,5832725703125 0,672014056640625 0,444951708984375 0,5902872421875 0,453587796875 0,6100828984375 0,594522232421875 0,709127771484375 0,5832725703125
10 0,77510305078125 0,575075751953125 0,729851173828125 0,43820127734375 0,652755509765625 0,445511595703125 0,673721513671875 0,5857634375 0,77510305078125 0,575075751953125
6 0,741123728515625 0,4365234375 0,763233265625 0,574147431640625 0,86136425 0,565475923828125 0,8479349296875 0,4365234375 0,741123728515625 0,4365234375
6 0,807782376953125 0,4365234375 0,823601345703125 0,563430294921875 0,92385706640625 0,555585537109375 0,91818326171875 0,4365234375 0,807782376953125 0,4365234375
6 0,878392357421875 0,4365234375 0,876427880859375 0,55271718359375 0,98422018359375 0,54507631640625 0,983032734375 0,4365234375 0,878392357421875 0,4365234375