8 0,59765625 0 0,6875 0 0,6875 0,146484375 0,59765625 0,146484375
9 0,51953125 0 0,6875 0 0,6875 0,140625 0,51953125 0,140625
40 0,3359375 0 0,5078125 0 0,5078125 0,103515625 0,3359375 0,103515625
51 0,2265625 0 0,400390625 0 0,400390625 0,14453125 0,2265625 0,14453125
1 1 0,321868220703125 0,842039302734375 0,454259328125 0,896014818359375 0,4912109375 0,931890853515625 0,4912109375 1 0,435877234375 1 0,321868220703125
5 1 0,16774381640625 0,77117966796875 0,3776319921875 0,840979404296875 0,444929361328125 1 0,3106195390625 1 0,16774381640625
5 1 0,022503484375 0,99274350390625 0,01778269140625 0,697723779296875 0,302952861328125 0,776375529296875 0,372025130859375 1 0,167987130859375 1 0,022503484375
12 0,2041015625 0,4853515625 0,3369140625 0,4853515625 0,3369140625 0,5439453125 0,2041015625 0,5439453125
40 0,2548828125 0,4853515625 0,3779296875 0,4853515625 0,3779296875 0,5556640625 0,2548828125 0,5556640625
31 0,2998046875 0,4853515625 0,4287109375 0,4853515625 0,4287109375 0,5634765625 0,2998046875 0,5634765625
8 0,3642578125 0,4853515625 0,4912109375 0,4853515625 0,4912109375 0,5732421875 0,3642578125 0,5732421875
0 0,4091796875 0,4853515625 0,5322265625 0,4853515625 0,5322265625 0,5732421875 0,4091796875 0,5732421875
5 0,4580078125 0,4853515625 0,5771484375 0,4853515625 0,5771484375 0,5791015625 0,4580078125 0,5791015625
0 0,810546875 0,484375 1 0,484375 1 0,697265625 0,810546875 0,697265625
22 0,6513671875 0,4853515625 0,9150390625 0,4853515625 0,9150390625 0,6708984375 0,6513671875 0,6708984375