0 0,15625 0 0,32421875 0 0,32421875 0,205078125 0,15625 0,205078125
3 0 0 0,130859375 0 0,130859375 0,208984375 0 0,208984375
4 0,0625 0 0,224609375 0 0,224609375 0,197265625 0,0625 0,197265625
13 0,50041471875 0,271261591796875 0,53532864453125 0,27611232421875 0,560558375 0,223818384765625 0,525628615234375 0,219542951171875 0,50041471875 0,271261591796875
28 0,55186806640625 0,280757671875 0,57888026953125 0,22867573046875 0,54446562109375 0,2229751953125 0,51796002734375 0,275939755859375 0,55186806640625 0,280757671875
25 0,563354318359375 0,284474625 0,600259548828125 0,23727822265625 0,564902357421875 0,2259881328125 0,53472510546875 0,28093870703125 0,563354318359375 0,284474625
4 0,608470619140625 0,292629326171875 0,627220173828125 0,235356310546875 0,58785455078125 0,2322627109375 0,56315123828125 0,285279568359375 0,608470619140625 0,292629326171875
7 0,617771560546875 0,296739048828125 0,6525485625 0,239404728515625 0,608359763671875 0,235248783203125 0,58816540234375 0,293200966796875 0,617771560546875 0,296739048828125
9 0,646054228515625 0,301847005859375 0,67265812109375 0,245838111328125 0,639041685546875 0,241465517578125 0,60391907421875 0,296232806640625 0,646054228515625 0,301847005859375
10 0,052734375 0,4365234375 0,119140625 0,4365234375 0,119140625 0,4833984375 0,052734375 0,4833984375
27 0,076171875 0,4365234375 0,14453125 0,4365234375 0,14453125 0,4892578125 0,076171875 0,4892578125
37 0,103515625 0,4365234375 0,169921875 0,4365234375 0,169921875 0,4912109375 0,103515625 0,4912109375
8 0,14453125 0,4365234375 0,208984375 0,4365234375 0,208984375 0,4931640625 0,14453125 0,4931640625
4 0,169921875 0,4365234375 0,236328125 0,4365234375 0,236328125 0,5009765625 0,169921875 0,5009765625
7 0,197265625 0,4365234375 0,26171875 0,4365234375 0,26171875 0,4951171875 0,197265625 0,4951171875
0 0,808268229166667 0,613671875 0,944697627314815 0,613671875 0,944697627314815 0,824826388888889 0,808268229166667 0,824826388888889
5 0,721896701388889 0,600043402777778 0,856372974537037 0,600043402777778 0,856372974537037 0,811154513888889 0,721896701388889 0,811154513888889
5 0,622685185185185 0,5822265625 0,770543981481482 0,5822265625 0,770543981481482 0,785828993055556 0,622685185185185 0,785828993055556
39 0,522533275462963 0,565364583333333 0,642686631944444 0,565364583333333 0,642686631944444 0,75859375 0,522533275462963 0,75859375
23 0,447844328703704 0,551019965277778 0,579861111111111 0,551019965277778 0,579861111111111 0,748415798611111 0,447844328703704 0,748415798611111
43 0,379087094907407 0,538758680555556 0,499312789351852 0,538758680555556 0,499312789351852 0,733940972222222 0,379087094907407 0,733940972222222