10 0,2427734375 0,256705729166667 0,461783854166667 0,256705729166667 0,461783854166667 0,556184895833333 0,2427734375 0,556184895833333
40 0,40234375 0,265625 0,490234375 0,265625 0,490234375 0,5390625 0,40234375 0,5390625
52 0,33203125 0,2578125 0,490234375 0,2578125 0,490234375 0,55078125 0,33203125 0,55078125
5 0,1439453125 0,261002604166667 0,352278645833333 0,261002604166667 0,352278645833333 0,546158854166667 0,1439453125 0,546158854166667
4 0,0639322916666667 0,267447916666667 0,270052083333333 0,267447916666667 0,270052083333333 0,548567708333333 0,0639322916666667 0,548567708333333
2 0 0,271484375 0,185546875 0,271484375 0,185546875 0,5625 0 0,5625
23 0,875 0,34375 1 0,34375 1 0,544921875 0,875 0,544921875
13 0,79765625 0,32890625 0,979036458333333 0,32890625 0,979036458333333 0,530598958333333 0,79765625 0,530598958333333
11 0,717122395833333 0,312565104166667 0,900455729166667 0,312565104166667 0,900455729166667 0,514388020833333 0,717122395833333 0,514388020833333
0 0,608723958333333 0,290625 0,788151041666667 0,290625 0,788151041666667 0,4921875 0,608723958333333 0,4921875
2 0,529231770833333 0,2751953125 0,710611979166667 0,2751953125 0,710611979166667 0,476888020833333 0,529231770833333 0,476888020833333
3 0,567784470703125 0,453792091796875 0,620176880859375 0,27636961328125 0,50358873046875 0,26066362109375 0,472625291015625 0,44097287109375 0,567784470703125 0,453792091796875
31 0,322330729166667 0,7845703125 0,432486979166667 0,7845703125 0,432486979166667 0,880403645833333 0,322330729166667 0,880403645833333
24 0,282682291666667 0,778515625 0,390494791666667 0,778515625 0,390494791666667 0,868359375 0,282682291666667 0,868359375
31 0,245638020833333 0,767252604166667 0,353580729166667 0,767252604166667 0,353580729166667 0,859049479166667 0,245638020833333 0,859049479166667
1 0,196744791666667 0,755208333333333 0,298828125 0,755208333333333 0,298828125 0,846614583333333 0,196744791666667 0,846614583333333
2 0,1548828125 0,7447265625 0,2650390625 0,7447265625 0,2650390625 0,840559895833333 0,1548828125 0,840559895833333
6 0,121875 0,735416666666667 0,227864583333333 0,735416666666667 0,227864583333333 0,827083333333333 0,121875 0,827083333333333