46 0,306640625 0 0,462890625 0 0,462890625 0,109375 0,306640625 0,109375
2 0,0262369791666667 0,009765625 0,181966145833333 0,009765625 0,181966145833333 0,18359375 0,0262369791666667 0,18359375
4 0 0,01953125 0,115234375 0,01953125 0,115234375 0,203125 0 0,203125
8 0,091796875 0 0,23828125 0 0,23828125 0,154296875 0,091796875 0,154296875
31 0,24609375 0 0,396484375 0 0,396484375 0,12890625 0,24609375 0,12890625
36 0,177734375 0 0,333984375 0 0,333984375 0,134765625 0,177734375 0,134765625
12 0,328125 0,4560546875 0,455078125 0,4560546875 0,455078125 0,5419921875 0,328125 0,5419921875
21 0,283203125 0,4560546875 0,408203125 0,4560546875 0,408203125 0,5478515625 0,283203125 0,5478515625
12 0,228515625 0,4560546875 0,359375 0,4560546875 0,359375 0,5556640625 0,228515625 0,5556640625
6 0,166015625 0,4560546875 0,291015625 0,4560546875 0,291015625 0,5693359375 0,166015625 0,5693359375
9 0,121940104166667 0,458984375 0,243033854166667 0,458984375 0,243033854166667 0,58203125 0,121940104166667 0,58203125
5 0,0766276041666666 0,4677734375 0,1958984375 0,4677734375 0,1958984375 0,5927734375 0,0766276041666666 0,5927734375
29 1 0,7609536953125 0,92542694921875 0,7667776640625 1 0,912720400390625 1 0,7609536953125
20 1 0,903827626953125 0,950096478515625 0,7639945546875 0,8542422890625 0,776695119140625 0,9145798828125 0,961090828125 1 0,965264931640625 1 0,903827626953125
20 0,947708970703125 0,967976552734375 0,873975787109375 0,777560818359375 0,77684906640625 0,784512041015625 0,84252303515625 0,96847468359375 0,947708970703125 0,967976552734375
3 0,84615787109375 0,97139334375 0,784778970703125 0,792441599609375 0,684928873046875 0,797957583984375 0,74777480859375 0,97520815234375 0,84615787109375 0,97139334375
6 0,782224931640625 0,9812812265625 0,70234941796875 0,799014189453125 0,6161237734375 0,81794375 0,703767314453125 0,987131919921875 0,782224931640625 0,9812812265625
2 0,576171875 0,825403970703125 0,576171875 0,86904650390625 0,634152501953125 0,986795052734375 0,721784525390625 0,981856873046875 0,638132212890625 0,819906517578125 0,576171875 0,825403970703125