8 0,173126446759259 0,320572916666667 0,3908203125 0,320572916666667 0,3908203125 0,449479166666667 0,173126446759259 0,449479166666667
4 0,150823115234375 0,328118111328125 0,319793970703125 0,251557197265625 0,28905175390625 0,203494970703125 0,112202671875 0,2756081328125 0,150823115234375 0,328118111328125
2 0,36186323046875 0,318664017578125 0,311595 0,248437337890625 0,14071609765625 0,328217916015625 0,18516351171875 0,395124939453125 0,36186323046875 0,318664017578125
36 0,4453338515625 0,456117029296875 0,40403259765625 0,404256322265625 0,222639287109375 0,4817769296875 0,264499802734375 0,536410044921875 0,4453338515625 0,456117029296875
31 0,27110933984375 0,560546875 0,38833333203125 0,560546875 0,46754211328125 0,513363572265625 0,4263981328125 0,463723560546875 0,254085412109375 0,535954162109375 0,27110933984375 0,560546875
47 0,630960648148148 0,213302951388889 0,820341435185185 0,213302951388889 0,820341435185185 0,474370659722222 0,630960648148148 0,474370659722222
27 0,726728877314815 0,194444444444444 0,922026909722222 0,194444444444444 0,922026909722222 0,463454861111111 0,726728877314815 0,463454861111111
39 0,82421875 0,18359375 1 0,18359375 1 0,4375 0,82421875 0,4375
14 0 0,6864108125 0,009879728515625 0,705438490234375 0,067785267578125 0,692672265625 0,036931369140625 0,640642166015625 0 0,649938359375 0 0,6864108125
28 0,094669841796875 0,6808470390625 0,06309488671875 0,629252087890625 0,011418673828125 0,641416171875 0,041207203125 0,6932790859375 0,094669841796875 0,6808470390625
24 0,123393208984375 0,6699974921875 0,09030881640625 0,617091453125 0,037532107421875 0,62939659765625 0,069373375 0,680875080078125 0,123393208984375 0,6699974921875
7 0,166622837890625 0,6494219765625 0,1351924375 0,596802294921875 0,080883142578125 0,61125762109375 0,1196448046875 0,661074890625 0,166622837890625 0,6494219765625
6 0,136731099609375 0,6479850078125 0,1379144375 0,650535423828125 0,195854875 0,637678986328125 0,159465572265625 0,58606175390625 0,110131796875 0,597970728515625 0,136731099609375 0,6479850078125
16 0,224403474609375 0,624446009765625 0,18686334375 0,572885865234375 0,1354183046875 0,586777736328125 0,171189287109375 0,63764558984375 0,224403474609375 0,624446009765625
6 0,5791015625 0,86328125 0,6552734375 0,86328125 0,6552734375 0,919921875 0,5791015625 0,919921875
9 0,606510416666667 0,856618923611111 0,688961226851852 0,856618923611111 0,688961226851852 0,918077256944444 0,606510416666667 0,918077256944444
6 0,639764178240741 0,851085069444445 0,718294270833333 0,851085069444445 0,718294270833333 0,910503472222222 0,639764178240741 0,910503472222222