28 0,17388345703125 0,365611765625 0,094863279296875 0,147769927734375 0,000654427734375 0,170024509765625 0,082434490234375 0,38333452734375 0,17388345703125 0,365611765625
21 0,263065333984375 0,35438489453125 0,180005044921875 0,133317123046875 0,093432900390625 0,15407926171875 0,170820833984375 0,369583921875 0,263065333984375 0,35438489453125
17 0,35270238671875 0,3377374453125 0,28970415234375 0,119434455078125 0,18749266796875 0,139209326171875 0,25844093359375 0,353309583984375 0,35270238671875 0,3377374453125
5 0,323307291666667 0,102604166666667 0,483854166666667 0,102604166666667 0,483854166666667 0,344892939814815 0,323307291666667 0,344892939814815
6 0,4130859375 0,08203125 0,5615234375 0,08203125 0,5615234375 0,328125 0,4130859375 0,328125
12 0,686848958333333 0,148654513888889 0,772526041666667 0,148654513888889 0,772526041666667 0,263006365740741 0,686848958333333 0,263006365740741
21 0,731966145833333 0,137615740740741 0,813606770833333 0,137615740740741 0,813606770833333 0,249956597222222 0,731966145833333 0,249956597222222
12 0,7837890625 0,124725115740741 0,8634765625 0,124725115740741 0,8634765625 0,237037037037037 0,7837890625 0,237037037037037
6 0,844856770833333 0,104166666666667 0,930794270833333 0,104166666666667 0,930794270833333 0,222424768518519 0,844856770833333 0,222424768518519
9 0,895052083333333 0,0961299189814815 0,974348958333333 0,0961299189814815 0,974348958333333 0,202582465277778 0,895052083333333 0,202582465277778
5 0,9375 0,080078125 1 0,080078125 1 0,19140625 0,9375 0,19140625
27 0,027734375 0,760438368055556 0,0901041666666667 0,760438368055556 0,0901041666666667 0,847128182870371 0,027734375 0,847128182870371
20 0,0634765625 0,755114293981481 0,125716145833333 0,755114293981481 0,125716145833333 0,839850983796296 0,0634765625 0,839850983796296
32 0,0983072916666667 0,750752314814815 0,160677083333333 0,750752314814815 0,160677083333333 0,83744212962963 0,0983072916666667 0,83744212962963
3 0,145572916666667 0,742672164351852 0,2078125 0,742672164351852 0,2078125 0,827408854166667 0,145572916666667 0,827408854166667
2 0,1802734375 0,736357060185185 0,2427734375 0,736357060185185 0,2427734375 0,825 0,1802734375 0,825
6 0,214127604166667 0,731980613425926 0,278450520833333 0,731980613425926 0,278450520833333 0,818699363425926 0,214127604166667 0,818699363425926
28 0,8446704609375 0,98390319921875 0,80915498828125 0,85777351171875 0,779695720703125 0,86314969921875 0,8149495859375 0,989681638671875 0,8446704609375 0,98390319921875
10 0,8766195078125 0,9806934140625 0,825875998046875 0,850623185546875 0,8091522421875 0,8547515234375 0,8434864921875 0,987472826171875 0,8766195078125 0,9806934140625
31 0,86340220703125 0,84305105078125 0,829697310546875 0,850636498046875 0,8293588515625 0,8506983984375 0,8779860703125 0,97868331640625 0,895768615234375 0,975431130859375 0,86340220703125 0,84305105078125
2 0,93746347265625 0,9670678046875 0,897312927734375 0,83722459375 0,86640476171875 0,840779529296875 0,905160638671875 0,97230069921875 0,93746347265625 0,9670678046875
9 0,958828966796875 0,963492865234375 0,932155453125 0,83254147265625 0,89509576953125 0,83715810546875 0,93524667578125 0,96814434765625 0,958828966796875 0,963492865234375
6 0,99314957421875 0,95625256640625 0,953471677734375 0,828700880859375 0,93238299609375 0,83430046484375 0,9555333203125 0,963426375 0,99314957421875 0,95625256640625