6 0,189923321759259 0,131691261574074 0,468178530092593 0,131691261574074 0,468178530092593 0,259801793981482 0,189923321759259 0,259801793981482
0 0,194097222222222 0,233434606481482 0,462543402777778 0,233434606481482 0,462543402777778 0,355324074074074 0,194097222222222 0,355324074074074
5 0,19556568287037 0,0332392939814815 0,464026331018519 0,0332392939814815 0,464026331018519 0,157081886574074 0,19556568287037 0,157081886574074
17 0,201171875 0,001953125 0,466796875 0,001953125 0,466796875 0,021484375 0,201171875 0,021484375
33 1 0,001953125 0,92790351953125 0,001953125 0,928660830078125 0,17506289453125 1 0,168126984375 1 0,001953125
17 0,958566962890625 0,182043703125 0,9517759140625 0,001953125 0,805521927734375 0,001953125 0,809625345703125 0,188194087890625 0,958566962890625 0,182043703125
11 0,8388166640625 0,193574869140625 0,826020169921875 0,001953125 0,685508935546875 0,001953125 0,69846023046875 0,195203951171875 0,8388166640625 0,193574869140625
5 0,674578521484375 0,20228189453125 0,659812765625 0,001953125 0,514903828125 0,001953125 0,542166712890625 0,212709947265625 0,674578521484375 0,20228189453125
30 0,271484375 0,51171875 0,451171875 0,51171875 0,451171875 0,76171875 0,271484375 0,76171875
32 0,154296875 0,51171875 0,3203125 0,51171875 0,3203125 0,779296875 0,154296875 0,779296875
26 0,02734375 0,51171875 0,201171875 0,51171875 0,201171875 0,775390625 0,02734375 0,775390625
0 0,65771309375 0,92803992578125 0,601852228515625 0,92448741015625 0,592695009765625 0,965507564453125 0,644354814453125 0,96968973046875 0,65771309375 0,92803992578125
27 0,6333629375 0,924283599609375 0,578267466796875 0,92191075 0,56841828515625 0,963580919921875 0,6199154296875 0,972354826171875 0,6333629375 0,924283599609375
18 0,60807741015625 0,921325728515625 0,55533815625 0,91833808984375 0,545700509765625 0,959360052734375 0,596329986328125 0,96356548828125 0,60807741015625 0,921325728515625
1 0,57354775 0,91635942578125 0,5230928125 0,914292048828125 0,5082325625 0,9542031640625 0,557273404296875 0,95627971875 0,57354775 0,91635942578125
3 0,4921875 0,95217823828125 0,5313339609375 0,954030037109375 0,54857401171875 0,91304217578125 0,4921875 0,909706142578125 0,4921875 0,95217823828125