46 0,114467592592593 0,0258680555555555 0,266840277777778 0,0258680555555555 0,266840277777778 0,253356481481481 0,114467592592593 0,253356481481481
17 0 0,001953125 0,080078125 0,001953125 0,080078125 0,240234375 0 0,240234375
21 0,0103804976851853 0,0153284143518518 0,172620081018519 0,0153284143518518 0,172620081018519 0,244842303240741 0,0103804976851853 0,244842303240741
52 1 0,358966681640625 0,9949868203125 0,2332396328125 0,90258990625 0,2451196640625 0,91354067578125 0,416463625 1 0,405422984375 1 0,358966681640625
10 0,913520998046875 0,24805873046875 0,83662105859375 0,258770580078125 0,8375880078125 0,427739607421875 0,924201087890625 0,415980654296875 0,913520998046875 0,24805873046875
43 0,8488295078125 0,264970693359375 0,752740654296875 0,273106708984375 0,762929291015625 0,43651958203125 0,84582835546875 0,422264619140625 0,8488295078125 0,264970693359375
0 0,736868373046875 0,279630142578125 0,643001923828125 0,294771220703125 0,654498611328125 0,458345083984375 0,73831937890625 0,446425140625 0,736868373046875 0,279630142578125
8 0,644152724609375 0,296261380859375 0,56968089453125 0,306208193359375 0,57616078515625 0,46913809765625 0,6548576796875 0,45858723828125 0,644152724609375 0,296261380859375
8 0,5733828046875 0,309107349609375 0,492491158203125 0,32042324609375 0,497857609375 0,48210514453125 0,581117947265625 0,4721982421875 0,5733828046875 0,309107349609375
31 0,060546875 0,9140625 0,1484375 0,9140625 0,1484375 1 0,060546875 1
12 0,089895841796875 1 0,082845302734375 0,9236861953125 0,010326025390625 0,92225275390625 0,013359439453125 1 0,089895841796875 1