5 0,1953125 0 0,32421875 0 0,32421875 0,048828125 0,1953125 0,048828125
5 0,18359375 0,0185546875 0,32421875 0,0185546875 0,32421875 0,1064453125 0,18359375 0,1064453125
39 0,17578125 0,0908203125 0,32421875 0,0908203125 0,32421875 0,1748046875 0,17578125 0,1748046875
23 0,1640625 0,1435546875 0,32421875 0,1435546875 0,32421875 0,2314453125 0,1640625 0,2314453125
23 0,16015625 0,1962890625 0,32421875 0,1962890625 0,32421875 0,2900390625 0,16015625 0,2900390625
17 0,66417127734375 0,054444615234375 0,613986291015625 0,11302046875 0,652579302734375 0,12990914453125 0,70353615234375 0,0707473984375 0,66417127734375 0,054444615234375
0 0,64014515625 0,04213006640625 0,59006499609375 0,09972691796875 0,626378734375 0,11427218359375 0,67772683984375 0,0554980390625 0,64014515625 0,04213006640625
8 0,620672716796875 0,030777234375 0,56906040625 0,08422237109375 0,60292806640625 0,098913162109375 0,65311080078125 0,043452994140625 0,620672716796875 0,030777234375
15 0,584760404296875 0,01260337890625 0,541090732421875 0,06567890625 0,566852544921875 0,07658790625 0,619345068359375 0,02504548828125 0,584760404296875 0,01260337890625
24 0,5645145703125 0,0028204765625 0,524607998046875 0,05511465625 0,552220259765625 0,06734375 0,598605564453125 0,0134175546875 0,5645145703125 0,0028204765625
10 0,54677284765625 0 0,5080604765625 0,044841806640625 0,5365972578125 0,057314248046875 0,57873371875 0,002932751953125 0,569405271484375 0 0,54677284765625 0
5 0 0,701746796875 0,04330316796875 0,713203314453125 0,11608534375 0,513209845703125 0,0087986640625 0,49793262109375 0 0,52848567578125 0 0,701746796875
0 0,0393518518518519 0,512977430555556 0,202546296296296 0,512977430555556 0,202546296296296 0,724131944444444 0,0393518518518519 0,724131944444444
23 0,402886284722222 0,706864872685185 0,521809895833333 0,706864872685185 0,521809895833333 0,845681423611111 0,402886284722222 0,845681423611111
44 0,580150462962963 0,723191550925926 0,694733796296296 0,723191550925926 0,694733796296296 0,855946180555555 0,580150462962963 0,855946180555555
23 0,345703125 0,701634837962963 0,472583912037037 0,701634837962963 0,472583912037037 0,842809606481481 0,345703125 0,842809606481481
44 0,633752893518519 0,73150318287037 0,740813078703704 0,73150318287037 0,740813078703704 0,867758969907407 0,633752893518519 0,867758969907407
44 0,523111979166667 0,718265335648148 0,6396484375 0,718265335648148 0,6396484375 0,851121238425926 0,523111979166667 0,851121238425926
39 0,450231481481481 0,717585358796296 0,558955439814815 0,717585358796296 0,558955439814815 0,850036168981481 0,450231481481481 0,850036168981481