28 0,1181640625 0,0789930555555556 0,2626953125 0,0789930555555556 0,2626953125 0,345413773148148 0,1181640625 0,345413773148148
34 0,2294921875 0,0810546875 0,2919921875 0,0810546875 0,2919921875 0,3388671875 0,2294921875 0,3388671875
15 1 0,196445951171875 0,96927062890625 0,20152878515625 0,971826689453125 0,257427076171875 0,999936556640625 0,250141865234375 1 0,248278681640625 1 0,196445951171875
10 0,104427083333333 0,684280960648148 0,222439236111111 0,684280960648148 0,222439236111111 0,924370659722222 0,104427083333333 0,924370659722222
11 0,1904296875 0,6826171875 0,2919921875 0,6826171875 0,2919921875 0,9228515625 0,1904296875 0,9228515625
30 0,6176494140625 0,75604291015625 0,610902400390625 0,6010611640625 0,53899979296875 0,60179358203125 0,5495450234375 0,757988810546875 0,6176494140625 0,75604291015625
25 0,6169650390625 0,75902259375 0,679183548828125 0,752926642578125 0,681522576171875 0,594501525390625 0,606867541015625 0,60100423828125 0,609716173828125 0,603365814453125 0,6169650390625 0,75902259375
24 0,752119048828125 0,74767186328125 0,743356806640625 0,59956746484375 0,678710212890625 0,59924644921875 0,679163693359375 0,602154462890625 0,68011123046875 0,6033283515625 0,678731572265625 0,761156587890625 0,752119048828125 0,74767186328125
3 0,838904732421875 0,750670298828125 0,8365269921875 0,58454727734375 0,76466132421875 0,59632007421875 0,770438369140625 0,75668307421875 0,838904732421875 0,750670298828125
1 0,90145273828125 0,75392151171875 0,89320724609375 0,590123794921875 0,836972625 0,591090357421875 0,841825474609375 0,754841330078125 0,90145273828125 0,75392151171875
6 0,9641421171875 0,755545701171875 0,973739328125 0,587235892578125 0,899107625 0,590839765625 0,903829537109375 0,762253455078125 0,9641421171875 0,755545701171875