28 0,5078125 0,0009765625 0,615234375 0,0009765625 0,615234375 0,0361328125 0,5078125 0,0361328125
23 0,4609375 0,0009765625 0,572265625 0,0009765625 0,572265625 0,0458984375 0,4609375 0,0458984375
11 0,4140625 0,0009765625 0,525390625 0,0009765625 0,525390625 0,0517578125 0,4140625 0,0517578125
7 0,353515625 0,0009765625 0,46484375 0,0009765625 0,46484375 0,0595703125 0,353515625 0,0595703125
4 0,306640625 0,0009765625 0,4140625 0,0009765625 0,4140625 0,0673828125 0,306640625 0,0673828125
3 0,259765625 0,0009765625 0,369140625 0,0009765625 0,369140625 0,0712890625 0,259765625 0,0712890625
49 0,6484375 0,4072265625 0,7578125 0,4072265625 0,7578125 0,7646484375 0,6484375 0,7646484375
47 0,5390625 0,4287109375 0,7578125 0,4287109375 0,7578125 0,7705078125 0,5390625 0,7705078125
22 0,406365740740741 0,453667534722222 0,646788194444444 0,453667534722222 0,646788194444444 0,796158854166667 0,406365740740741 0,796158854166667
3 0,225622106481481 0,475868055555556 0,474320023148148 0,475868055555556 0,474320023148148 0,834331597222222 0,225622106481481 0,834331597222222
1 0,102177372685185 0,489887152777778 0,335597511574074 0,489887152777778 0,335597511574074 0,859375 0,102177372685185 0,859375
3 0 0,50390625 0,20703125 0,50390625 0,20703125 0,87890625 0 0,87890625