12 0,88671875 0,001953125 1 0,001953125 1 0,107421875 0,88671875 0,107421875
16 0,806640625 0,001953125 0,947265625 0,001953125 0,947265625 0,1015625 0,806640625 0,1015625
31 0,73046875 0,001953125 0,861328125 0,001953125 0,861328125 0,087890625 0,73046875 0,087890625
0 0,61328125 0,001953125 0,75 0,001953125 0,75 0,072265625 0,61328125 0,072265625
7 0,53515625 0,001953125 0,669921875 0,001953125 0,669921875 0,064453125 0,53515625 0,064453125
2 0,4453125 0,001953125 0,5859375 0,001953125 0,5859375 0,0546875 0,4453125 0,0546875
24 0 0,719502166015625 0,062728216796875 0,729210193359375 0,15494815234375 0,4807717109375 0,013780470703125 0,45838560546875 0 0,49836441796875 0 0,719502166015625
9 0,828797743055556 0,539069733796296 0,896419270833333 0,539069733796296 0,896419270833333 0,563317418981481 0,828797743055556 0,563317418981481
7 0,8052734375 0,539822048611111 0,871028645833333 0,539822048611111 0,871028645833333 0,565964988425926 0,8052734375 0,565964988425926
3 0,778949652777778 0,539626736111111 0,844704861111111 0,539626736111111 0,844704861111111 0,565769675925926 0,778949652777778 0,565769675925926
19 0,911805555555556 0,536668113425926 0,977473958333333 0,536668113425926 0,977473958333333 0,560857928240741 0,911805555555556 0,560857928240741
24 0,88828125 0,53736255787037 0,954036458333333 0,53736255787037 0,954036458333333 0,563505497685185 0,88828125 0,563505497685185
21 0,862934027777778 0,537080439814815 0,930642361111111 0,537080439814815 0,930642361111111 0,56328125 0,862934027777778 0,56328125