32 0,429561154296875 0,37890625 0,43365949609375 0,359608052734375 0,36191825 0,343836466796875 0,3563693203125 0,37890625 0,429561154296875 0,37890625
32 0,37036697265625 0,37890625 0,374585220703125 0,3527478515625 0,301048109375 0,3397473359375 0,298311314453125 0,37890625 0,37036697265625 0,37890625
19 0,2353515625 0,328125 0,3154296875 0,328125 0,3154296875 0,37890625 0,2353515625 0,37890625
1 0,1552734375 0,314453125 0,2353515625 0,314453125 0,2353515625 0,37890625 0,1552734375 0,37890625
8 0,0986328125 0,30078125 0,1826171875 0,30078125 0,1826171875 0,37890625 0,0986328125 0,37890625
9 0,0419921875 0,2890625 0,1279296875 0,2890625 0,1279296875 0,37890625 0,0419921875 0,37890625
20 0,6416015625 0,238202771484375 0,6416015625 0,28095887890625 0,668971017578125 0,288269326171875 0,678690791015625 0,238257822265625 0,64310465625 0,230373396484375 0,6416015625 0,238202771484375
12 0,471918402777778 0,838216145833333 0,558723958333333 0,838216145833333 0,558723958333333 0,969856770833333 0,471918402777778 0,969856770833333
40 0,429839409722222 0,831510416666667 0,506922743055556 0,831510416666667 0,506922743055556 0,964453125 0,429839409722222 0,964453125
31 0,376996527777778 0,823111979166667 0,459982638888889 0,823111979166667 0,459982638888889 0,9583984375 0,376996527777778 0,9583984375
8 0,313259548611111 0,807161458333333 0,392426215277778 0,807161458333333 0,392426215277778 0,94609375 0,313259548611111 0,94609375
0 0,271180555555556 0,800455729166667 0,348177083333333 0,800455729166667 0,348177083333333 0,9294921875 0,271180555555556 0,9294921875
5 0,227951388888889 0,785872395833333 0,29921875 0,785872395833333 0,29921875 0,920377604166667 0,227951388888889 0,920377604166667
31 0,951171875 0,71875 1 0,71875 1 0,876953125 0,951171875 0,876953125
12 0,892209201388889 0,714322916666667 0,981315104166667 0,714322916666667 0,981315104166667 0,86171875 0,892209201388889 0,86171875
10 0,830490451388889 0,701432291666667 0,915690104166667 0,701432291666667 0,915690104166667 0,848567708333333 0,830490451388889 0,848567708333333
3 0,746158854166667 0,680208333333333 0,845160590277778 0,680208333333333 0,845160590277778 0,834114583333333 0,746158854166667 0,834114583333333
4 0,693294270833333 0,670833333333333 0,778624131944444 0,670833333333333 0,778624131944444 0,823828125 0,693294270833333 0,823828125
2 0,6416015625 0,6640625 0,7216796875 0,6640625 0,7216796875 0,8125 0,6416015625 0,8125