31 0,2413596015625 0,305444966796875 0,2625362734375 0,1575083046875 0,1803598359375 0,142051044921875 0,171663736328125 0,29509543359375 0,2413596015625 0,305444966796875
20 0,3063808671875 0,324551107421875 0,329887046875 0,1733731015625 0,250142970703125 0,157061767578125 0,2276688359375 0,307739576171875 0,3063808671875 0,324551107421875
20 0,3724448828125 0,3424788515625 0,398114560546875 0,194234505859375 0,317690337890625 0,173758869140625 0,293627041015625 0,3279505703125 0,3724448828125 0,3424788515625
4 0,458984375 0,213930001953125 0,415373771484375 0,204544365234375 0,3823968671875 0,350278146484375 0,458984375 0,36819400390625 0,458984375 0,213930001953125
10 0,092561064453125 0,80668435546875 0,20084412890625 0,80179521484375 0,206458341796875 0,540437525390625 0,12264415234375 0,537483689453125 0,092561064453125 0,80668435546875
49 0,285309490234375 0,785470013671875 0,302929853515625 0,51363228515625 0,203018337890625 0,541731505859375 0,1862368046875 0,795013021484375 0,285309490234375 0,785470013671875
21 0,378039533203125 0,534462669921875 0,279448998046875 0,530546119140625 0,267795486328125 0,79063283984375 0,38915833984375 0,77833883984375 0,378039533203125 0,534462669921875
3 0,458984375 0,5363167578125 0,420901013671875 0,534983298828125 0,384307453125 0,771924716796875 0,458984375 0,771794072265625 0,458984375 0,5363167578125
21 0,68096583203125 0,737458322265625 0,738113796875 0,56878136328125 0,664831474609375 0,5317915390625 0,582755177734375 0,699995287109375 0,68096583203125 0,737458322265625
16 0,747298337890625 0,76182655078125 0,842544001953125 0,595488443359375 0,73473108984375 0,56781413671875 0,67328388671875 0,739627083984375 0,747298337890625 0,76182655078125
16 0,86089816796875 0,7887129140625 0,924940609375 0,62319618359375 0,839903041015625 0,594004796875 0,745365716796875 0,760330693359375 0,86089816796875 0,7887129140625
2 1 0,651990384765625 0,92978794921875 0,63078843359375 0,859153689453125 0,799193453125 0,958053962890625 0,82844440625 1 0,745573158203125 1 0,651990384765625