31 0,180403645833333 0,103667534722222 0,2775390625 0,103667534722222 0,2775390625 0,206749131944444 0,180403645833333 0,206749131944444
43 0,227408854166667 0,1083984375 0,332356770833333 0,1083984375 0,332356770833333 0,211942997685185 0,227408854166667 0,211942997685185
42 0,280403645833333 0,1154296875 0,377278645833333 0,1154296875 0,377278645833333 0,214605034722222 0,280403645833333 0,214605034722222
9 0,343033854166667 0,121086516203704 0,4384765625 0,121086516203704 0,4384765625 0,227958622685185 0,343033854166667 0,227958622685185
9 0,392057291666667 0,126909722222222 0,489453125 0,126909722222222 0,489453125 0,233897569444444 0,392057291666667 0,233897569444444
7 0,4369140625 0,128595196759259 0,538216145833333 0,128595196759259 0,538216145833333 0,235814525462963 0,4369140625 0,235814525462963
28 0,673307291666667 0,312977430555556 0,752994791666667 0,312977430555556 0,752994791666667 0,387789351851852 0,673307291666667 0,387789351851852
29 0,706510416666667 0,314945023148148 0,78828125 0,314945023148148 0,78828125 0,391825810185185 0,706510416666667 0,391825810185185
33 0,7439453125 0,322026909722222 0,8255859375 0,322026909722222 0,8255859375 0,396954571759259 0,7439453125 0,396954571759259
9 0,794986979166667 0,328942418981481 0,872721354166667 0,328942418981481 0,872721354166667 0,403638599537037 0,794986979166667 0,403638599537037
9 0,829427083333333 0,334874131944444 0,909114583333333 0,334874131944444 0,909114583333333 0,409686053240741 0,829427083333333 0,409686053240741
7 0,8666015625 0,338049768518519 0,9462890625 0,338049768518519 0,9462890625 0,412861689814815 0,8666015625 0,412861689814815
29 0,185481770833333 0,804448784722222 0,278190104166667 0,804448784722222 0,278190104166667 0,899486400462963 0,185481770833333 0,899486400462963
21 0,230729166666667 0,811993634259259 0,317708333333333 0,811993634259259 0,317708333333333 0,908637152777778 0,230729166666667 0,908637152777778
10 0,271875 0,816377314814815 0,363020833333333 0,816377314814815 0,363020833333333 0,917158564814815 0,271875 0,917158564814815
0 0,329817708333333 0,824674479166667 0,420833333333333 0,824674479166667 0,420833333333333 0,923502604166667 0,329817708333333 0,923502604166667
5 0,373828125 0,828255208333333 0,4609375 0,828255208333333 0,4609375 0,926851851851852 0,373828125 0,926851851851852
0 0,417317708333333 0,83861400462963 0,505989583333333 0,83861400462963 0,505989583333333 0,931467013888889 0,417317708333333 0,931467013888889
10 0,846726275390625 0,6142578125 0,85470620703125 0,6342692890625 0,925280806640625 0,637516048828125 0,91345794140625 0,6142578125 0,846726275390625 0,6142578125
14 0,886307400390625 0,6142578125 0,898151900390625 0,63886434765625 0,966803505859375 0,643043921875 0,95409523828125 0,6142578125 0,886307400390625 0,6142578125
17 1 0,620008703125 0,998299107421875 0,6142578125 0,92702739453125 0,6142578125 0,93645912109375 0,643736173828125 1 0,64535101953125 1 0,620008703125