32 0,129767071759259 0,0245876736111111 0,205837673611111 0,0245876736111111 0,205837673611111 0,153754340277778 0,129767071759259 0,153754340277778
34 0,203942418981481 0,0260561342592592 0,280013020833333 0,0260561342592592 0,280013020833333 0,155222800925926 0,203942418981481 0,155222800925926
19 0,275260416666667 0,0322337962962963 0,353255208333333 0,0322337962962963 0,353255208333333 0,159563078703704 0,275260416666667 0,159563078703704
8 0,373864293981481 0,0361255787037037 0,447952835648148 0,0361255787037037 0,447952835648148 0,16322337962963 0,373864293981481 0,16322337962963
7 0,490234375 0,045374056640625 0,452033255859375 0,0442138359375 0,4581397578125 0,162397025390625 0,490234375 0,162680185546875 0,490234375 0,045374056640625
10 0,673828125 0 0,830078125 0 0,830078125 0,17578125 0,673828125 0,17578125
43 0,525390625 0 0,69921875 0 0,69921875 0,169921875 0,525390625 0,169921875
44 0,8515625 0 1 0 1 0,171875 0,8515625 0,171875
28 0,856884794921875 0,826430494140625 0,85769355078125 0,55424588671875 0,750974388671875 0,550440392578125 0,753475109375 0,808375642578125 0,856884794921875 0,826430494140625
20 0,96908996484375 0,835673083984375 0,95946039453125 0,56975556640625 0,85678844921875 0,560829677734375 0,8545671015625 0,831677564453125 0,96908996484375 0,835673083984375
23 1 0,567880671875 0,96206265234375 0,563395064453125 0,96321405859375 0,84604215234375 1 0,84467600390625 1 0,567880671875