49 0,128870081018519 0,225434027777778 0,234599247685185 0,225434027777778 0,234599247685185 0,366811342592593 0,128870081018519 0,366811342592593
51 0,204673032407407 0,209389467592593 0,302473958333333 0,209389467592593 0,302473958333333 0,346802662037037 0,204673032407407 0,346802662037037
42 0,275506365740741 0,194285300925926 0,384968171296296 0,194285300925926 0,384968171296296 0,329832175925926 0,275506365740741 0,329832175925926
8 0,374602141203704 0,175484664351852 0,4744140625 0,175484664351852 0,4744140625 0,314865451388889 0,374602141203704 0,314865451388889
7 0,44140625 0,15625 0,5 0,15625 0,5 0,291015625 0,44140625 0,291015625
14 0,717447916666667 0,372229456018519 0,756409143518519 0,372229456018519 0,756409143518519 0,435004340277778 0,717447916666667 0,435004340277778
25 0,691825810185185 0,379853877314815 0,730787037037037 0,379853877314815 0,730787037037037 0,442628761574074 0,691825810185185 0,442628761574074
29 0,66927806712963 0,3865234375 0,706170428240741 0,3865234375 0,706170428240741 0,445377604166667 0,66927806712963 0,445377604166667
6 0,751888020833333 0,363693576388889 0,788896122685185 0,363693576388889 0,788896122685185 0,426453993055556 0,751888020833333 0,426453993055556
8 0,77455150462963 0,358977141203704 0,811501736111111 0,358977141203704 0,811501736111111 0,41978443287037 0,77455150462963 0,41978443287037
2 0,798191550925926 0,352314814814815 0,837094907407407 0,352314814814815 0,837094907407407 0,413136574074074 0,798191550925926 0,413136574074074
11 0 0,82790364453125 0,04837778515625 0,983596591796875 0,13178957421875 0,9515739765625 0,07111736328125 0,743634017578125 0 0,7423162109375 0 0,82790364453125
11 0,2239480703125 0,922780453125 0,164562095703125 0,693213267578125 0,0732363046875 0,7258040078125 0,1371513515625 0,9622779296875 0,2239480703125 0,922780453125
20 0,163664641203704 0,669357638888889 0,327437789351852 0,669357638888889 0,327437789351852 0,924421296296296 0,163664641203704 0,924421296296296
2 0,2994140625 0,631293402777778 0,465313946759259 0,631293402777778 0,465313946759259 0,892230902777778 0,2994140625 0,892230902777778
4 0,396484375 0,599609375 0,5 0,599609375 0,5 0,857421875 0,396484375 0,857421875
12 0,53223855078125 0,60962042578125 0,56489989453125 0,59979121875 0,547515638671875 0,541754220703125 0,5150917109375 0,55064358203125 0,53223855078125 0,60962042578125
32 0,564918892578125 0,600889859375 0,59490703515625 0,593026521484375 0,581460294921875 0,532720033203125 0,547887091796875 0,541425583984375 0,564918892578125 0,600889859375
27 0,629085046875 0,584045982421875 0,61420978125 0,524303255859375 0,58142191015625 0,532544994140625 0,595837453125 0,59423634765625 0,629085046875 0,584045982421875
4 0,67440565625 0,572279900390625 0,65859583984375 0,512320521484375 0,627276130859375 0,520430728515625 0,642146328125 0,580909361328125 0,67440565625 0,572279900390625
2 0,707480666015625 0,56433705078125 0,692211123046875 0,503806849609375 0,659668328125 0,513166171875 0,6743789921875 0,573168798828125 0,707480666015625 0,56433705078125
7 0,70914706640625 0,56283400390625 0,73937237890625 0,554031216796875 0,72674163671875 0,49441126171875 0,692238859375 0,503175853515625 0,70914706640625 0,56283400390625