23 0,62890625 0 0,720703125 0 0,720703125 0,029296875 0,62890625 0,029296875
20 0,5859375 0 0,681640625 0 0,681640625 0,03515625 0,5859375 0,03515625
2 0,529296875 0 0,626953125 0 0,626953125 0,048828125 0,529296875 0,048828125
9 0,490234375 0 0,58203125 0 0,58203125 0,0546875 0,490234375 0,0546875
1 0,47265625 0 0,544921875 0 0,544921875 0,06640625 0,47265625 0,06640625
35 0,170247395833333 0,712673611111111 0,256184895833333 0,712673611111111 0,256184895833333 0,808680555555556 0,170247395833333 0,808680555555556
27 0,135611979166667 0,722048611111111 0,221549479166667 0,722048611111111 0,221549479166667 0,818055555555556 0,135611979166667 0,818055555555556
22 0,101822916666667 0,729513888888889 0,185677083333333 0,729513888888889 0,185677083333333 0,823480902777778 0,101822916666667 0,823480902777778
4 0,053515625 0,739409722222222 0,139453125 0,739409722222222 0,139453125 0,835416666666667 0,053515625 0,835416666666667
0 0,0197916666666667 0,747764756944444 0,105729166666667 0,747764756944444 0,105729166666667 0,843771701388889 0,0197916666666667 0,843771701388889
8 0 0,75390625 0,068359375 0,75390625 0,068359375 0,8515625 0 0,8515625
12 0,6533203125 0,3759765625 0,7607421875 0,3759765625 0,7607421875 0,4677734375 0,6533203125 0,4677734375
30 0,6064453125 0,3759765625 0,7216796875 0,3759765625 0,7216796875 0,4814453125 0,6064453125 0,4814453125
10 0,5654296875 0,3759765625 0,6728515625 0,3759765625 0,6728515625 0,4912109375 0,5654296875 0,4912109375
6 0,5029296875 0,3759765625 0,6142578125 0,3759765625 0,6142578125 0,5068359375 0,5029296875 0,5068359375
1 0,4736328125 0,3759765625 0,5712890625 0,3759765625 0,5712890625 0,5224609375 0,4736328125 0,5224609375
5 0,4736328125 0,3759765625 0,5302734375 0,3759765625 0,5302734375 0,5322265625 0,4736328125 0,5322265625