31 0 0,001953125 0,03125 0,001953125 0,03125 0,0859375 0 0,0859375
24 0 0,001953125 0,08203125 0,001953125 0,08203125 0,09375 0 0,09375
19 0,0322265625 0,0029296875 0,1337890625 0,0029296875 0,1337890625 0,1005859375 0,0322265625 0,1005859375
9 0,0983796296296297 0,0068359375 0,200810185185185 0,0068359375 0,200810185185185 0,1181640625 0,0983796296296297 0,1181640625
9 0,147026909722222 0,017578125 0,249312789351852 0,017578125 0,249312789351852 0,126953125 0,147026909722222 0,126953125
7 0,193431712962963 0,0244140625 0,296296296296296 0,0244140625 0,296296296296296 0,1416015625 0,193431712962963 0,1416015625
43 1 0,024442703125 0,950421087890625 0,0029296875 0,588595255859375 0,0029296875 0,586513142578125 0,009693283203125 1 0,16606012109375 1 0,024442703125
6 1 0,213237353515625 0,56201194921875 0,053529708984375 0,51779826953125 0,170145466796875 1 0,368021873046875 1 0,213237353515625
9 1 0,357734365234375 0,522571302734375 0,183670703125 0,489181126953125 0,3026035390625 0,95210419921875 0,47883987890625 1 0,364697244140625 1 0,357734365234375
9 0,563994041015625 0,4853515625 0,945797701171875 0,4853515625 0,951281951171875 0,465663158203125 0,50648509375 0,3245353671875 0,462168271484375 0,454369443359375 0,563994041015625 0,4853515625
29 0,3974609375 0,5419921875 0,6240234375 0,5419921875 0,6240234375 0,8564453125 0,3974609375 0,8564453125
23 0,516022858796296 0,576171875 0,750108506944444 0,576171875 0,750108506944444 0,8828125 0,516022858796296 0,8828125
0 0,69310619212963 0,6201171875 0,9267578125 0,6201171875 0,9267578125 0,9208984375 0,69310619212963 0,9208984375
6 0,8125 0,64453125 1 0,64453125 1 0,947265625 0,8125 0,947265625