48 0,9296875 0,349609375 1 0,349609375 1 0,435546875 0,9296875 0,435546875
39 0,900600405092593 0,346903935185185 0,976063368055556 0,346903935185185 0,976063368055556 0,433564814814815 0,900600405092593 0,433564814814815
39 0,867238136574074 0,336653645833333 0,942730034722222 0,336653645833333 0,942730034722222 0,425267650462963 0,867238136574074 0,425267650462963
7 0,823090277777778 0,32357494212963 0,902488425925926 0,32357494212963 0,902488425925926 0,41224681712963 0,823090277777778 0,41224681712963
5 0,788765914351852 0,314344618055556 0,866182002314815 0,314344618055556 0,866182002314815 0,40103443287037 0,788765914351852 0,40103443287037
3 0,759382233796296 0,308919270833333 0,836769386574074 0,308919270833333 0,836769386574074 0,393655960648148 0,759382233796296 0,393655960648148
10 0,146936138671875 0,85435099609375 0,197804474609375 0,70659338671875 0,1321966171875 0,704961287109375 0,071324845703125 0,859157875 0,146936138671875 0,85435099609375
11 0,142490919921875 0,713555943359375 0,0619139296875 0,710569259765625 0,03446655078125 0,7860919375 0,0088958515625 0,85990933203125 0,083721955078125 0,862367642578125 0,142490919921875 0,713555943359375
30 0 0,8733954453125 0,0171031953125 0,872515623046875 0,074201220703125 0,719889009765625 0 0,725555400390625 0 0,8733954453125
25 0,3857421875 0,5888671875 0,3857421875 0,654250158203125 0,73181339453125 0,59160530078125 0,73121064453125 0,5888671875 0,3857421875 0,5888671875
9 0,399259873046875 0,70945603515625 0,4552793828125 0,848549046875 0,801210587890625 0,75223773046875 0,752914671875 0,644066654296875 0,637018267578125 0,72430423046875 0,5774706953125 0,683719708984375 0,399259873046875 0,70945603515625
7 0,867475234375 0,887317697265625 0,818469951171875 0,784349607421875 0,415463087890625 0,842631908203125 0,487350484375 0,99811929296875 0,867475234375 0,887317697265625
2 0,944561408203125 1 0,8881339375 0,899079755859375 0,51750166015625 0,985989451171875 0,522860064453125 1 0,944561408203125 1