3 0 0,361328125 0,060546875 0,361328125 0,060546875 0,515625 0 0,515625
4 0,0395833333333333 0,361624710648148 0,123003472222222 0,361624710648148 0,123003472222222 0,514503761574074 0,0395833333333333 0,514503761574074
2 0,0991970486111111 0,356206597222222 0,180750868055555 0,356206597222222 0,180750868055555 0,512977430555556 0,0991970486111111 0,512977430555556
35 0,421102072265625 0 0,39477088671875 0,00348318359375 0,4071000390625 0,11644741796875 0,4566599375 0,11332582421875 0,447034650390625 0 0,421102072265625 0
11 0,435546875 0 0,501953125 0 0,501953125 0,111328125 0,435546875 0,111328125
28 0,4765625 0 0,544921875 0 0,544921875 0,107421875 0,4765625 0,107421875
0 0,541015625 0 0,603515625 0 0,603515625 0,103515625 0,541015625 0,103515625
0 0,583984375 0 0,650390625 0 0,650390625 0,1015625 0,583984375 0,1015625
6 0,62890625 0 0,6953125 0 0,6953125 0,099609375 0,62890625 0,099609375
9 0 0,80078125 0,033203125 0,80078125 0,033203125 0,8671875 0 0,8671875
9 0,0200520833333333 0,800094039351852 0,05859375 0,800094039351852 0,05859375 0,866717303240741 0,0200520833333333 0,866717303240741
0 0,0455078125 0,797352430555556 0,0840494791666667 0,797352430555556 0,0840494791666667 0,863975694444444 0,0455078125 0,863975694444444