31 0,29629359375 0,232907896484375 0,3448228359375 0,0428858359375 0,26740499609375 0,022707587890625 0,221778734375 0,21749153515625 0,29629359375 0,232907896484375
22 0,225303060546875 0,21568844140625 0,268879966796875 0,0245106796875 0,192628123046875 0,0059582734375 0,14414905859375 0,193945669921875 0,225303060546875 0,21568844140625
11 0,12113302734375 0 0,0677286171875 0,175454962890625 0,14635482421875 0,200688744140625 0,192713611328125 0,01084401953125 0,131429025390625 0 0,12113302734375 0
5 0,00101584375 0 0 0,00336823828125 0 0,1598799765625 0,038307103515625 0,166548423828125 0,087139662109375 0 0,00101584375 0
9 0,91015625 0 0,9921875 0 0,9921875 0,09765625 0,91015625 0,09765625
9 0,861328125 0 0,943359375 0 0,943359375 0,083984375 0,861328125 0,083984375
7 0,8203125 0 0,900390625 0 0,900390625 0,05859375 0,8203125 0,05859375
42 0,966796875 0,00390625 1 0,00390625 1 0,119140625 0,966796875 0,119140625
13 0,470703125 0,729396310546875 0,470703125 0,578125 0,393329236328125 0,578125 0,318866244140625 0,799637365234375 0,432039740234375 0,835751322265625 0,470703125 0,729396310546875
33 0,205078125 0,578125 0,408203125 0,578125 0,408203125 0,798828125 0,205078125 0,798828125
34 0,091796875 0,578125 0,28515625 0,578125 0,28515625 0,76953125 0,091796875 0,76953125
6 0 0,578125 0,1171875 0,578125 0,1171875 0,71875 0 0,71875