14 0,58515625 0,186451099537037 0,664019097222222 0,186451099537037 0,664019097222222 0,233687789351852 0,58515625 0,233687789351852
25 0,5673828125 0,185546875 0,6376953125 0,185546875 0,6376953125 0,234375 0,5673828125 0,234375
6 0,620182291666667 0,186921296296296 0,697092013888889 0,186921296296296 0,697092013888889 0,234013310185185 0,620182291666667 0,234013310185185
8 0,644552951388889 0,188187210648148 0,719422743055556 0,188187210648148 0,719422743055556 0,233181423611111 0,644552951388889 0,233181423611111
2 0,668836805555556 0,189163773148148 0,745659722222222 0,189163773148148 0,745659722222222 0,234302662037037 0,668836805555556 0,234302662037037
8 0 0,677734375 0,205078125 0,677734375 0,205078125 0,7265625 0 0,7265625
6 0 0,701171875 0,203125 0,701171875 0,203125 0,8203125 0 0,8203125
0 0 0,7890625 0,189453125 0,7890625 0,189453125 0,8984375 0 0,8984375
0 0,900390625 0,677734375 1 0,677734375 1 0,9921875 0,900390625 0,9921875
25 0,7119140625 0,677734375 0,9443359375 0,677734375 0,9443359375 0,982421875 0,7119140625 0,982421875
40 0,5966796875 0,677734375 0,8134765625 0,677734375 0,8134765625 0,97265625 0,5966796875 0,97265625
40 0,5673828125 0,677734375 0,6884765625 0,677734375 0,6884765625 0,9609375 0,5673828125 0,9609375