20 0,443359375 0 0,669921875 0 0,669921875 0,1171875 0,443359375 0,1171875
0 0,625 0 0,849609375 0 0,849609375 0,12890625 0,625 0,12890625
1 0,7734375 0 0,9921875 0 0,9921875 0,134765625 0,7734375 0,134765625
4 0,90625 0 1 0 1 0,15234375 0,90625 0,15234375
12 0,12364045703125 0,707878880859375 0,118122345703125 0,6001819453125 0,0487879453125 0,60197480078125 0,052970599609375 0,7110093828125 0,12364045703125 0,707878880859375
18 0,1557515390625 0,706964302734375 0,150879224609375 0,594969703125 0,08525129296875 0,599668595703125 0,08697021484375 0,70954023828125 0,1557515390625 0,706964302734375
21 0,201849048828125 0,70328666796875 0,15706907421875 0,588671962890625 0,118777376953125 0,5962368515625 0,11963844140625 0,706995513671875 0,201849048828125 0,70328666796875
8 0,250942453125 0,6991571015625 0,250079951171875 0,58756614453125 0,1778991484375 0,5892238515625 0,172718142578125 0,70135268359375 0,250942453125 0,6991571015625
1 0,28995305859375 0,699562033203125 0,283415080078125 0,5798546015625 0,215549529296875 0,58644559765625 0,214429779296875 0,70016655078125 0,28995305859375 0,699562033203125
5 0,334590205078125 0,576171875 0,263775796875 0,576171875 0,25386019140625 0,577010013671875 0,253534076171875 0,69787649609375 0,329190236328125 0,69260228515625 0,334590205078125 0,576171875
10 0,392578125 0,69140625 0,62109375 0,69140625 0,62109375 1 0,392578125 1
20 0,5234375 0,697265625 0,763671875 0,697265625 0,763671875 1 0,5234375 1
5 0,72265625 0,716796875 0,94921875 0,716796875 0,94921875 1 0,72265625 1
7 0,857421875 0,720703125 1 0,720703125 1 1 0,857421875 1