32 0 0,01953125 0,041015625 0,01953125 0,041015625 0,130859375 0 0,130859375
2 0,0196397569444444 0,0176576967592593 0,127640335648148 0,0176576967592593 0,127640335648148 0,1322265625 0,0196397569444444 0,1322265625
9 0,0812355324074074 0,0145688657407407 0,187210648148148 0,0145688657407407 0,187210648148148 0,127083333333333 0,0812355324074074 0,127083333333333
0 0,140769675925926 0,0124565972222221 0,246744791666667 0,0124565972222221 0,246744791666667 0,124971064814815 0,140769675925926 0,124971064814815
20 0 0,643703107421875 0,06174854296875 0,63754576953125 0,020386009765625 0,4107007578125 0 0,413253931640625 0 0,643703107421875
9 0,057883416015625 0,4033203125 0,053153859375 0,625866853515625 0,196876931640625 0,59499644140625 0,222612048828125 0,4033203125 0,057883416015625 0,4033203125
6 0,183969111328125 0,4033203125 0,170730671875 0,600836998046875 0,33055509375 0,56452761328125 0,328578103515625 0,4033203125 0,183969111328125 0,4033203125
5 0,290394734375 0,4033203125 0,289513974609375 0,564033111328125 0,43423004296875 0,526488236328125 0,443454529296875 0,4033203125 0,290394734375 0,4033203125
12 0,4990234375 0,6357421875 0,5947265625 0,6357421875 0,5947265625 0,8095703125 0,4990234375 0,8095703125
16 0,543330439814815 0,622352430555556 0,679036458333333 0,622352430555556 0,679036458333333 0,800737847222222 0,543330439814815 0,800737847222222
31 0,630714699074074 0,609563078703704 0,756510416666667 0,609563078703704 0,756510416666667 0,78353587962963 0,630714699074074 0,78353587962963
0 0,745551215277778 0,585857928240741 0,875325520833333 0,585857928240741 0,875325520833333 0,761986400462963 0,745551215277778 0,761986400462963
7 0,825882523148148 0,572916666666667 0,955729166666667 0,572916666666667 0,955729166666667 0,750998263888889 0,825882523148148 0,750998263888889
2 0,91015625 0,55859375 1 0,55859375 1 0,734375 0,91015625 0,734375