10 0,414127604166667 0,167679398148148 0,578841145833333 0,167679398148148 0,578841145833333 0,423596643518519 0,414127604166667 0,423596643518519
6 0,0499348958333333 0,177517361111111 0,2369140625 0,177517361111111 0,2369140625 0,44642650462963 0,0499348958333333 0,44642650462963
0 0,274544270833333 0,175086805555556 0,439127604166667 0,175086805555556 0,439127604166667 0,429050925925926 0,274544270833333 0,429050925925926
47 0,515625 0,15625 0,6171875 0,15625 0,6171875 0,412109375 0,515625 0,412109375
0 0,175911458333333 0,172229456018518 0,337369791666667 0,172229456018518 0,337369791666667 0,437680844907407 0,175911458333333 0,437680844907407
31 0,880859375 0 1 0 1 0,341796875 0,880859375 0,341796875
22 0,7353515625 0,00659722222222225 0,956705729166667 0,00659722222222225 0,956705729166667 0,353414351851852 0,7353515625 0,353414351851852
0 0,6015625 0,013671875 0,765625 0,013671875 0,765625 0,357421875 0,6015625 0,357421875
50 0,068359375 0,66796875 0,2265625 0,66796875 0,2265625 0,724609375 0,068359375 0,724609375
44 0,71484375 0,7890625 0,89453125 0,7890625 0,89453125 1 0,71484375 1
44 0,833984375 0,77734375 0,9921875 0,77734375 0,9921875 1 0,833984375 1
44 0,908203125 0,767578125 1 0,767578125 1 1 0,908203125 1