24 0 0,1217548203125 0,0159515078125 0,177009693359375 0,085468673828125 0,16953115625 0,05255539453125 0,04865935546875 0 0,05391540625 0 0,1217548203125
35 0,1420776484375 0,162142384765625 0,110091251953125 0,039172 0,03822672265625 0,05075783984375 0,06805305859375 0,17274742578125 0,1420776484375 0,162142384765625
18 0,095486111111111 0,0228226273148149 0,198263888888889 0,0228226273148149 0,198263888888889 0,169451678240741 0,095486111111111 0,169451678240741
9 0,171809895833333 0,019849537037037 0,2744140625 0,019849537037037 0,2744140625 0,158666087962963 0,171809895833333 0,158666087962963
5 0,229405381944445 0,0118778935185185 0,334092881944444 0,0118778935185185 0,334092881944444 0,156655092592593 0,229405381944445 0,156655092592593
9 0,388823517578125 0,12934186328125 0,367204462890625 0,014693529296875 0,292637861328125 0,023747265625 0,3200238359375 0,15381275 0,388823517578125 0,12934186328125
25 0,211271615234375 0,67716549609375 0,1869656484375 0,57674829296875 0,13888494921875 0,567938826171875 0,161834626953125 0,681185619140625 0,211271615234375 0,67716549609375
29 0,241763189453125 0,67411607421875 0,223697220703125 0,568267787109375 0,17317198828125 0,57033334375 0,193111439453125 0,677344111328125 0,241763189453125 0,67411607421875
20 0,22698499609375 0,677702658203125 0,2843855234375 0,6755864140625 0,2555266484375 0,622578818359375 0,264871134765625 0,56865617578125 0,207661349609375 0,56928589453125 0,22698499609375 0,677702658203125
5 0,334055794921875 0,674969478515625 0,310872732421875 0,56477669921875 0,25640118359375 0,567425513671875 0,280266580078125 0,67605080078125 0,334055794921875 0,674969478515625
6 0,37162065234375 0,67710434765625 0,351686072265625 0,568768548828125 0,29602907421875 0,5686061171875 0,3185526171875 0,6770056953125 0,37162065234375 0,67710434765625
1 0,410099435546875 0,675635513671875 0,38673815625 0,56200051953125 0,33622366015625 0,568687583984375 0,354129833984375 0,67640991015625 0,410099435546875 0,675635513671875
13 0,597853142578125 0,79603187109375 0,686973287109375 0,770887228515625 0,642657875 0,577791708984375 0,54865821484375 0,600221859375 0,597853142578125 0,79603187109375
24 0,768408216796875 0,74726497265625 0,723317326171875 0,555743884765625 0,6331703515625 0,57736038671875 0,678783068359375 0,771703681640625 0,768408216796875 0,74726497265625
13 0,851987314453125 0,723155375 0,80620673828125 0,531796501953125 0,714219177734375 0,55601697265625 0,759544427734375 0,749655859375 0,851987314453125 0,723155375
3 0,965313126953125 0,695206666015625 0,923918134765625 0,493538333984375 0,824797728515625 0,5199267734375 0,877161775390625 0,719483162109375 0,965313126953125 0,695206666015625
6 1 0,478515625 0,981322775390625 0,478515625 0,91090709765625 0,49305098828125 0,95832036328125 0,6942319765625 1 0,685890263671875 1 0,478515625