6 0,414192708333333 0,285460069444444 0,550347222222222 0,285460069444444 0,550347222222222 0,481119791666667 0,414192708333333 0,481119791666667
6 0,337102141203704 0,283116319444444 0,4712890625 0,283116319444444 0,4712890625 0,476736111111111 0,337102141203704 0,476736111111111
3 0,249240451388889 0,270876736111111 0,395232928240741 0,270876736111111 0,395232928240741 0,476736111111111 0,249240451388889 0,476736111111111
36 0,134078414351852 0,276432291666667 0,270232928240741 0,276432291666667 0,270232928240741 0,472092013888889 0,134078414351852 0,472092013888889
20 0 0,271484375 0,107421875 0,271484375 0,107421875 0,48046875 0 0,48046875
50 0,055005787037037 0,272135416666667 0,191189236111111 0,272135416666667 0,191189236111111 0,471701388888889 0,055005787037037 0,471701388888889
4 0,669921875 0 0,734375 0 0,734375 0,169921875 0,669921875 0,169921875
8 0,6796875 0 0,8125 0 0,8125 0,171875 0,6796875 0,171875
48 0,0703125 0,59765625 0,33203125 0,59765625 0,33203125 0,67578125 0,0703125 0,67578125
40 0,34086212109375 0,74770551171875 0,333004845703125 0,653248548828125 0,079584732421875 0,669690982421875 0,084496056640625 0,761138796875 0,34086212109375 0,74770551171875
39 0,35927546875 0,831791259765625 0,34716538671875 0,747424310546875 0,08725717578125 0,764976291015625 0,09667658984375 0,859366759765625 0,35927546875 0,831791259765625
6 0,830570023148148 0,677105034722222 0,901287615740741 0,677105034722222 0,901287615740741 0,737087673611111 0,830570023148148 0,737087673611111
16 0,857913773148148 0,677756076388889 0,930570023148148 0,677756076388889 0,930570023148148 0,735872395833333 0,857913773148148 0,735872395833333
28 0,795360619140625 0,737276830078125 0,799908892578125 0,682823314453125 0,73333816015625 0,685685783203125 0,73271281640625 0,739764986328125 0,795360619140625 0,737276830078125
14 0,70379633203125 0,74321254296875 0,772485595703125 0,7422762890625 0,77138040234375 0,684345478515625 0,7037616640625 0,686080939453125 0,702687296875 0,68587458984375 0,70379633203125 0,74321254296875
24 0,828516326171875 0,7360283515625 0,823625875 0,67997684375 0,76013429296875 0,685189609375 0,762186701171875 0,7389911328125 0,828516326171875 0,7360283515625
7 0,859239689453125 0,7361344765625 0,872626474609375 0,680334201171875 0,801847724609375 0,6807730234375 0,816228150390625 0,737580251953125 0,859239689453125 0,7361344765625