10 0,8828125 0,322265625 1 0,322265625 1 0,546875 0,8828125 0,546875
31 0,763671875 0,28125 1 0,28125 1 0,546875 0,763671875 0,546875
22 0,6279296875 0,2470703125 0,8818359375 0,2470703125 0,8818359375 0,5478515625 0,6279296875 0,5478515625
0 0,4716796875 0,1904296875 0,7060546875 0,1904296875 0,7060546875 0,5419921875 0,4716796875 0,5419921875
4 0,4716796875 0,1591796875 0,5654296875 0,1591796875 0,5654296875 0,5048828125 0,4716796875 0,5048828125
10 0,2021484375 0,7119140625 0,4111328125 0,7119140625 0,4111328125 0,9990234375 0,2021484375 0,9990234375
32 0,114474826388889 0,683427372685185 0,316037326388889 0,683427372685185 0,316037326388889 0,967527488425926 0,114474826388889 0,967527488425926
21 0,0165798611111112 0,645348668981481 0,218185763888889 0,645348668981481 0,218185763888889 0,931401909722222 0,0165798611111112 0,931401909722222
1 0 0,59765625 0,080078125 0,59765625 0,080078125 0,876953125 0 0,876953125
20 0,859375 0,548828125 1 0,548828125 1 0,611328125 0,859375 0,611328125
43 0,7763671875 0,5498046875 0,9404296875 0,5498046875 0,9404296875 0,5927734375 0,7763671875 0,5927734375