16 0,311284722222222 0,191080729166667 0,390625 0,191080729166667 0,390625 0,273039641203704 0,311284722222222 0,273039641203704
25 0,285821759259259 0,187427662037037 0,357320601851852 0,187427662037037 0,357320601851852 0,267144097222222 0,285821759259259 0,267144097222222
11 0,258420138888889 0,184389467592593 0,333796296296296 0,184389467592593 0,333796296296296 0,262297453703704 0,258420138888889 0,262297453703704
9 0,213368055555555 0,177408854166667 0,284866898148148 0,177408854166667 0,284866898148148 0,257125289351852 0,213368055555555 0,257125289351852
3 0,1908203125 0,172453703703704 0,260394965277778 0,172453703703704 0,260394965277778 0,254050925925926 0,1908203125 0,254050925925926
4 0,166333912037037 0,168402777777778 0,237803819444444 0,168402777777778 0,237803819444444 0,246166087962963 0,166333912037037 0,246166087962963
19 0,91015625 0,08984375 1 0,08984375 1 0,474609375 0,91015625 0,474609375
32 0,80078125 0,0625 1 0,0625 1 0,455078125 0,80078125 0,455078125
14 0,693004918981482 0,0440176504629629 0,923140914351852 0,0440176504629629 0,923140914351852 0,422417534722222 0,693004918981482 0,422417534722222
5 0,543988715277778 0,0105975115740741 0,770160590277778 0,0105975115740741 0,770160590277778 0,384946469907407 0,543988715277778 0,384946469907407
5 0,4296875 0,0009765625 0,66015625 0,0009765625 0,66015625 0,3642578125 0,4296875 0,3642578125
2 0,40625 0,0009765625 0,546875 0,0009765625 0,546875 0,3388671875 0,40625 0,3388671875
10 0,282161802734375 0,9990234375 0,43359375 0,9990234375 0,43359375 0,72594838671875 0,282161802734375 0,9990234375
12 0,16796875 0,6904296875 0,3984375 0,6904296875 0,3984375 0,9990234375 0,16796875 0,9990234375
2 0 0,662109375 0,216796875 0,662109375 0,216796875 0,986328125 0 0,986328125
9 0 0,9613190546875 0,0021469453125 0,961665296875 0,087617509765625 0,66636326171875 0 0,652918611328125 0 0,9613190546875
33 0,907939794921875 0,765343962890625 0,843659759765625 0,75436306640625 0,7952026796875 0,892872798828125 0,86349046484375 0,90489482421875 0,907939794921875 0,765343962890625
18 0,857296673828125 0,753864525390625 0,85658144140625 0,75417091015625 0,829706947265625 0,74753983203125 0,7732830703125 0,886509607421875 0,80346001953125 0,892385951171875 0,857296673828125 0,753864525390625
13 0,785033669921875 0,8860167890625 0,83625023046875 0,747263458984375 0,782451830078125 0,733724873046875 0,73356103125 0,87568749609375 0,785033669921875 0,8860167890625
6 0,69967765625 0,867203095703125 0,753052947265625 0,72229841796875 0,70102923828125 0,7130492890625 0,64839561328125 0,855625603515625 0,69967765625 0,867203095703125
5 0,65895521875 0,856162318359375 0,7126660703125 0,712430013671875 0,666262509765625 0,695510869140625 0,608973630859375 0,84521112890625 0,65895521875 0,856162318359375
1 0,617110484375 0,844188462890625 0,676386966796875 0,69747782421875 0,64517625 0,692824353515625 0,58077243359375 0,8359209765625 0,617110484375 0,844188462890625