17 0,216796875 0,0615234375 0,314453125 0,0615234375 0,314453125 0,3212890625 0,216796875 0,3212890625
23 0,254528356481481 0,0664858217592593 0,445732060185185 0,0664858217592593 0,445732060185185 0,323415798611111 0,254528356481481 0,323415798611111
20 0,386248553240741 0,0694733796296296 0,569697627314815 0,0694733796296296 0,569697627314815 0,330251736111111 0,386248553240741 0,330251736111111
2 0,580555555555556 0,071997974537037 0,756163194444444 0,071997974537037 0,756163194444444 0,330765335648148 0,580555555555556 0,330765335648148
2 0,701721643518519 0,0778211805555555 0,892780671296296 0,0778211805555555 0,892780671296296 0,324985532407407 0,701721643518519 0,324985532407407
0 0,828125 0,0703125 1 0,0703125 1 0,33203125 0,828125 0,33203125
10 0,0803891782407408 0,840899884259259 0,143583622685185 0,840899884259259 0,143583622685185 0,893778935185185 0,0803891782407408 0,893778935185185
33 0,0979528356481481 0,841731770833333 0,163100405092593 0,841731770833333 0,163100405092593 0,894625289351852 0,0979528356481481 0,894625289351852
22 0,117469618055555 0,842563657407407 0,1826171875 0,842563657407407 0,1826171875 0,895457175925926 0,117469618055555 0,895457175925926
6 0,142860243055555 0,844328703703704 0,207978877314815 0,844328703703704 0,207978877314815 0,895269097222222 0,142860243055555 0,895269097222222
6 0,182841435185185 0,845985243055556 0,24798900462963 0,845985243055556 0,24798900462963 0,898878761574074 0,182841435185185 0,898878761574074
5 0,162348090277778 0,845160590277778 0,227495659722222 0,845160590277778 0,227495659722222 0,898054108796296 0,162348090277778 0,898054108796296
48 0,384592013888889 0,554405381944444 0,467809606481482 0,554405381944444 0,467809606481482 0,640632233796296 0,384592013888889 0,640632233796296
39 0,415784143518518 0,558094618055556 0,497048611111111 0,558094618055556 0,497048611111111 0,644307002314815 0,415784143518518 0,644307002314815
39 0,449963831018518 0,555888310185185 0,531257233796296 0,555888310185185 0,531257233796296 0,644053819444444 0,449963831018518 0,644053819444444
7 0,491984953703704 0,553595196759259 0,577184606481482 0,553595196759259 0,577184606481482 0,641789641203704 0,491984953703704 0,641789641203704
5 0,528161168981481 0,552350983796296 0,613331886574074 0,552350983796296 0,613331886574074 0,638592303240741 0,528161168981481 0,638592303240741
3 0,559396701388889 0,555063657407407 0,642585358796296 0,555063657407407 0,642585358796296 0,639337384259259 0,559396701388889 0,639337384259259