6 0,751215277777778 0,204390914351852 0,791116898148148 0,204390914351852 0,791116898148148 0,261552372685185 0,751215277777778 0,261552372685185
16 0,777683738425926 0,199898726851852 0,819509548611111 0,199898726851852 0,819509548611111 0,25513599537037 0,777683738425926 0,25513599537037
28 0,694845701171875 0,2803252265625 0,68188184375 0,23103080078125 0,652653384765625 0,2396919609375 0,6672829375 0,28829141796875 0,694845701171875 0,2803252265625
14 0,639302037109375 0,298069681640625 0,67122021484375 0,290616259765625 0,654888384765625 0,238597869140625 0,623689806640625 0,246667369140625 0,623130251953125 0,246585103515625 0,639302037109375 0,298069681640625
24 0,724335755859375 0,272477771484375 0,7067060078125 0,222493314453125 0,679022869140625 0,233134375 0,6947335703125 0,281359947265625 0,724335755859375 0,272477771484375
7 0,761583841796875 0,2641563203125 0,7526672109375 0,21273851953125 0,718686955078125 0,220064599609375 0,7412590859375 0,26966710546875 0,761583841796875 0,2641563203125
50 0,056937419921875 0,509765625 0,055604892578125 0,574518541015625 0,27953873046875 0,58902037109375 0,283420728515625 0,509765625 0,056937419921875 0,509765625
31 0,280461341796875 0,657522314453125 0,281004931640625 0,603067841796875 0,05974833984375 0,578814208984375 0,058597626953125 0,66275864453125 0,280461341796875 0,657522314453125
50 0,27502648046875 0,75839989453125 0,27420926953125 0,671863298828125 0,053668185546875 0,668048732421875 0,05370701171875 0,750314763671875 0,27502648046875 0,75839989453125
8 0,05006623046875 0,861157 0,266331025390625 0,86573620703125 0,261013001953125 0,78733674609375 0,058940212890625 0,794953701171875 0,0489450703125 0,789365380859375 0,05006623046875 0,861157
9 0,257828037109375 0,949531529296875 0,257377619140625 0,87321446484375 0,0534026328125 0,870866771484375 0,045303896484375 0,9413406328125 0,257828037109375 0,949531529296875
9 0,249958779296875 1 0,254067234375 0,953143216796875 0,046174306640625 0,954407208984375 0,048249037109375 1 0,249958779296875 1
29 0,831597222222222 0,803479456018519 0,867592592592593 0,803479456018519 0,867592592592593 0,860583043981481 0,831597222222222 0,860583043981481
29 0,852220775462963 0,797923900462963 0,888187210648148 0,797923900462963 0,888187210648148 0,853074363425926 0,852220775462963 0,853074363425926
16 0,873791956018519 0,7904296875 0,909787326388889 0,7904296875 0,909787326388889 0,847533275462963 0,873791956018519 0,847533275462963
4 0,903175636574074 0,785004340277778 0,937217881944444 0,785004340277778 0,937217881944444 0,842078993055555 0,903175636574074 0,842078993055555
9 0,922808159722222 0,77845775462963 0,958803530092593 0,77845775462963 0,958803530092593 0,835561342592593 0,922808159722222 0,835561342592593
0 0,94439380787037 0,771940104166667 0,980389178240741 0,771940104166667 0,980389178240741 0,82904369212963 0,94439380787037 0,82904369212963