10 0,115805298828125 0,29823206640625 0,18800651953125 0,1383716484375 0,160470791015625 0,120095978515625 0,084252390625 0,278096388671875 0,115805298828125 0,29823206640625
11 0,0846571640625 0,279423076171875 0,160359064453125 0,120323583984375 0,12626398046875 0,10012278125 0,05771076953125 0,25687468359375 0,0846571640625 0,279423076171875
20 0,128616841796875 0,102321470703125 0,091870966796875 0,0849431171875 0,0665879140625 0,168456703125 0,018349947265625 0,243008587890625 0,054733603515625 0,262754244140625 0,128616841796875 0,102321470703125
5 0 0,236854728515625 0,00683803515625 0,242741765625 0,085361830078125 0,084630810546875 0,052118322265625 0,06564615234375 0 0,180762015625 0 0,236854728515625
8 0 0,181255291015625 0,050445455078125 0,06835153515625 0,026575109375 0,054017033203125 0 0,1043500546875 0 0,181255291015625
18 0,878747106481481 0,222374131944445 0,930598958333333 0,222374131944445 0,930598958333333 0,295681423611111 0,878747106481481 0,295681423611111
23 0,843663194444444 0,216232638888889 0,899450231481482 0,216232638888889 0,899450231481482 0,291579861111111 0,843663194444444 0,291579861111111
35 0,807747395833333 0,206293402777778 0,8634765625 0,206293402777778 0,8634765625 0,277734375 0,807747395833333 0,277734375
6 0,761060474537037 0,196592881944444 0,816760706018518 0,196592881944444 0,816760706018518 0,266080729166667 0,761060474537037 0,266080729166667
9 0,728920717592593 0,189583333333333 0,780743634259259 0,189583333333333 0,780743634259259 0,2609375 0,728920717592593 0,2609375
6 0,693880208333333 0,180555555555556 0,747685185185185 0,180555555555556 0,747685185185185 0,25390625 0,693880208333333 0,25390625
36 0,359375 0,5 0,431640625 0,5 0,431640625 0,615234375 0,359375 0,615234375
0 0,267578125 0,5 0,37890625 0,5 0,37890625 0,58984375 0,267578125 0,58984375
44 0,205078125 0,5 0,31640625 0,5 0,31640625 0,5703125 0,205078125 0,5703125
44 0,134765625 0,5 0,248046875 0,5 0,248046875 0,552734375 0,134765625 0,552734375