9 0,417137763671875 0,4765625 0,42886891015625 0,375729056640625 0,270088537109375 0,3553533046875 0,275430970703125 0,4765625 0,417137763671875 0,4765625
6 0,298676494140625 0,4765625 0,29460177734375 0,347674310546875 0,15921349609375 0,325743572265625 0,150340283203125 0,4765625 0,298676494140625 0,4765625
5 0,17738117578125 0,4765625 0,178410845703125 0,325147630859375 0,041218712890625 0,2975641328125 0,04573834765625 0,4765625 0,17738117578125 0,4765625
18 0,861328125 0,0625 1 0,0625 1 0,33984375 0,861328125 0,33984375
11 0,874380884765625 0,335075494140625 0,892742908203125 0,06877932421875 0,75952376171875 0,073220416015625 0,732636552734375 0,3437355234375 0,874380884765625 0,335075494140625
27 0,641006416015625 0,243172998046875 0,60225411328125 0,36107043359375 0,747437751953125 0,3523918515625 0,76637220703125 0,070414888671875 0,653072234375 0,066409861328125 0,59565075 0,12963637890625 0,641006416015625 0,243172998046875
0 0,45703125 0,367867828125 0,569387076171875 0,358464732421875 0,577555734375 0,072288828125 0,45703125 0,087486453125 0,45703125 0,367867828125
16 0,182494212962963 0,799117476851852 0,251461226851852 0,799117476851852 0,251461226851852 0,87890625 0,182494212962963 0,87890625
15 0,140516493055556 0,798647280092593 0,211436631944445 0,798647280092593 0,211436631944445 0,878508391203704 0,140516493055556 0,878508391203704
29 0,094654224537037 0,795392071759259 0,167527488425926 0,795392071759259 0,167527488425926 0,875325520833333 0,094654224537037 0,875325520833333
5 0,0302445023148148 0,791919849537037 0,103117766203704 0,791919849537037 0,103117766203704 0,871853298611111 0,0302445023148148 0,871853298611111
5 0 0,787109375 0,056640625 0,787109375 0,056640625 0,869140625 0 0,869140625
10 0,955078125 0,599609375 1 0,599609375 1 0,775390625 0,955078125 0,775390625
2 0,853313078703704 0,592303240740741 0,960054976851852 0,592303240740741 0,960054976851852 0,763310185185185 0,853313078703704 0,763310185185185
5 0,784006076388889 0,589156539351852 0,88685619212963 0,589156539351852 0,88685619212963 0,76197193287037 0,784006076388889 0,76197193287037
5 0,70884693287037 0,583080150462963 0,813679108796296 0,583080150462963 0,813679108796296 0,759874131944444 0,70884693287037 0,759874131944444
26 1 0,532155984375 0,72082006640625 0,516705673828125 0,697939828125 0,536260369140625 0,67387559765625 0,82970120703125 0,69085905859375 0,84992804296875 1 0,86213372265625 1 0,532155984375