2 0,49609375 0,12773786328125 0,49609375 0,08075389453125 0,437711943359375 0,080727892578125 0,4216473515625 0,209423107421875 0,490430779296875 0,211809177734375 0,49609375 0,12773786328125
3 0,383384701171875 0,078379369140625 0,370681482421875 0,210204849609375 0,4324778359375 0,20866181640625 0,445977208984375 0,0815455703125 0,44501980078125 0,081152869140625 0,44649255078125 0,08076125390625 0,383384701171875 0,078379369140625
7 0,3769806953125 0,2094269453125 0,391748025390625 0,078775314453125 0,3303295859375 0,0779635546875 0,3190471328125 0,20743985546875 0,3769806953125 0,2094269453125
36 0,733094618055556 0,0986834490740741 0,842513020833333 0,0986834490740741 0,842513020833333 0,283029513888889 0,733094618055556 0,283029513888889
10 0,807660590277778 0,110561342592593 0,915299479166667 0,110561342592593 0,915299479166667 0,302618634259259 0,807660590277778 0,302618634259259
44 0,48046875 0,0576171875 0,580078125 0,0576171875 0,580078125 0,2373046875 0,48046875 0,2373046875
22 0,656488715277778 0,0828993055555556 0,769900173611111 0,0828993055555556 0,769900173611111 0,271354166666667 0,656488715277778 0,271354166666667
0 0,552452256944444 0,0650318287037037 0,661870659722222 0,0650318287037037 0,661870659722222 0,249377893518518 0,552452256944444 0,249377893518518
10 0,224950279296875 0,605916208984375 0,17731318359375 0,606314029296875 0,16495099609375 0,6698805078125 0,220998568359375 0,664467005859375 0,224950279296875 0,605916208984375
20 0,184468056640625 0,605931080078125 0,1239436640625 0,604653083984375 0,124040259765625 0,671480294921875 0,17839398046875 0,663149759765625 0,184468056640625 0,605931080078125
13 0,13979900390625 0,666209162109375 0,1389832890625 0,603867322265625 0,090333890625 0,603010138671875 0,077691279296875 0,66367194921875 0,13979900390625 0,666209162109375
2 0,086621357421875 0,601785453125 0,029991521484375 0,603853005859375 0,025457103515625 0,664126591796875 0,082054171875 0,66289571484375 0,086621357421875 0,601785453125
2 0 0,665702228515625 0,038385091796875 0,66364406640625 0,043268748046875 0,60297709375 0 0,60459134765625 0 0,665702228515625
14 0,813506638671875 0,75399465234375 0,82421050390625 0,611727994140625 0,761074400390625 0,61089093359375 0,750003474609375 0,753393783203125 0,813506638671875 0,75399465234375
13 0,76388948046875 0,751709087890625 0,772090068359375 0,611707080078125 0,71159618359375 0,610298580078125 0,70050498046875 0,750535708984375 0,76388948046875 0,751709087890625
30 0,712511169921875 0,75224418359375 0,72357726171875 0,60888879296875 0,660287044921875 0,60519016796875 0,652712201171875 0,747069232421875 0,712511169921875 0,75224418359375
0 0,646357658203125 0,745998625 0,654109951171875 0,600106640625 0,593218150390625 0,599507548828125 0,584038181640625 0,744826447265625 0,646357658203125 0,745998625
4 0,598422896484375 0,7431491796875 0,60407478515625 0,6010491484375 0,547761798828125 0,59835225390625 0,53568301953125 0,74140427734375 0,598422896484375 0,7431491796875
5 0,5496792578125 0,741992947265625 0,559851390625 0,596065259765625 0,494321556640625 0,59493580078125 0,486746912109375 0,738532091796875 0,5496792578125 0,741992947265625