6 0,1982421875 0,32421875 0,3525390625 0,32421875 0,3525390625 0,51953125 0,1982421875 0,51953125
1 0,1279296875 0,3125 0,2587890625 0,3125 0,2587890625 0,51953125 0,1279296875 0,51953125
9 0,3017578125 0,353515625 0,3701171875 0,353515625 0,3701171875 0,51953125 0,3017578125 0,51953125
21 0,970772701171875 0,51953125 0,9964004921875 0,42079637109375 0,93983045703125 0,403171642578125 0,909359173828125 0,51953125 0,970772701171875 0,51953125
24 0,906614560546875 0,51953125 0,93884855078125 0,39570155859375 0,887156736328125 0,37677988671875 0,849710123046875 0,51953125 0,906614560546875 0,51953125
21 0,79703716796875 0,495413025390625 0,789964130859375 0,51953125 0,8488000546875 0,51953125 0,884671841796875 0,3744035234375 0,862429763671875 0,363585876953125 0,827733216796875 0,501858931640625 0,79703716796875 0,495413025390625
4 0,7672293203125 0,51953125 0,771939171875 0,51953125 0,81016025390625 0,351535828125 0,773392203125 0,32979080078125 0,71531098046875 0,50240406640625 0,7672293203125 0,51953125
0 0,719331078125 0,505134123046875 0,766433154296875 0,33084672265625 0,72217920703125 0,310751244140625 0,6732713671875 0,483614109375 0,719331078125 0,505134123046875
3 0,67055625390625 0,291591154296875 0,626328818359375 0,464104775390625 0,674686119140625 0,4842081171875 0,719631025390625 0,31031306640625 0,67055625390625 0,291591154296875
19 0,042808505859375 0,696803625 0,04982501171875 0,657623005859375 0,022253078125 0,651060845703125 0,013523162109375 0,68948291796875 0,042808505859375 0,696803625
14 0 0,685795654296875 0,0146050859375 0,689557705078125 0,023298599609375 0,65106414453125 0 0,645413044921875 0 0,685795654296875
10 0,921875 0,73046875 1 0,73046875 1 1 0,921875 1
31 0,802734375 0,693359375 1 0,693359375 1 1 0,802734375 1
22 0,6572265625 0,662109375 0,8779296875 0,662109375 0,8779296875 1 0,6572265625 1
0 0,479361979166667 0,610677083333333 0,691558159722222 0,610677083333333 0,691558159722222 0,95384837962963 0,479361979166667 0,95384837962963
4 0,3681640625 0,578125 0,5576171875 0,578125 0,5576171875 0,921875 0,3681640625 0,921875
4 0,3681640625 0,537109375 0,4267578125 0,537109375 0,4267578125 0,88671875 0,3681640625 0,88671875