28 0,0146484375 0,3896484375 0,1396484375 0,3896484375 0,1396484375 0,4736328125 0,0146484375 0,4736328125
24 0,0869140625 0,3935546875 0,2080078125 0,3935546875 0,2080078125 0,4736328125 0,0869140625 0,4736328125
29 0,1552734375 0,3955078125 0,2705078125 0,3955078125 0,2705078125 0,4736328125 0,1552734375 0,4736328125
0 0,2509765625 0,3955078125 0,3662109375 0,3955078125 0,3662109375 0,4736328125 0,2509765625 0,4736328125
6 0,3818359375 0,3837890625 0,5048828125 0,3837890625 0,5048828125 0,4736328125 0,3818359375 0,4736328125
0 0,3154296875 0,3916015625 0,4306640625 0,3916015625 0,4306640625 0,4736328125 0,3154296875 0,4736328125
22 0,666447271484375 0,32400641796875 0,7908541328125 0,321730005859375 0,721974337890625 0,128157384765625 0,58769346484375 0,130197990234375 0,666447271484375 0,32400641796875
3 0,805577025390625 0,319575970703125 0,919868126953125 0,3171531171875 0,88168355859375 0,124736224609375 0,743050607421875 0,12993799609375 0,805577025390625 0,319575970703125
6 1 0,12617672265625 0,86112798046875 0,124970568359375 0,897176357421875 0,32066603515625 1 0,320016490234375 1 0,12617672265625
21 0,0189670138888889 0,685264756944444 0,0907986111111111 0,685264756944444 0,0907986111111111 0,745826099537037 0,0189670138888889 0,745826099537037
30 0,0483506944444445 0,683094618055556 0,118229166666667 0,683094618055556 0,118229166666667 0,743540219907407 0,0483506944444445 0,743540219907407
13 0,0747612847222222 0,682703993055555 0,144639756944444 0,682703993055555 0,144639756944444 0,743149594907407 0,0747612847222222 0,743149594907407
8 0,112934027777778 0,6810546875 0,1828125 0,6810546875 0,1828125 0,741500289351852 0,112934027777778 0,741500289351852
0 0,140342881944444 0,67974537037037 0,210221354166667 0,67974537037037 0,210221354166667 0,740190972222222 0,140342881944444 0,740190972222222
1 0,166710069444445 0,67935474537037 0,236631944444444 0,67935474537037 0,236631944444444 0,741753472222222 0,166710069444445 0,741753472222222
10 0,691840277777778 0,555389178240741 0,859375 0,555389178240741 0,859375 0,797171585648148 0,691840277777778 0,797171585648148
44 0,931640625 0,533203125 1 0,533203125 1 0,796875 0,931640625 0,796875
10 0,605403645833333 0,557132523148148 0,769379340277778 0,557132523148148 0,769379340277778 0,814308449074074 0,605403645833333 0,814308449074074
43 0,794444444444445 0,55267650462963 0,969921875 0,55267650462963 0,969921875 0,80078125 0,794444444444445 0,80078125