0 0,20306712962963 0,0419270833333333 0,29419849537037 0,0419270833333333 0,29419849537037 0,148220486111111 0,20306712962963 0,148220486111111
43 0 0,09375 0,052734375 0,09375 0,052734375 0,216796875 0 0,216796875
1 0,11640625 0,0586154513888889 0,207653356481481 0,0586154513888889 0,207653356481481 0,168815104166667 0,11640625 0,168815104166667
2 0,157653356481481 0,0545789930555556 0,250795717592593 0,0545789930555556 0,250795717592593 0,162912326388889 0,157653356481481 0,162912326388889
43 0,0494502314814815 0,07421875 0,148509837962963 0,07421875 0,148509837962963 0,184765625 0,0494502314814815 0,184765625
50 0 0,0859375 0,099609375 0,0859375 0,099609375 0,20703125 0 0,20703125
13 0,5361328125 0,522233888671875 0,574639130859375 0,517531037109375 0,55365154296875 0,49622909375 0,5361328125 0,496979005859375 0,5361328125 0,522233888671875
31 0,05448826953125 0,7216796875 0,095811455078125 0,827373033203125 0,16526410546875 0,816298369140625 0,137539767578125 0,7216796875 0,05448826953125 0,7216796875
20 0,12096230859375 0,7216796875 0,14819658984375 0,81774853515625 0,231096607421875 0,809128205078125 0,206934736328125 0,7216796875 0,12096230859375 0,7216796875
20 0,18998019140625 0,7216796875 0,214858693359375 0,811280037109375 0,297848115234375 0,800546736328125 0,277491154296875 0,7216796875 0,18998019140625 0,7216796875
4 0,284823505859375 0,7216796875 0,301983400390625 0,798077283203125 0,388546365234375 0,792277689453125 0,37349822265625 0,7216796875 0,284823505859375 0,7216796875
8 0,355276833984375 0,7216796875 0,3706706875 0,792146517578125 0,453459853515625 0,786865640625 0,440712857421875 0,7216796875 0,355276833984375 0,7216796875
4 0,42262518359375 0,7216796875 0,435731224609375 0,78742803125 0,519181265625 0,77930524609375 0,51104166015625 0,7216796875 0,42262518359375 0,7216796875
9 0,834563078703704 0,777235243055556 0,882074652777778 0,777235243055556 0,882074652777778 0,793815104166667 0,834563078703704 0,793815104166667
7 0,852228009259259 0,775086805555556 0,899739583333333 0,775086805555556 0,899739583333333 0,791666666666667 0,852228009259259 0,791666666666667
3 0,8708984375 0,772005208333333 0,918410011574074 0,772005208333333 0,918410011574074 0,788585069444444 0,8708984375 0,788585069444444
24 0,788433159722222 0,7830078125 0,835944733796296 0,7830078125 0,835944733796296 0,799587673611111 0,788433159722222 0,799587673611111
19 0,770768229166667 0,78515625 0,818279803240741 0,78515625 0,818279803240741 0,801736111111111 0,770768229166667 0,801736111111111
21 0,807103587962963 0,779926215277778 0,854615162037037 0,779926215277778 0,854615162037037 0,796506076388889 0,807103587962963 0,796506076388889