28 0,109348537109375 0,22823360546875 0,11693323046875 0,0872323046875 0,023212583984375 0,078946669921875 0,019620046875 0,21995717578125 0,109348537109375 0,22823360546875
27 0,17140278515625 0,246221140625 0,182229236328125 0,099246759765625 0,087629736328125 0,08926610546875 0,079933599609375 0,232269134765625 0,17140278515625 0,246221140625
33 0,233731146484375 0,2606942578125 0,248970013671875 0,116002943359375 0,15698173046875 0,104024966796875 0,14331004296875 0,24758953515625 0,233731146484375 0,2606942578125
7 0,30938361328125 0,27648803515625 0,347860765625 0,135202548828125 0,24529633203125 0,124616177734375 0,235388533203125 0,266824140625 0,30938361328125 0,27648803515625
6 0,38115943359375 0,292300794921875 0,41029525390625 0,148192591796875 0,326857953125 0,139116783203125 0,291083998046875 0,279619078125 0,38115943359375 0,292300794921875
3 0,444384068359375 0,305970404296875 0,47703603125 0,16492815625 0,3895550625 0,15338825390625 0,35739700390625 0,2936521171875 0,444384068359375 0,305970404296875
29 0 0,775390625 0,046875 0,775390625 0,046875 0,875 0 0,875
21 0 0,78515625 0,0859375 0,78515625 0,0859375 0,88671875 0 0,88671875
10 0,039380787037037 0,791775173611111 0,130512152777778 0,791775173611111 0,130512152777778 0,896969039351852 0,039380787037037 0,896969039351852
0 0,0958478009259259 0,801265914351852 0,188874421296296 0,801265914351852 0,188874421296296 0,904564525462963 0,0958478009259259 0,904564525462963
5 0,13970630787037 0,807450810185185 0,22876880787037 0,807450810185185 0,22876880787037 0,908680555555555 0,13970630787037 0,908680555555555
0 0,181553819444444 0,817484085648148 0,272453703703704 0,817484085648148 0,272453703703704 0,914865451388889 0,181553819444444 0,914865451388889
26 0,712890625 0,5927734375 0,806640625 0,5927734375 0,806640625 0,7939453125 0,712890625 0,7939453125
3 0,77734375 0,5927734375 0,94140625 0,5927734375 0,94140625 0,8173828125 0,77734375 0,8173828125
0 0,880859375 0,623046875 1 0,623046875 1 0,837890625 0,880859375 0,837890625