3 0,175810185185185 0,128660300925926 0,352763310185185 0,128660300925926 0,352763310185185 0,352951388888889 0,175810185185185 0,352951388888889
0 0,2685546875 0,1455078125 0,4208984375 0,1455078125 0,4208984375 0,3642578125 0,2685546875 0,3642578125
28 0,761930958984375 0,073760462890625 0,71505980078125 0,067489072265625 0,698994515625 0,103121115234375 0,7463898828125 0,109875775390625 0,761930958984375 0,073760462890625
15 0,732471486328125 0,1056084140625 0,746968654296875 0,068225375 0,69936884765625 0,062384294921875 0,68595225390625 0,09779238671875 0,732471486328125 0,1056084140625
29 0,73342235546875 0,061561181640625 0,73351349609375 0,061112984375 0,680110482421875 0,056921896484375 0,671987912109375 0,09364973828125 0,71458826953125 0,09953402734375 0,73342235546875 0,061561181640625
2 0,69411133984375 0,0921237265625 0,711570228515625 0,05506230078125 0,668380814453125 0,04897890625 0,64560572265625 0,084805189453125 0,69411133984375 0,0921237265625
5 0,67830458984375 0,087551318359375 0,6964213046875 0,049634224609375 0,652441080078125 0,044260365234375 0,631304716796875 0,079964935546875 0,67830458984375 0,087551318359375
13 0,66427353125 0,083576912109375 0,68158442578125 0,04454090234375 0,63216353125 0,041005212890625 0,615781919921875 0,074660025390625 0,66427353125 0,083576912109375
6 0,2685546875 0,5087890625 0,4208984375 0,5087890625 0,4208984375 0,7216796875 0,2685546875 0,7216796875
3 0,186711516203704 0,496144386574074 0,347432002314815 0,496144386574074 0,347432002314815 0,708253761574074 0,186711516203704 0,708253761574074
7 0,117592592592593 0,479470486111111 0,268547453703704 0,479470486111111 0,268547453703704 0,691290509259259 0,117592592592593 0,691290509259259