22 0 0,025390625 0,169921875 0,025390625 0,169921875 0,3671875 0 0,3671875
0 0,1181640625 0 0,3427734375 0 0,3427734375 0,314453125 0,1181640625 0,314453125
4 0,2490234375 0 0,4716796875 0 0,4716796875 0,28515625 0,2490234375 0,28515625
4 0,3759765625 0 0,6044921875 0 0,6044921875 0,25 0,3759765625 0,25
15 0,336009837962963 0,700542534722222 0,390335648148148 0,700542534722222 0,390335648148148 0,769234664351852 0,336009837962963 0,769234664351852
31 0,366905381944445 0,693460648148148 0,42318431712963 0,693460648148148 0,42318431712963 0,76216724537037 0,366905381944445 0,76216724537037
25 0,400730613425926 0,68638599537037 0,454955150462963 0,68638599537037 0,454955150462963 0,753125 0,400730613425926 0,753125
1 0,443967013888889 0,672359664351852 0,502199074074074 0,672359664351852 0,502199074074074 0,741080729166667 0,443967013888889 0,741080729166667
7 0,477741608796296 0,664293981481481 0,536176215277778 0,664293981481481 0,536176215277778 0,736921296296296 0,477741608796296 0,736921296296296
9 0,511668113425926 0,659186921296296 0,565892650462963 0,659186921296296 0,565892650462963 0,725925925925926 0,511668113425926 0,725925925925926
31 0,638836396484375 0,5 0,681137609375 0,603958966796875 0,736194287109375 0,588975158203125 0,705101919921875 0,5 0,638836396484375 0,5
26 0,705053525390625 0,5 0,73865211328125 0,58845894921875 0,80238312890625 0,5725128046875 0,773869345703125 0,5 0,705053525390625 0,5
10 0,778927962890625 0,5 0,800235068359375 0,5679804921875 0,8606841171875 0,554447240234375 0,840791603515625 0,5 0,778927962890625 0,5
6 0,88102565625 0,5 0,8948877265625 0,543534435546875 0,95913786328125 0,527698501953125 0,950035859375 0,5 0,88102565625 0,5