29 0,70385042578125 0,244182853515625 0,780621294921875 0,224007896484375 0,723791611328125 0,01597589453125 0,621713005859375 0,04720182421875 0,70385042578125 0,244182853515625
16 0,77553086328125 0,215824734375 0,869309939453125 0,1927499375 0,801773107421875 0,0009765625 0,765979375 0,0009765625 0,717437564453125 0,01990584375 0,77553086328125 0,215824734375
22 0,9615157890625 0,163471388671875 0,90837453515625 0,0009765625 0,798407064453125 0,0009765625 0,8661705078125 0,18999905078125 0,9615157890625 0,163471388671875
1 1 0,0009765625 0,9278427265625 0,0009765625 0,99298797265625 0,150679830078125 1 0,148241619140625 1 0,0009765625
14 0,410693724609375 0,638067919921875 0,362133232421875 0,505937234375 0,30816803125 0,520252970703125 0,3563487109375 0,652239359375 0,410693724609375 0,638067919921875
13 0,4576614296875 0,62169997265625 0,40960283984375 0,491731990234375 0,35835509765625 0,505891916015625 0,40388166015625 0,63625115625 0,4576614296875 0,62169997265625
30 0,484375 0,61270484765625 0,484375 0,544347255859375 0,4589879296875 0,472875208984375 0,404374064453125 0,48976102734375 0,45489487890625 0,622820123046875 0,484375 0,61270484765625
18 0,772583912037037 0,840747974537037 0,830815972222222 0,840747974537037 0,830815972222222 0,909382233796296 0,772583912037037 0,909382233796296
23 0,803327546296296 0,82915943287037 0,86556712962963 0,82915943287037 0,86556712962963 0,899949363425926 0,803327546296296 0,899949363425926
35 0,836176215277778 0,820601851851852 0,898314525462963 0,820601851851852 0,898314525462963 0,889438657407407 0,836176215277778 0,889438657407407
6 0,882392939814815 0,805577256944445 0,942578125 0,805577256944445 0,942578125 0,874312789351852 0,882392939814815 0,874312789351852
9 0,914265046296296 0,796969039351852 0,976403356481481 0,796969039351852 0,976403356481481 0,865805844907408 0,914265046296296 0,865805844907408
6 0,9453125 0,78515625 1 0,78515625 1 0,853515625 0,9453125 0,853515625