22 0,3701171875 0 0,4990234375 0 0,4990234375 0,271484375 0,3701171875 0,271484375
0 0,1865234375 0 0,4423828125 0 0,4423828125 0,30078125 0,1865234375 0,30078125
4 0,0595703125 0 0,3017578125 0 0,3017578125 0,33203125 0,0595703125 0,33203125
4 0 0,01171875 0,169921875 0,01171875 0,169921875 0,353515625 0 0,353515625
14 0,89453125 0,05859375 1 0,05859375 1 0,255859375 0,89453125 0,255859375
27 0,822677951388889 0,0741319444444445 0,978436053240741 0,0741319444444445 0,978436053240741 0,273075810185185 0,822677951388889 0,273075810185185
6 0,714098668981481 0,0949869791666667 0,873777488425926 0,0949869791666667 0,873777488425926 0,295941840277778 0,714098668981481 0,295941840277778
8 0,642672164351852 0,116391782407407 0,798415798611111 0,116391782407407 0,798415798611111 0,313382523148148 0,642672164351852 0,313382523148148
1 0,570269097222222 0,129969618055556 0,724088541666667 0,129969618055556 0,724088541666667 0,330837673611111 0,570269097222222 0,330837673611111
22 0,884765625 0,599609375 1 0,599609375 1 0,751953125 0,884765625 0,751953125
25 0,7529296875 0,599609375 0,9658203125 0,599609375 0,9658203125 0,77734375 0,7529296875 0,77734375
0 0,577423321759259 0,616688368055555 0,779998553240741 0,616688368055555 0,779998553240741 0,808514178240741 0,577423321759259 0,808514178240741
0 0,459107349537037 0,645211226851852 0,653797743055555 0,645211226851852 0,653797743055555 0,827155671296296 0,459107349537037 0,827155671296296