10 0,548828125 0,2587890625 0,60546875 0,2587890625 0,60546875 0,4775390625 0,548828125 0,4775390625
32 0,451171875 0,2587890625 0,576171875 0,2587890625 0,576171875 0,4775390625 0,451171875 0,4775390625
21 0,345703125 0,2509765625 0,470703125 0,2509765625 0,470703125 0,4775390625 0,345703125 0,4775390625
1 0,216796875 0,2412109375 0,32421875 0,2412109375 0,32421875 0,4775390625 0,216796875 0,4775390625
5 0,107421875 0,2294921875 0,23828125 0,2294921875 0,23828125 0,4775390625 0,107421875 0,4775390625
6 0,01171875 0,2294921875 0,130859375 0,2294921875 0,130859375 0,4775390625 0,01171875 0,4775390625
32 0,889533521484375 0,4775390625 0,8836106953125 0,3402219140625 0,79522630859375 0,331756677734375 0,80073110546875 0,4775390625 0,889533521484375 0,4775390625
32 0,804895201171875 0,4775390625 0,801028576171875 0,331793 0,7136110625 0,32615949609375 0,725311431640625 0,4775390625 0,804895201171875 0,4775390625
10 0,726879078125 0,4775390625 0,715010908203125 0,324846693359375 0,654742763671875 0,321593236328125 0,63910790625 0,4775390625 0,726879078125 0,4775390625
30 0,303009259259259 0,688440393518518 0,360402199074074 0,688440393518518 0,360402199074074 0,788715277777778 0,303009259259259 0,788715277777778
10 0,264930555555556 0,688852719907407 0,318431712962963 0,688852719907407 0,318431712962963 0,791022858796296 0,264930555555556 0,791022858796296
26 0,221006944444444 0,691131365740741 0,276446759259259 0,691131365740741 0,276446759259259 0,791377314814815 0,221006944444444 0,791377314814815
6 0,162420428240741 0,691239872685185 0,219827835648148 0,691239872685185 0,219827835648148 0,793467881944445 0,162420428240741 0,793467881944445
2 0,121433738425926 0,694538483796296 0,176888020833333 0,694538483796296 0,176888020833333 0,79673755787037 0,121433738425926 0,79673755787037
9 0,079441550925926 0,693916377314815 0,134895833333333 0,693916377314815 0,134895833333333 0,796115451388889 0,079441550925926 0,796115451388889
12 0,838968460648148 0,691087962962963 0,989677372685185 0,691087962962963 0,989677372685185 0,997800925925926 0,838968460648148 0,997800925925926
29 0,71484375 0,6806640625 0,865234375 0,6806640625 0,865234375 0,9990234375 0,71484375 0,9990234375
30 0,59375 0,6767578125 0,734375 0,6767578125 0,734375 0,9990234375 0,59375 0,9990234375