42 0,3046875 0 0,431640625 0 0,431640625 0,14453125 0,3046875 0,14453125
1 0,173828125 0 0,298828125 0 0,298828125 0,126953125 0,173828125 0,126953125
9 0,064453125 0 0,201171875 0 0,201171875 0,115234375 0,064453125 0,115234375
7 0 0 0,1015625 0 0,1015625 0,125 0 0,125
29 0,79224537037037 0,0164351851851852 0,945992476851852 0,0164351851851852 0,945992476851852 0,337717013888889 0,79224537037037 0,337717013888889
29 0,671440972222222 0,0203486689814815 0,813006365740741 0,0203486689814815 0,813006365740741 0,33373119212963 0,671440972222222 0,33373119212963
16 0,533051215277778 0,025173611111111 0,688751446759259 0,025173611111111 0,688751446759259 0,346469907407407 0,533051215277778 0,346469907407407
2 0,447265625 0,025390625 0,50390625 0,025390625 0,50390625 0,365234375 0,447265625 0,365234375
43 0,197077546296296 0,877141203703704 0,266521990740741 0,877141203703704 0,266521990740741 0,994762731481482 0,197077546296296 0,994762731481482
1 0,0395182291666667 0,860843460648148 0,0947120949074074 0,860843460648148 0,0947120949074074 0,968598090277778 0,0395182291666667 0,968598090277778
2 0 0,861328125 0,05078125 0,861328125 0,05078125 0,96875 0 0,96875
43 0,100636574074074 0,869133391203704 0,161574074074074 0,869133391203704 0,161574074074074 0,974978298611111 0,100636574074074 0,974978298611111
50 0,149515335648148 0,874594907407408 0,214937789351852 0,874594907407408 0,214937789351852 0,990234375 0,149515335648148 0,990234375
25 0,828504615234375 0,885657580078125 0,839470125 0,82905695703125 0,805199708984375 0,82562458984375 0,7946870859375 0,8818585859375 0,828504615234375 0,885657580078125
28 0,796260419921875 0,882092390625 0,80749944140625 0,82593838671875 0,775227337890625 0,82114905859375 0,76255611328125 0,876726404296875 0,796260419921875 0,882092390625
24 0,777848533203125 0,820479142578125 0,7439403515625 0,81556253125 0,73189862109375 0,873149611328125 0,765375484375 0,8771741171875 0,777848533203125 0,820479142578125
0 0,717339412109375 0,869921896484375 0,730651474609375 0,814787287109375 0,697097974609375 0,80964515625 0,68325459375 0,8654549765625 0,717339412109375 0,869921896484375
9 0,685443359375 0,8656821484375 0,6998633125 0,80964515625 0,6678513515625 0,804491423828125 0,655045927734375 0,862083802734375 0,685443359375 0,8656821484375
15 0,6562200234375 0,86254312109375 0,66984658203125 0,803749927734375 0,636629181640625 0,799352611328125 0,623111953125 0,857397677734375 0,6562200234375 0,86254312109375