30 0,37159624609375 0,034395658203125 0,33369221875 0,0333422890625 0,32956114453125 0,119096970703125 0,365268361328125 0,115872376953125 0,37159624609375 0,034395658203125
34 0,324273599609375 0,1198556171875 0,333409765625 0,03133346875 0,2967616015625 0,03256275390625 0,290777037109375 0,119142353515625 0,324273599609375 0,1198556171875
24 0,288708935546875 0,119942486328125 0,2956844921875 0,03479105078125 0,26372034375 0,034945763671875 0,248374654296875 0,11885675390625 0,288708935546875 0,119942486328125
4 0,237426140625 0,117556025390625 0,2464026640625 0,035828087890625 0,217256841796875 0,03092293359375 0,20134519140625 0,11709239453125 0,237426140625 0,117556025390625
5 0,2011280859375 0,116504224609375 0,214785591796875 0,031721478515625 0,1717926171875 0,031450955078125 0,165764921875 0,116048150390625 0,2011280859375 0,116504224609375
6 0,16498505078125 0,117714673828125 0,17182201953125 0,03142834375 0,1391051484375 0,031575517578125 0,129535763671875 0,115843900390625 0,16498505078125 0,117714673828125
33 1 0,180702775390625 0,990871529296875 0,183001830078125 0,985296130859375 0,228279564453125 1 0,224679955078125 1 0,180702775390625
33 0,986632435546875 0,228698091796875 0,992035919921875 0,1835865703125 0,97300415625 0,188942208984375 0,9677889453125 0,2333788359375 0,986632435546875 0,228698091796875
7 0,959313625 0,2366181328125 0,968575509765625 0,19279290234375 0,94707237890625 0,19772204296875 0,945047048828125 0,240654044921875 0,959313625 0,2366181328125
9 0,948430205078125 0,241655615234375 0,94834793359375 0,198557552734375 0,92482565625 0,20669068359375 0,9292656796875 0,247456083984375 0,948430205078125 0,241655615234375
6 0,92763626171875 0,248946490234375 0,925577322265625 0,208631697265625 0,908604177734375 0,211230041015625 0,90380436328125 0,255952427734375 0,92763626171875 0,248946490234375
9 0,7783203125 0,87109375 0,9541015625 0,87109375 0,9541015625 1 0,7783203125 1
9 0,6982421875 0,87890625 0,7939453125 0,87890625 0,7939453125 1 0,6982421875 1