28 0,227936921296296 0,360192418981482 0,300130208333333 0,360192418981482 0,300130208333333 0,464171006944444 0,227936921296296 0,464171006944444
18 0,270580150462963 0,351142939814815 0,335033275462963 0,351142939814815 0,335033275462963 0,457016782407407 0,270580150462963 0,457016782407407
29 0,301396122685185 0,339134837962963 0,373661747685185 0,339134837962963 0,373661747685185 0,445066550925926 0,301396122685185 0,445066550925926
5 0,355685763888889 0,328002025462963 0,425853587962963 0,328002025462963 0,425853587962963 0,430013020833333 0,355685763888889 0,430013020833333
9 0,394350405092593 0,316956018518519 0,466616030092593 0,316956018518519 0,466616030092593 0,422887731481481 0,394350405092593 0,422887731481481
5 0,432110821759259 0,307884837962963 0,504304108796296 0,307884837962963 0,504304108796296 0,411863425925926 0,432110821759259 0,411863425925926
44 0,7255859375 0,169921875 0,7490234375 0,169921875 0,7490234375 0,28515625 0,7255859375 0,28515625
44 0,7255859375 0,162109375 0,7841796875 0,162109375 0,7841796875 0,28125 0,7255859375 0,28125
28 0,203752896484375 0,725262115234375 0,18499105859375 0,679791953125 0,155524138671875 0,686499994140625 0,173675642578125 0,7333682421875 0,203752896484375 0,725262115234375
15 0,225774505859375 0,71924082421875 0,21111161328125 0,671836591796875 0,1828200078125 0,678167712890625 0,20225814453125 0,727966244140625 0,225774505859375 0,71924082421875
29 0,22732074609375 0,718328005859375 0,250284296875 0,71100075 0,238280193359375 0,66299353125 0,20812512890625 0,671610439453125 0,208462998046875 0,671535056640625 0,22732074609375 0,718328005859375
2 0,296156771484375 0,698799025390625 0,27519941015625 0,65099328125 0,248089509765625 0,65842103515625 0,264975984375 0,706838537109375 0,296156771484375 0,698799025390625
5 0,302669025390625 0,6484375 0,280663703125 0,6484375 0,273461037109375 0,650290556640625 0,2930541015625 0,698298974609375 0,31969676171875 0,690420916015625 0,302669025390625 0,6484375
13 0,332337015625 0,6484375 0,300361919921875 0,6484375 0,31762622265625 0,69103778125 0,34478179296875 0,681903591796875 0,3368147578125 0,656634466796875 0,332337015625 0,6484375