10 0,333984375 0 0,400390625 0 0,400390625 0,126953125 0,333984375 0,126953125
36 0,234375 0 0,36328125 0 0,36328125 0,13671875 0,234375 0,13671875
6 0,095703125 0 0,2265625 0 0,2265625 0,162109375 0,095703125 0,162109375
1 0,017578125 0 0,126953125 0 0,126953125 0,1796875 0,017578125 0,1796875
32 0,842498553240741 0,000311053240740766 0,925484664351852 0,000311053240740766 0,925484664351852 0,133268229166667 0,842498553240741 0,133268229166667
34 0,768337673611111 0,0119719328703703 0,851323784722222 0,0119719328703703 0,851323784722222 0,144929108796296 0,768337673611111 0,144929108796296
19 0,696158854166667 0,0273365162037037 0,781083622685185 0,0273365162037037 0,781083622685185 0,158441840277778 0,696158854166667 0,158441840277778
8 0,602495659722222 0,0441189236111111 0,683514178240741 0,0441189236111111 0,683514178240741 0,175021701388889 0,602495659722222 0,175021701388889
7 0,606371640625 0,177484408203125 0,59213327734375 0,060810279296875 0,520838330078125 0,0721512109375 0,547320140625 0,185510478515625 0,606371640625 0,177484408203125
0 0,551286044921875 0,18572438671875 0,51986884765625 0,06983820703125 0,44823271875 0,090579375 0,483971869140625 0,199202267578125 0,551286044921875 0,18572438671875
19 0,063497263671875 0,504983318359375 0,038738810546875 0,507661287109375 0,04020346875 0,523687064453125 0,041323439453125 0,529459349609375 0,0634939609375 0,526688087890625 0,063497263671875 0,504983318359375
24 0,02081872265625 0,515270296875 0,0204518515625 0,531781671875 0,04430398046875 0,528729822265625 0,04263754296875 0,507202828125 0,041872666015625 0,506909185546875 0,02116012109375 0,510116513671875 0,02081872265625 0,515270296875
21 0 0,534126625 0,0250609453125 0,531590056640625 0,024667099609375 0,509856265625 0,014649625 0,510024048828125 0,01064990625 0,526208376953125 0,000255904296875 0,52783395703125 0 0,5301688671875 0 0,534126625
2 1 0,612146259765625 0,991239607421875 0,614032669921875 0,997829732421875 0,664045064453125 1 0,663572556640625 1 0,612146259765625