11 0,0467375578703704 0,2330078125 0,119538483796296 0,2330078125 0,119538483796296 0,319249131944444 0,0467375578703704 0,319249131944444
26 0,0133029513888888 0,223719618055556 0,0861617476851851 0,223719618055556 0,0861617476851851 0,3119140625 0,0133029513888888 0,3119140625
10 0 0,216796875 0,05078125 0,216796875 0,05078125 0,302734375 0 0,302734375
14 0,7159577890625 0,20103164453125 0,760031265625 0,04744214453125 0,680711814453125 0,023926794921875 0,638763591796875 0,17862321875 0,7159577890625 0,20103164453125
27 0,65000148828125 0,17626994921875 0,691704244140625 0,022818359375 0,618644568359375 0,006523078125 0,570838587890625 0,155406826171875 0,65000148828125 0,17626994921875
29 0,54297374609375 0 0,522296107421875 0,138443716796875 0,58237852734375 0,15291491796875 0,628208625 0,000733201171875 0,625251220703125 0 0,54297374609375 0
0 0,447699220703125 0 0,41434125 0,10956971875 0,495865150390625 0,12685832421875 0,529475216796875 0 0,447699220703125 0
1 0,369140625 0 0,47265625 0 0,47265625 0,115234375 0,369140625 0,115234375
3 0,212890625 0,845703125 0,388671875 0,845703125 0,388671875 1 0,212890625 1
3 0,256499595703125 1 0,28518845703125 0,849169310546875 0,13771446875 0,81719799609375 0,117531658203125 1 0,256499595703125 1
28 0,633326861328125 0,94889771875 0,5954963828125 0,941260185546875 0,575298033203125 0,988489888671875 0,614026478515625 0,99627956640625 0,633326861328125 0,94889771875
15 0,5861693984375 0,985688208984375 0,60622566796875 0,93859956640625 0,570281490234375 0,93061484375 0,552609861328125 0,97624878125 0,5861693984375 0,985688208984375
29 0,55989110546875 0,975173224609375 0,582521203125 0,92960725 0,53982015625 0,921786732421875 0,532409544921875 0,969076810546875 0,55989110546875 0,975173224609375
2 0,52646133203125 0,96242990625 0,545004466796875 0,914714998046875 0,507319328125 0,907581630859375 0,48511373046875 0,952982166015625 0,52646133203125 0,96242990625
5 0,495906126953125 0,952665798828125 0,51830657421875 0,907507955078125 0,483955537109375 0,89876233203125 0,46367073828125 0,944396984375 0,495906126953125 0,952665798828125
13 0,474766453125 0,946582017578125 0,494270240234375 0,89942625390625 0,458144380859375 0,890978369140625 0,438640798828125 0,93528432421875 0,474766453125 0,946582017578125