33 0,953125 0,017578125 1 0,017578125 1 0,279296875 0,953125 0,279296875
10 0,8515625 0,001953125 1 0,001953125 1 0,267578125 0,8515625 0,267578125
2 0,7119140625 0 0,8681640625 0 0,8681640625 0,24609375 0,7119140625 0,24609375
3 0,6025390625 0 0,7607421875 0 0,7607421875 0,234375 0,6025390625 0,234375
7 0,4970703125 0 0,6591796875 0 0,6591796875 0,21484375 0,4970703125 0,21484375
44 0 0,837890625 0,123046875 0,837890625 0,123046875 1 0 1
44 0 0,83984375 0,06640625 0,83984375 0,06640625 1 0 1
31 0,223763020833333 0,851056134259259 0,3068359375 0,851056134259259 0,3068359375 0,995023148148148 0,223763020833333 0,995023148148148
12 0,18498984375 1 0,25947545703125 0,997971857421875 0,236776654296875 0,858781505859375 0,165087677734375 0,854755587890625 0,18119477734375 1 0,18498984375 1
10 0,192367748046875 0,99854844921875 0,17640786328125 0,85967040625 0,118290236328125 0,859235666015625 0,120202640625 0,996952818359375 0,192367748046875 0,99854844921875
14 0,4501953125 0,670173580078125 0,4501953125 0,68952328125 0,465477595703125 0,6941543203125 0,488586642578125 0,664980423828125 0,4617250859375 0,6570338828125 0,4501953125 0,670173580078125