30 0,0146122685185185 0,0185185185185185 0,0799189814814815 0,0185185185185185 0,0799189814814815 0,112673611111111 0,0146122685185185 0,112673611111111
34 0,0513671875 0,0119574652777778 0,112868923611111 0,0119574652777778 0,112868923611111 0,108036747685185 0,0513671875 0,108036747685185
24 0,0861689814814814 0,00538194444444445 0,149522569444444 0,00538194444444445 0,149522569444444 0,0995225694444444 0,0861689814814814 0,0995225694444444
4 0,13671875 0 0,1953125 0 0,1953125 0,08984375 0,13671875 0,08984375
5 0,16796875 0 0,234375 0 0,234375 0,083984375 0,16796875 0,083984375
6 0,205078125 0 0,26953125 0 0,26953125 0,080078125 0,205078125 0,080078125
20 0,45755931712963 0,111277488425926 0,554998553240741 0,111277488425926 0,554998553240741 0,260337094907407 0,45755931712963 0,260337094907407
44 0,666825810185185 0,0806134259259259 0,76796875 0,0806134259259259 0,76796875 0,225795717592593 0,666825810185185 0,225795717592593
44 0,541710069444444 0,0962818287037037 0,644907407407407 0,0962818287037037 0,644907407407407 0,243431712962963 0,541710069444444 0,243431712962963
40 0,395768229166667 0,124486400462963 0,496911168981481 0,124486400462963 0,496911168981481 0,26966869212963 0,395768229166667 0,26966869212963
0 0,611046006944445 0,0967954282407407 0,704072627314815 0,0967954282407407 0,704072627314815 0,236060474537037 0,611046006944445 0,236060474537037
40 0,3564453125 0,1318359375 0,4482421875 0,1318359375 0,4482421875 0,2783203125 0,3564453125 0,2783203125
16 0,1715075859375 1 0,15723019921875 0,938067025390625 0,043462677734375 0,95586641015625 0,054584498046875 1 0,1715075859375 1
3 0,3246128125 1 0,30484823046875 0,9014461015625 0,1951654609375 0,9216222265625 0,21366220703125 1 0,3246128125 1
31 0,617585358796296 0,746896701388889 0,683195891203704 0,746896701388889 0,683195891203704 0,846911168981482 0,617585358796296 0,846911168981482
24 0,658246527777778 0,740364583333333 0,721701388888889 0,740364583333333 0,721701388888889 0,836458333333333 0,658246527777778 0,836458333333333
31 0,693771701388889 0,728913483796296 0,757327835648148 0,728913483796296 0,757327835648148 0,826960358796296 0,693771701388889 0,826960358796296
1 0,7478515625 0,717599826388889 0,807501446759259 0,717599826388889 0,807501446759259 0,815617766203704 0,7478515625 0,815617766203704
2 0,781474247685185 0,707110821759259 0,847186053240741 0,707110821759259 0,847186053240741 0,809078414351852 0,781474247685185 0,809078414351852
6 0,818077256944444 0,697620081018518 0,879680266203704 0,697620081018518 0,879680266203704 0,795652488425926 0,818077256944444 0,795652488425926