14 0,218713831018518 0,0958695023148148 0,27369068287037 0,0958695023148148 0,27369068287037 0,152727141203704 0,218713831018518 0,152727141203704
25 0,1923828125 0,0966507523148148 0,247287326388889 0,0966507523148148 0,247287326388889 0,151555266203704 0,1923828125 0,151555266203704
29 0,169849537037037 0,0945312500000001 0,220775462962963 0,0945312500000001 0,220775462962963 0,147453703703704 0,169849537037037 0,147453703703704
6 0,253942418981482 0,0980830439814815 0,306966145833333 0,0980830439814815 0,306966145833333 0,154926215277778 0,253942418981482 0,154926215277778
8 0,278428819444444 0,100217013888889 0,329427083333333 0,100217013888889 0,329427083333333 0,155092592592593 0,278428819444444 0,155092592592593
2 0,302951388888889 0,103327546296296 0,355830439814815 0,103327546296296 0,355830439814815 0,156264467592593 0,302951388888889 0,156264467592593
20 0,4765625 0,08203125 0,58203125 0,08203125 0,58203125 0,556640625 0,4765625 0,556640625
5 0,552734375 0,11328125 0,755859375 0,11328125 0,755859375 0,556640625 0,552734375 0,556640625
7 0,693359375 0,123046875 0,892578125 0,123046875 0,892578125 0,556640625 0,693359375 0,556640625
9 0,83203125 0,138671875 1 0,138671875 1 0,556640625 0,83203125 0,556640625
44 0,115234375 0,560546875 0,244140625 0,560546875 0,244140625 0,650390625 0,115234375 0,650390625
44 0,197265625 0,560546875 0,33984375 0,560546875 0,33984375 0,65625 0,197265625 0,65625
20 0 0,560546875 0,119140625 0,560546875 0,119140625 0,634765625 0 0,634765625
44 0,294921875 0,560546875 0,44140625 0,560546875 0,44140625 0,666015625 0,294921875 0,666015625
20 0,4921875 0,560546875 0,6484375 0,560546875 0,6484375 0,671875 0,4921875 0,671875
2 0,642578125 0,560546875 0,798828125 0,560546875 0,798828125 0,689453125 0,642578125 0,689453125
1 0,751953125 0,560546875 0,880859375 0,560546875 0,880859375 0,6953125 0,751953125 0,6953125
9 0,862116318359375 0,560546875 0,848556123046875 0,699242330078125 0,968459744140625 0,70460426953125 0,99161542578125 0,560546875 0,862116318359375 0,560546875