27 0,4609375 0,4150390625 0,548802318359375 0,4150390625 0,5921440546875 0,179441259765625 0,4609375 0,178474833984375 0,4609375 0,4150390625
10 0,6666105703125 0,4150390625 0,670263271484375 0,184607248046875 0,56350180859375 0,180493541015625 0,523729572265625 0,4150390625 0,6666105703125 0,4150390625
0 0,80571140625 0,4150390625 0,8552482421875 0,19482289453125 0,715051361328125 0,187872771484375 0,67880058984375 0,4150390625 0,80571140625 0,4150390625
9 0,89868091015625 0,4150390625 0,983091328125 0,194325181640625 0,823962154296875 0,19030071484375 0,78135691015625 0,4150390625 0,89868091015625 0,4150390625
8 1 0,19138449609375 0,964763310546875 0,1896791015625 0,89189446484375 0,4150390625 1 0,4150390625 1 0,19138449609375
13 0,112250701171875 0,4248046875 0,104390080078125 0,43760295703125 0,16473240234375 0,44098604296875 0,17417548828125 0,4248046875 0,112250701171875 0,4248046875
17 0,144508052734375 0,4248046875 0,135817859375 0,443633751953125 0,20233480859375 0,44861119140625 0,21149407421875 0,4248046875 0,144508052734375 0,4248046875
31 0,18045155078125 0,4248046875 0,170902515625 0,448118623046875 0,220455779296875 0,451279658203125 0,241805279296875 0,4248046875 0,18045155078125 0,4248046875
3 0,223863423828125 0,4248046875 0,210404552734375 0,458336591796875 0,277032462890625 0,46413474609375 0,289895541015625 0,4248046875 0,223863423828125 0,4248046875
7 0,260775458984375 0,4248046875 0,244535791015625 0,464430341796875 0,299631775390625 0,469564310546875 0,3223658046875 0,4248046875 0,260775458984375 0,4248046875
7 0,2958022578125 0,4248046875 0,27890836328125 0,4696503984375 0,334213875 0,477636169921875 0,357287013671875 0,4248046875 0,2958022578125 0,4248046875
19 1 0,88444480078125 0,94697001171875 0,883086646484375 0,94454096484375 0,89603477734375 0,993236091796875 0,897505626953125 0,996359630859375 0,894052912109375 1 0,887133892578125 1 0,88444480078125
24 1 0,88565203515625 0,972219068359375 0,8846659375 0,9703407578125 0,88484865625 0,963675548828125 0,897796212890625 1 0,898838412109375 1 0,88565203515625