22 0,146166087962963 0,344422743055556 0,19759837962963 0,344422743055556 0,19759837962963 0,433036747685185 0,146166087962963 0,433036747685185
2 0,187413194444444 0,352842881944444 0,240856481481481 0,352842881944444 0,240856481481481 0,443438946759259 0,187413194444444 0,443438946759259
9 0,221824363425926 0,361161747685185 0,273256655092593 0,361161747685185 0,273256655092593 0,449775752314815 0,221824363425926 0,449775752314815
9 0,256293402777778 0,371433738425926 0,307609953703704 0,371433738425926 0,307609953703704 0,456141493055556 0,256293402777778 0,456141493055556
3 0,290675636574074 0,378776041666667 0,342107928240741 0,378776041666667 0,342107928240741 0,467390046296296 0,290675636574074 0,467390046296296
21 0,903059895833333 0,218207465277778 0,952423321759259 0,218207465277778 0,952423321759259 0,302886284722222 0,903059895833333 0,302886284722222
10 0,933506944444444 0,224515335648148 0,982928240740741 0,224515335648148 0,982928240740741 0,311147280092593 0,933506944444444 0,311147280092593
31 0,966796875 0,23046875 1 0,23046875 1 0,31640625 0,966796875 0,31640625
23 0,128803607421875 1 0,157547056640625 0,793783853515625 0,022274759765625 0,76718608203125 0 0,95882523828125 0 1 0,128803607421875 1
13 0,259483826171875 1 0,2928187421875 0,834926884765625 0,15731355859375 0,80959822265625 0,128451158203125 1 0,259483826171875 1
11 0,390501599609375 1 0,412130240234375 0,8684953671875 0,2839641171875 0,83953644140625 0,257492712890625 1 0,390501599609375 1
5 0,5871670859375 1 0,609154060546875 0,922269458984375 0,469687783203125 0,88943396484375 0,44357261328125 1 0,5871670859375 1
7 0,826171875 0,578125 0,84765625 0,578125 0,84765625 0,587890625 0,826171875 0,587890625
9 0,806640625 0,578125 0,828125 0,578125 0,828125 0,583984375 0,806640625 0,583984375
3 0,84375 0,578125 0,869140625 0,578125 0,869140625 0,591796875 0,84375 0,591796875