11 0,35841165625 0,2365248984375 0,296572572265625 0,02148396484375 0,201185439453125 0,04290262890625 0,261643677734375 0,254753654296875 0,35841165625 0,2365248984375
25 0,277932255859375 0,258677353515625 0,22071085546875 0,03870737890625 0,11667901953125 0,05558265234375 0,17908459765625 0,271351931640625 0,277932255859375 0,258677353515625
25 0,19739373828125 0,269061341796875 0,135310998046875 0,05482939453125 0,036135498046875 0,073518234375 0,09725066796875 0,282793380859375 0,19739373828125 0,269061341796875
2 0 0,303409134765625 0,0827676640625 0,288016140625 0,0097715625 0,080665091796875 0 0,082406875 0 0,303409134765625
13 0,595081018518518 0,277886284722222 0,665899884259259 0,277886284722222 0,665899884259259 0,353059895833333 0,595081018518518 0,353059895833333
28 0,559946469907407 0,281597222222222 0,630765335648148 0,281597222222222 0,630765335648148 0,356770833333333 0,559946469907407 0,356770833333333
25 0,522873263888889 0,287261284722222 0,59564525462963 0,287261284722222 0,59564525462963 0,362478298611111 0,522873263888889 0,362478298611111
4 0,474103009259259 0,296202256944444 0,544907407407407 0,296202256944444 0,544907407407407 0,369422743055556 0,474103009259259 0,369422743055556
7 0,438975694444445 0,300889756944444 0,509809027777778 0,300889756944444 0,509809027777778 0,378016493055556 0,438975694444445 0,378016493055556
9 0,403855613425926 0,306510416666667 0,476642071759259 0,306510416666667 0,476642071759259 0,383680555555556 0,403855613425926 0,383680555555556
13 0,28125 0,4267578125 0,40234375 0,4267578125 0,40234375 0,7080078125 0,28125 0,7080078125
29 0,183333333333333 0,429361979166667 0,347511574074074 0,429361979166667 0,347511574074074 0,717513020833333 0,183333333333333 0,717513020833333
23 0,0828269675925926 0,442165798611111 0,254803240740741 0,442165798611111 0,254803240740741 0,728537326388889 0,0828269675925926 0,728537326388889
3 0 0,458984375 0,1171875 0,458984375 0,1171875 0,75 0 0,75
25 1 0,4267578125 0,883793615234375 0,4267578125 0,88228826171875 0,548695484375 1 0,57077591796875 1 0,4267578125
31 0,774602623046875 0,4267578125 0,780211337890625 0,549467060546875 0,913694046875 0,55818616015625 0,9133096015625 0,4267578125 0,774602623046875 0,4267578125
13 0,658517306640625 0,4267578125 0,65645890625 0,535672099609375 0,80795118359375 0,5509043359375 0,79940257421875 0,4267578125 0,658517306640625 0,4267578125
7 0,515138423828125 0,4267578125 0,51497217578125 0,520325962890625 0,63994571484375 0,533571021484375 0,6449126640625 0,4267578125 0,515138423828125 0,4267578125
7 0,415890142578125 0,4267578125 0,422397388671875 0,52062802734375 0,542955576171875 0,524897115234375 0,53904136328125 0,4267578125 0,415890142578125 0,4267578125