7 0,0378255208333333 0,0678168402777778 0,193424479166667 0,0678168402777778 0,193424479166667 0,216861979166667 0,0378255208333333 0,216861979166667
2 0,124088541666667 0,0538411458333334 0,287890625 0,0538411458333334 0,287890625 0,209092881944444 0,124088541666667 0,209092881944444
36 0,418815104166667 0,00954861111111105 0,561783854166667 0,00954861111111105 0,561783854166667 0,23203125 0,418815104166667 0,23203125
25 0,334765625 0,026388888888889 0,491796875 0,026388888888889 0,491796875 0,255338541666667 0,334765625 0,255338541666667
25 0,245963541666667 0,0310546875000001 0,409114583333333 0,0310546875000001 0,409114583333333 0,264171006944444 0,245963541666667 0,264171006944444
8 0 0,080078125 0,11328125 0,080078125 0,11328125 0,32421875 0 0,32421875
44 0,1435546875 0,4453125 0,3017578125 0,4453125 0,3017578125 0,650390625 0,1435546875 0,650390625
36 0,3642578125 0,4453125 0,5361328125 0,4453125 0,5361328125 0,65625 0,3642578125 0,65625
0 0,2392578125 0,4453125 0,4033203125 0,4453125 0,4033203125 0,650390625 0,2392578125 0,650390625
44 0,0380859375 0,4453125 0,2041015625 0,4453125 0,2041015625 0,65625 0,0380859375 0,65625
31 0,4697265625 0,4453125 0,6396484375 0,4453125 0,6396484375 0,6640625 0,4697265625 0,6640625
50 0,5537109375 0,4453125 0,7314453125 0,4453125 0,7314453125 0,66796875 0,5537109375 0,66796875
32 0,7833028984375 0,692000212890625 0,777210177734375 0,6895885390625 0,83010691796875 0,948030123046875 0,962804767578125 0,92872665625 0,92176693359375 0,6840083359375 0,7833028984375 0,692000212890625
23 0,6865234375 0,7102112578125 0,6865234375 0,804479759765625 0,728210388671875 0,962361623046875 0,862225505859375 0,947605291015625 0,8067235625 0,690998095703125 0,6865234375 0,7102112578125