24 0,213577835648148 0,0528284143518519 0,297055844907407 0,0528284143518519 0,297055844907407 0,120276331018519 0,213577835648148 0,120276331018519
30 0,240993923611111 0,0490885416666667 0,324616608796296 0,0490885416666667 0,324616608796296 0,118489583333333 0,240993923611111 0,118489583333333
15 0,269386574074074 0,047214988425926 0,354962384259259 0,047214988425926 0,354962384259259 0,116673900462963 0,269386574074074 0,116673900462963
5 0,309859664351852 0,0421802662037037 0,393337673611111 0,0421802662037037 0,393337673611111 0,10962818287037 0,309859664351852 0,10962818287037
3 0,338179976851852 0,0413411458333334 0,421657986111111 0,0413411458333334 0,421657986111111 0,1087890625 0,338179976851852 0,1087890625
7 0,365668402777778 0,0385778356481482 0,449146412037037 0,0385778356481482 0,449146412037037 0,106025752314815 0,365668402777778 0,106025752314815
44 0,809932002314815 0,224291087962963 0,94361255787037 0,224291087962963 0,94361255787037 0,390668402777778 0,809932002314815 0,390668402777778
44 0,873046875 0,21875 1 0,21875 1 0,380859375 0,873046875 0,380859375
44 0,93359375 0,21484375 1 0,21484375 1 0,375 0,93359375 0,375
40 0,662651909722222 0,24322193287037 0,797996238425926 0,24322193287037 0,797996238425926 0,405750868055556 0,662651909722222 0,405750868055556
46 0,607602719907407 0,243981481481481 0,739474826388889 0,243981481481481 0,739474826388889 0,412254050925926 0,607602719907407 0,412254050925926
48 0,714626736111111 0,230367476851852 0,870081018518518 0,230367476851852 0,870081018518518 0,401287615740741 0,714626736111111 0,401287615740741
15 0,62109375 0,929883021484375 0,56995873046875 0,932718673828125 0,598245337890625 0,97986276171875 0,62109375 0,97841232421875 0,62109375 0,929883021484375