10 0,657575662109375 0,526316970703125 0,6958209453125 0,241546287109375 0,612746810546875 0,2119506640625 0,55322759765625 0,486217134765625 0,657575662109375 0,526316970703125
32 0,6165564375 0,216076779296875 0,607544228515625 0,212950181640625 0,50498554296875 0,17978366015625 0,478261517578125 0,448686923828125 0,5672493125 0,47990280859375 0,6165564375 0,216076779296875
21 0,48675718359375 0,441990056640625 0,517891400390625 0,1895541171875 0,47835544140625 0,16867202734375 0,387029154296875 0,4062062734375 0,48675718359375 0,441990056640625
3 0,379028341796875 0,3878589609375 0,401036615234375 0,15145301171875 0,317160873046875 0,119132822265625 0,28444590625 0,370180814453125 0,379028341796875 0,3878589609375
0 0,29772770703125 0,369092517578125 0,326830109375 0,12881775 0,242527537109375 0,10745869921875 0,212400203125 0,340830400390625 0,29772770703125 0,369092517578125
1 0,256850443359375 0,0982070546875 0,19859419921875 0,087557583984375 0,1902514609375 0,154455048828125 0,148404458984375 0,318770498046875 0,226251455078125 0,34395532421875 0,256850443359375 0,0982070546875
30 0,6826171875 0,19440537890625 0,726544654296875 0,19070137109375 0,73564866796875 0,08031147265625 0,6826171875 0,083294794921875 0,6826171875 0,19440537890625
22 0,4111328125 0,837210648148148 0,4619140625 0,837210648148148 0,4619140625 0,898857060185185 0,4111328125 0,898857060185185
25 0,376953125 0,835221354166667 0,427734375 0,835221354166667 0,427734375 0,896867766203704 0,376953125 0,896867766203704
31 0,341796875 0,8322265625 0,392578125 0,8322265625 0,392578125 0,893872974537037 0,341796875 0,893872974537037
4 0,29296875 0,827850115740741 0,341796875 0,827850115740741 0,341796875 0,891391782407407 0,29296875 0,891391782407407
9 0,2587890625 0,825860821759259 0,3076171875 0,825860821759259 0,3076171875 0,889402488425926 0,2587890625 0,889402488425926
8 0,2236328125 0,823842592592593 0,2724609375 0,823842592592593 0,2724609375 0,887384259259259 0,2236328125 0,887384259259259