28 0,138491030092593 0,118467881944444 0,228045428240741 0,118467881944444 0,228045428240741 0,211306423611111 0,138491030092593 0,211306423611111
21 0,0976924189814815 0,120486111111111 0,18919994212963 0,120486111111111 0,18919994212963 0,213368055555556 0,0976924189814815 0,213368055555556
14 0,0568938078703703 0,122504340277778 0,146303530092593 0,122504340277778 0,146303530092593 0,213389756944444 0,0568938078703703 0,213389756944444
5 0,0014467592592593 0,124197048611111 0,0910011574074074 0,124197048611111 0,0910011574074074 0,217035590277778 0,0014467592592593 0,217035590277778
3 0 0,123046875 0,048828125 0,123046875 0,048828125 0,21875 0 0,21875
17 0,8671875 0,267578125 1 0,267578125 1 0,40234375 0,8671875 0,40234375
30 0,755859375 0,2685546875 0,94921875 0,2685546875 0,94921875 0,4033203125 0,755859375 0,4033203125
20 0,642578125 0,2666015625 0,83984375 0,2666015625 0,83984375 0,4033203125 0,642578125 0,4033203125
1 0,560546875 0,2607421875 0,681640625 0,2607421875 0,681640625 0,4033203125 0,560546875 0,4033203125
44 0,017578125 0,4130859375 0,203125 0,4130859375 0,203125 0,6025390625 0,017578125 0,6025390625
44 0,123046875 0,4130859375 0,3203125 0,4130859375 0,3203125 0,5927734375 0,123046875 0,5927734375
44 0,248046875 0,4130859375 0,43359375 0,4130859375 0,43359375 0,5869140625 0,248046875 0,5869140625
41 0,39453125 0,4130859375 0,595703125 0,4130859375 0,595703125 0,5810546875 0,39453125 0,5810546875
46 0,560546875 0,54463315234375 0,794646775390625 0,53012123828125 0,771983564453125 0,4372211328125 0,560546875 0,449416580078125 0,560546875 0,54463315234375
42 0,560546875 0,64262251171875 0,81370241796875 0,6398652578125 0,790293107421875 0,541767123046875 0,560546875 0,54917401953125 0,560546875 0,64262251171875
46 0,825181060546875 0,73030406640625 0,80449869921875 0,637086310546875 0,56078172265625 0,644834224609375 0,5648109296875 0,725861056640625 0,825181060546875 0,73030406640625
4 0,832799453125 0,764699302734375 0,570586458984375 0,787874396484375 0,59850073828125 0,8749595546875 0,86398528515625 0,85021224609375 0,832799453125 0,764699302734375
4 0,861350728515625 0,865747931640625 0,583167869140625 0,87642155859375 0,610470171875 0,96879055859375 0,866621212890625 0,95465073828125 0,861350728515625 0,865747931640625
4 0,59356431640625 0,97775673828125 0,598438080078125 0,9951171875 0,8912565078125 0,9951171875 0,880921759765625 0,962332015625 0,59356431640625 0,97775673828125