21 0,578125 0,224609375 0,578125 0,09332288671875 0,476218845703125 0,09313815234375 0,47079444140625 0,224609375 0,578125 0,224609375
3 0,477469005859375 0,224609375 0,456149650390625 0,09122327734375 0,34038674609375 0,090987732421875 0,351606498046875 0,224609375 0,477469005859375 0,224609375
0 0,286132771484375 0,224609375 0,392108244140625 0,224609375 0,375048794921875 0,09655451953125 0,37806941015625 0,093146751953125 0,26833955078125 0,091046548828125 0,286132771484375 0,224609375
1 0,32000772265625 0,224609375 0,304499736328125 0,09068728515625 0,20908794921875 0,088270296875 0,21958073828125 0,224609375 0,32000772265625 0,224609375
11 0,552734375 0 0,6484375 0 0,6484375 0,07421875 0,552734375 0,07421875
26 0,5390625 0 0,615234375 0 0,615234375 0,083984375 0,5390625 0,083984375
29 0,270652488425926 0,598719618055556 0,347837094907407 0,598719618055556 0,347837094907407 0,690776909722222 0,270652488425926 0,690776909722222
24 0,25390625 0,602502893518518 0,329137731481481 0,602502893518518 0,329137731481481 0,694545717592593 0,25390625 0,694545717592593
14 0,237123842592593 0,607262731481481 0,314308449074074 0,607262731481481 0,314308449074074 0,699320023148148 0,237123842592593 0,699320023148148
1 0,214518229166667 0,614908854166667 0,287651909722222 0,614908854166667 0,287651909722222 0,703030960648148 0,214518229166667 0,703030960648148
1 0,197808159722222 0,61771556712963 0,272894965277778 0,61771556712963 0,272894965277778 0,705852141203704 0,197808159722222 0,705852141203704
1 0,181025752314815 0,618569155092593 0,258210358796296 0,618569155092593 0,258210358796296 0,710626446759259 0,181025752314815 0,710626446759259
21 0,697446469907407 0,312868923611111 0,937608506944444 0,312868923611111 0,937608506944444 0,640444155092593 0,697446469907407 0,640444155092593
10 0,80610895703125 0,64273084375 0,676616126953125 0,340338419921875 0,6268418984375 0,345205345703125 0,623539875 0,6674607734375 0,80610895703125 0,64273084375
12 0,5390625 0,361328125 0,6953125 0,361328125 0,6953125 0,689453125 0,5390625 0,689453125