30 0,102828414351852 0,0309244791666667 0,202047164351852 0,0309244791666667 0,202047164351852 0,132703993055556 0,102828414351852 0,132703993055556
10 0,144936342592593 0,0402922453703703 0,242201967592593 0,0402922453703703 0,242201967592593 0,141999421296296 0,144936342592593 0,141999421296296
26 0,186009837962963 0,0457175925925927 0,285286458333333 0,0457175925925927 0,285286458333333 0,151403356481482 0,186009837962963 0,151403356481482
6 0,243699363425926 0,052734375 0,343091724537037 0,052734375 0,343091724537037 0,166232638888889 0,243699363425926 0,166232638888889
2 0,283984375 0,0708188657407408 0,383203125 0,0708188657407408 0,383203125 0,17259837962963 0,283984375 0,17259837962963
9 0,324110243055556 0,0781611689814815 0,423444733796296 0,0781611689814815 0,423444733796296 0,18775318287037 0,324110243055556 0,18775318287037
6 0,429817708333333 0,472113715277778 0,608810763888889 0,472113715277778 0,608810763888889 0,688114872685185 0,429817708333333 0,688114872685185
1 0,521932870370371 0,496997974537037 0,677459490740741 0,496997974537037 0,677459490740741 0,710177951388889 0,521932870370371 0,710177951388889
9 0,33978587962963 0,456090856481481 0,506944444444444 0,456090856481481 0,506944444444444 0,663845486111111 0,33978587962963 0,663845486111111
38 0,0400752314814815 0,385452835648148 0,213237847222222 0,385452835648148 0,213237847222222 0,603190104166667 0,0400752314814815 0,603190104166667
49 0,138049768518519 0,410554108796296 0,299262152777778 0,410554108796296 0,299262152777778 0,612232349537037 0,138049768518519 0,612232349537037
36 0,221260127314815 0,427300347222222 0,38658130787037 0,427300347222222 0,38658130787037 0,642795138888889 0,221260127314815 0,642795138888889
8 0,708984375 0,4501953125 0,78125 0,4501953125 0,78125 0,6708984375 0,708984375 0,6708984375
3 0,708984375 0,4716796875 0,869140625 0,4716796875 0,869140625 0,6904296875 0,708984375 0,6904296875