11 0 0,365234375 0,087890625 0,365234375 0,087890625 0,509765625 0 0,509765625
26 0,0517578125 0,376953125 0,1474609375 0,376953125 0,1474609375 0,509765625 0,0517578125 0,509765625
10 0,1103515625 0,38671875 0,2001953125 0,38671875 0,2001953125 0,509765625 0,1103515625 0,509765625
2 0,1845703125 0,404296875 0,2802734375 0,404296875 0,2802734375 0,509765625 0,1845703125 0,509765625
4 0,2431640625 0,41796875 0,3369140625 0,41796875 0,3369140625 0,509765625 0,2431640625 0,509765625
4 0,2958984375 0,42578125 0,3935546875 0,42578125 0,3935546875 0,509765625 0,2958984375 0,509765625
31 0,82910815234375 0 0,820005353515625 0,020822791015625 0,846958708984375 0,033078048828125 0,86718871875 0 0,82910815234375 0
3 0,875036611328125 0 0,85544093359375 0,04376900390625 0,89210864453125 0,059576662109375 0,91854837890625 0 0,875036611328125 0
7 0,915666818359375 0 0,88994796484375 0,062457283203125 0,915842353515625 0,07902403515625 0,9552253359375 0,0024601875 0,94878088671875 0 0,915666818359375 0
7 0,915447037109375 0,07891845703125 0,9413536953125 0,09791630859375 0,985105056640625 0,022650533203125 0,9525200625 0,004388212890625 0,915447037109375 0,07891845703125
10 0,466343736328125 0,667354892578125 0,433494134765625 0,616519296875 0,40519035546875 0,624742529296875 0,429465392578125 0,6855465625 0,466343736328125 0,667354892578125
24 0,497179419921875 0,651627490234375 0,4776377890625 0,5992585625 0,43569634375 0,613641279296875 0,46403420703125 0,6678943046875 0,497179419921875 0,651627490234375
15 0,52587121484375 0,636765654296875 0,5098353828125 0,58229562109375 0,472351783203125 0,5953288671875 0,49429033203125 0,65339358984375 0,52587121484375 0,636765654296875
8 0,573961544921875 0,614178556640625 0,5538239921875 0,563616384765625 0,522385541015625 0,572750458984375 0,540495751953125 0,629036111328125 0,573961544921875 0,614178556640625
0 0,5927734375 0,605978166015625 0,5927734375 0,57524380859375 0,584177734375 0,547684984375 0,552017734375 0,5596234375 0,56890469140625 0,61543568359375 0,5927734375 0,605978166015625
0 0,7272526640625 0,509765625 0,71625982421875 0,551896708984375 0,811245814453125 0,572053345703125 0,827900841796875 0,509765625 0,7272526640625 0,509765625
6 0,827430345703125 0,509765625 0,810141193359375 0,573889564453125 0,9039563125 0,595503423828125 0,92746326171875 0,509765625 0,827430345703125 0,509765625