12 0 0,329863376953125 0,00860482421875 0,486328125 0,186929576171875 0,486328125 0,1610185 0,188455267578125 0 0,1904944375 0 0,329863376953125
31 0,1376953125 0,1875 0,3173828125 0,1875 0,3173828125 0,486328125 0,1376953125 0,486328125
34 0,2861328125 0,193359375 0,4599609375 0,193359375 0,4599609375 0,486328125 0,2861328125 0,486328125
0 0,4892578125 0,185546875 0,6044921875 0,185546875 0,6044921875 0,486328125 0,4892578125 0,486328125
20 0,7998046875 0,001953125 0,9833984375 0,001953125 0,9833984375 0,078125 0,7998046875 0,078125
28 0,1162109375 0,490234375 0,2373046875 0,490234375 0,2373046875 0,666015625 0,1162109375 0,666015625
31 0,1962890625 0,490234375 0,3134765625 0,490234375 0,3134765625 0,673828125 0,1962890625 0,673828125
15 0,2763671875 0,490234375 0,3955078125 0,490234375 0,3955078125 0,669921875 0,2763671875 0,669921875
4 0,3857421875 0,490234375 0,5029296875 0,490234375 0,5029296875 0,65625 0,3857421875 0,65625
7 0,4599609375 0,490234375 0,5830078125 0,490234375 0,5830078125 0,66015625 0,4599609375 0,66015625
4 0,5458984375 0,490234375 0,6044921875 0,490234375 0,6044921875 0,654296875 0,5458984375 0,654296875
7 0,5751953125 0,80078125 0,6162109375 0,80078125 0,6162109375 0,86328125 0,5751953125 0,86328125
9 0,588042534722222 0,801996527777778 0,653971354166667 0,801996527777778 0,653971354166667 0,865538194444444 0,588042534722222 0,865538194444444