27 0,849609375 0,18359375 1 0,18359375 1 0,2734375 0,849609375 0,2734375
35 0,7470703125 0,1533203125 0,9345703125 0,1533203125 0,9345703125 0,2744140625 0,7470703125 0,2744140625
6 0,6044921875 0,1240234375 0,7939453125 0,1240234375 0,7939453125 0,2744140625 0,6044921875 0,2744140625
3 0,5341796875 0,1005859375 0,6923828125 0,1005859375 0,6923828125 0,2744140625 0,5341796875 0,2744140625
17 0,261607564453125 0,577864755859375 0,259704978515625 0,639407955078125 0,339163365234375 0,64553842578125 0,344386109375 0,583826318359375 0,261607564453125 0,577864755859375
0 0,317019958984375 0,585323236328125 0,313030390625 0,647598515625 0,387707359375 0,652164751953125 0,3960639765625 0,591920521484375 0,317019958984375 0,585323236328125
8 0,36917933203125 0,594069716796875 0,36326608984375 0,653563208984375 0,442248482421875 0,659327201171875 0,441744021484375 0,60028953515625 0,36917933203125 0,594069716796875
15 0,440324416015625 0,606775876953125 0,445922130859375 0,664935181640625 0,51040651171875 0,67007168359375 0,51748831640625 0,612636791015625 0,440324416015625 0,606775876953125
24 0,5634765625 0,625112400390625 0,5634765625 0,620196974609375 0,491147255859375 0,61363066796875 0,48348074609375 0,67074984765625 0,55207225390625 0,675621306640625 0,5634765625 0,625112400390625
20 0,904296875 0,392578125 1 0,392578125 1 0,642578125 0,904296875 0,642578125
2 0,775846354166667 0,3576171875 0,957255497685185 0,3576171875 0,957255497685185 0,613346354166667 0,775846354166667 0,613346354166667
3 0,680519386574074 0,330729166666667 0,864113136574074 0,330729166666667 0,864113136574074 0,594401041666667 0,680519386574074 0,594401041666667
7 0,589330150462963 0,3158203125 0,764764178240741 0,3158203125 0,764764178240741 0,567252604166667 0,589330150462963 0,567252604166667