12 0,2646484375 0,005859375 0,3974609375 0,005859375 0,3974609375 0,080078125 0,2646484375 0,080078125
40 0,1884765625 0,005859375 0,3212890625 0,005859375 0,3212890625 0,087890625 0,1884765625 0,087890625
10 0,1220703125 0,005859375 0,2470703125 0,005859375 0,2470703125 0,08984375 0,1220703125 0,08984375
6 0,0107421875 0,005859375 0,1455078125 0,005859375 0,1455078125 0,09375 0,0107421875 0,09375
1 0 0,005859375 0,06640625 0,005859375 0,06640625 0,099609375 0 0,099609375
10 0,940591478515625 0,0779582265625 0,9339995 0,044329595703125 0,863995580078125 0,045975453125 0,8585195 0,079377638671875 0,940591478515625 0,0779582265625
24 0,89959358984375 0,080340431640625 0,892240990234375 0,046149353515625 0,81419485546875 0,04824408203125 0,82180775 0,081898328125 0,89959358984375 0,080340431640625
15 0,8576359765625 0,08241648046875 0,851513123046875 0,049099 0,770551716796875 0,05124400390625 0,78762897265625 0,08426588671875 0,8576359765625 0,08241648046875
8 0,795227244140625 0,08487575 0,785311232421875 0,053786380859375 0,710120873046875 0,05505374609375 0,720898654296875 0,086959349609375 0,795227244140625 0,08487575
0 0,754946890625 0,087587158203125 0,743281853515625 0,05352542578125 0,66630233203125 0,056254244140625 0,683402947265625 0,088324353515625 0,754946890625 0,087587158203125
17 0,716163919921875 0,088075849609375 0,69752208203125 0,05660287109375 0,623819142578125 0,05851523828125 0,64516028515625 0,08988356640625 0,716163919921875 0,088075849609375
35 0,3759765625 0,462890625 0,4501953125 0,462890625 0,4501953125 0,65625 0,3759765625 0,65625
24 0,266796875 0,47826244212963 0,443127893518519 0,47826244212963 0,443127893518519 0,675397858796296 0,266796875 0,675397858796296
5 0,121354166666667 0,498068576388889 0,293315972222222 0,498068576388889 0,293315972222222 0,687333622685185 0,121354166666667 0,687333622685185
8 0,0162326388888889 0,505490451388889 0,188541666666667 0,505490451388889 0,188541666666667 0,700614872685185 0,0162326388888889 0,700614872685185
8 0 0,525390625 0,080078125 0,525390625 0,080078125 0,708984375 0 0,708984375
24 0,3271484375 0,857421875 0,4501953125 0,857421875 0,4501953125 0,994140625 0,3271484375 0,994140625
5 0,1767578125 0,873046875 0,3505859375 0,873046875 0,3505859375 0,994140625 0,1767578125 0,994140625
8 0,0771484375 0,8828125 0,2470703125 0,8828125 0,2470703125 0,994140625 0,0771484375 0,994140625
8 0 0,892578125 0,140625 0,892578125 0,140625 0,994140625 0 0,994140625
7 0,682595486111111 0,733572048611111 0,750737847222222 0,733572048611111 0,750737847222222 0,751526331018519 0,682595486111111 0,751526331018519
9 0,706951678240741 0,732233796296296 0,774978298611111 0,732233796296296 0,774978298611111 0,748234953703704 0,706951678240741 0,748234953703704
24 0,762210648148148 0,724573206018519 0,830237268518518 0,724573206018519 0,830237268518518 0,740574363425926 0,762210648148148 0,740574363425926
3 0,657378472222222 0,736848958333333 0,727473958333333 0,736848958333333 0,727473958333333 0,754832175925926 0,657378472222222 0,754832175925926
19 0,785416666666667 0,720348668981481 0,851605902777778 0,720348668981481 0,851605902777778 0,738274016203704 0,785416666666667 0,738274016203704
21 0,738831018518519 0,725896990740741 0,80697337962963 0,725896990740741 0,80697337962963 0,743851273148148 0,738831018518519 0,743851273148148