18 0,314613826171875 0,362950552734375 0,2649281015625 0,357795607421875 0,255715681640625 0,45678754296875 0,304308017578125 0,4592922109375 0,314613826171875 0,362950552734375
11 0,27404803125 0,357278783203125 0,273381470703125 0,357214203125 0,218538421875 0,353428736328125 0,208592396484375 0,449770392578125 0,263101998046875 0,4565808984375 0,27404803125 0,357278783203125
24 0,219608619140625 0,451968625 0,22768734765625 0,3534160234375 0,1704818515625 0,346284177734375 0,159821349609375 0,444073001953125 0,219608619140625 0,451968625
0 0,157307298828125 0,44049395703125 0,165758775390625 0,345534884765625 0,11499694140625 0,341129255859375 0,1004315625 0,436514953125 0,157307298828125 0,44049395703125
4 0,11583712890625 0,432171908203125 0,124389396484375 0,343327486328125 0,074651423828125 0,336529892578125 0,061430388671875 0,430533001953125 0,11583712890625 0,432171908203125
5 0,0713603203125 0,43064925 0,08187696484375 0,336387826171875 0,021701 0,3316479453125 0,0188348125 0,424602919921875 0,0713603203125 0,43064925
8 0,541124131944444 0,165154803240741 0,67162181712963 0,165154803240741 0,67162181712963 0,3478515625 0,541124131944444 0,3478515625
20 0,865234375 0,19921875 1 0,19921875 1 0,3828125 0,865234375 0,3828125
4 0,609085648148148 0,170797164351852 0,746166087962963 0,170797164351852 0,746166087962963 0,363433159722222 0,609085648148148 0,363433159722222
2 0,679217303240741 0,179253472222222 0,824544270833333 0,179253472222222 0,824544270833333 0,377980324074074 0,679217303240741 0,377980324074074
43 0,776982060185185 0,191095196759259 0,919343171296296 0,191095196759259 0,919343171296296 0,376092303240741 0,776982060185185 0,376092303240741
46 0,927734375 0,197265625 1 0,197265625 1 0,400390625 0,927734375 0,400390625
34 0,899330345703125 0,708984375 0,895981228515625 0,757986087890625 0,979605328125 0,76388044140625 0,9899901640625 0,708984375 0,899330345703125 0,708984375
10 0,815438048828125 0,708984375 0,8085408046875 0,75579836328125 0,908979166015625 0,766680705078125 0,913676654296875 0,708984375 0,815438048828125 0,708984375
2 0,69337159765625 0,708984375 0,6879942890625 0,754761560546875 0,795562326171875 0,75998776171875 0,800186828125 0,708984375 0,69337159765625 0,708984375