52 0 0,224609375 0,140625 0,224609375 0,140625 0,4375 0 0,4375
10 0,050390625 0,215118634259259 0,213020833333333 0,215118634259259 0,213020833333333 0,421050347222222 0,050390625 0,421050347222222
25 0,122265625 0,191022858796296 0,286892361111111 0,191022858796296 0,286892361111111 0,3990234375 0,122265625 0,3990234375
5 0,221571180555556 0,168547453703704 0,399826388888889 0,168547453703704 0,399826388888889 0,375405092592593 0,221571180555556 0,375405092592593
7 0,306011284722222 0,151063368055556 0,466731770833333 0,151063368055556 0,466731770833333 0,358832465277778 0,306011284722222 0,358832465277778
0 0,380750868055556 0,132024016203704 0,549283854166667 0,132024016203704 0,549283854166667 0,340256076388889 0,380750868055556 0,340256076388889
21 0,6064453125 0,16842483203125 0,6064453125 0,195008470703125 0,628467568359375 0,2318875 0,6889675703125 0,22718104296875 0,6417816875 0,16508521875 0,6064453125 0,16842483203125
0 0,723687654296875 0,220652513671875 0,692932779296875 0,1587974375 0,63756372265625 0,163920615234375 0,6707847890625 0,2247738984375 0,723687654296875 0,220652513671875
2 0,75247941015625 0,216136189453125 0,71858990625 0,1545750390625 0,665260458984375 0,15913276171875 0,693734302734375 0,220201376953125 0,75247941015625 0,216136189453125
0 0,777892986328125 0,210599115234375 0,748037228515625 0,14845315625 0,692340412109375 0,15351087109375 0,724047375 0,215364548828125 0,777892986328125 0,210599115234375
4 0,401401876953125 1 0,4347485234375 0,984339841796875 0,384017642578125 0,952261453125 0,29713426171875 1 0,401401876953125 1
6 0,3137745546875 1 0,401034578125 0,94839223828125 0,35673576171875 0,918548859375 0,232979962890625 0,9833162890625 0,251638287109375 1 0,3137745546875 1
6 0,374127228515625 0,915073767578125 0,325616962890625 0,881981212890625 0,204907951171875 0,95651540625 0,245115517578125 0,984330455078125 0,374127228515625 0,915073767578125
24 0,6064453125 0,765625 0,7841796875 0,765625 0,7841796875 1 0,6064453125 1
6 0,6904296875 0,771484375 0,9658203125 0,771484375 0,9658203125 1 0,6904296875 1
8 0,8125 0,748046875 1 0,748046875 1 1 0,8125 1