12 0,5859375 0,3642578125 0,689453125 0,3642578125 0,689453125 0,4462890625 0,5859375 0,4462890625
0 0,443359375 0,3486328125 0,544921875 0,3486328125 0,544921875 0,4462890625 0,443359375 0,4462890625
46 0,544921875 0,3603515625 0,642578125 0,3603515625 0,642578125 0,4462890625 0,544921875 0,4462890625
52 0,501953125 0,3525390625 0,603515625 0,3525390625 0,603515625 0,4462890625 0,501953125 0,4462890625
2 0,3984375 0,3427734375 0,494140625 0,3427734375 0,494140625 0,4462890625 0,3984375 0,4462890625
3 0,353515625 0,3349609375 0,453125 0,3349609375 0,453125 0,4462890625 0,353515625 0,4462890625
12 0,744140625 0,1259765625 0,822265625 0,1259765625 0,822265625 0,2587890625 0,744140625 0,2587890625
29 0,524956597222222 0,673893229166667 0,734013310185185 0,673893229166667 0,734013310185185 0,941124131944444 0,524956597222222 0,941124131944444
6 0,365306712962963 0,669401041666667 0,547960069444444 0,669401041666667 0,547960069444444 0,908159722222222 0,365306712962963 0,908159722222222
7 0,263997395833333 0,654427083333333 0,444697627314815 0,654427083333333 0,444697627314815 0,893098958333333 0,263997395833333 0,893098958333333
1 0,181423611111111 0,644466145833333 0,338831018518519 0,644466145833333 0,338831018518519 0,886002604166667 0,181423611111111 0,886002604166667
2 0,0567853009259259 0,631727430555556 0,251519097222222 0,631727430555556 0,251519097222222 0,880772569444445 0,0567853009259259 0,880772569444445
12 0,890625 0,451171875 1 0,451171875 1 0,787109375 0,890625 0,787109375
15 0,748046875 0,451171875 1 0,451171875 1 0,76171875 0,748046875 0,76171875
24 0,744140625 0,4521484375 0,89453125 0,4521484375 0,89453125 0,7548828125 0,744140625 0,7548828125