46 0,171375868055556 0,00232204861111113 0,322533275462963 0,00232204861111113 0,322533275462963 0,192035590277778 0,171375868055556 0,192035590277778
43 0,229217303240741 0,0118489583333333 0,376584201388889 0,0118489583333333 0,376584201388889 0,203428819444444 0,229217303240741 0,203428819444444
49 0,285510706018519 0,0124565972222223 0,437015335648148 0,0124565972222223 0,437015335648148 0,208029513888889 0,285510706018519 0,208029513888889
46 0,3759765625 0,0263671875 0,4697265625 0,0263671875 0,4697265625 0,2099609375 0,3759765625 0,2099609375
32 0 0,746766611328125 0,11228 0,472602466796875 0 0,45403640234375 0 0,746766611328125
26 0 0,752762068359375 0,13573790625 0,77501199609375 0,231233373046875 0,500108462890625 0,092730236328125 0,4750872578125 0 0,75253896875 0 0,752762068359375
4 0,285674849609375 0,80932953125 0,384980802734375 0,53179415234375 0,260173900390625 0,5129424296875 0,1571657890625 0,785233177734375 0,285674849609375 0,80932953125
4 0,4697265625 0,648659029296875 0,4697265625 0,553551013671875 0,36658850390625 0,533133115234375 0,26634276953125 0,810866791015625 0,39468176171875 0,83205536328125 0,4697265625 0,648659029296875
10 0,647157118055556 0,514539930555556 0,85130931712963 0,514539930555556 0,85130931712963 0,775651041666667 0,647157118055556 0,775651041666667
0 0,784440104166667 0,536892361111111 0,9865234375 0,536892361111111 0,9865234375 0,796006944444444 0,784440104166667 0,796006944444444
52 0,4287109375 0,4755859375 0,6611328125 0,4755859375 0,6611328125 0,7509765625 0,4287109375 0,7509765625
47 0,539113136574074 0,494292534722222 0,753030960648148 0,494292534722222 0,753030960648148 0,755620659722222 0,539113136574074 0,755620659722222
0 0,880859375 0,54296875 1 0,54296875 1 0,814453125 0,880859375 0,814453125