0 0 0,064453125 0,046875 0,064453125 0,046875 0,244140625 0 0,244140625
0 0,162131076388889 0,0856553819444444 0,266977719907407 0,0856553819444444 0,266977719907407 0,269610821759259 0,162131076388889 0,269610821759259
0 0,018677662037037 0,0716362847222222 0,11372974537037 0,0716362847222222 0,11372974537037 0,251396122685185 0,018677662037037 0,251396122685185
0 0,0909071180555556 0,0747540509259259 0,189894386574074 0,0747540509259259 0,189894386574074 0,25853587962963 0,0909071180555556 0,25853587962963
12 0,351699400390625 0,28602189453125 0,382858314453125 0,092079677734375 0,278431228515625 0,08958574609375 0,257159044921875 0,273240490234375 0,351699400390625 0,28602189453125
12 0,46086757421875 0,11010323828125 0,360183931640625 0,099361587890625 0,343447044921875 0,28857074609375 0,433209224609375 0,2926515546875 0,46086757421875 0,11010323828125
6 0,869140625 0 0,974609375 0 0,974609375 0,173828125 0,869140625 0,173828125
6 0,94921875 0 1 0 1 0,177734375 0,94921875 0,177734375
12 0,360416666666667 0,67669994212963 0,471108217592593 0,67669994212963 0,471108217592593 0,858875868055556 0,360416666666667 0,858875868055556
16 0,277430555555555 0,665451388888889 0,390118634259259 0,665451388888889 0,390118634259259 0,853544560185185 0,277430555555555 0,853544560185185
31 0,201352719907407 0,656358506944444 0,302278645833333 0,656358506944444 0,302278645833333 0,838245081018518 0,201352719907407 0,838245081018518
0 0,0832899305555556 0,637232349537037 0,188136574074074 0,637232349537037 0,188136574074074 0,821187789351852 0,0832899305555556 0,821187789351852
7 0,00227141203703707 0,627994791666667 0,107132523148148 0,627994791666667 0,107132523148148 0,813903356481481 0,00227141203703707 0,813903356481481
1 0,95233540625 1 0,967791642578125 0,876100828125 0,875505845703125 0,865679919921875 0,857132634765625 1 0,95233540625 1
4 0,87280409375 1 0,887947083984375 0,86480016015625 0,78370424609375 0,851108345703125 0,766749248046875 1 0,87280409375 1
4 0,78718116015625 1 0,80329782421875 0,8511886171875 0,703270603515625 0,83906941015625 0,685203271484375 1 0,78718116015625 1