5 0,00876736111111109 0,046484375 0,134129050925926 0,046484375 0,134129050925926 0,196223958333333 0,00876736111111109 0,196223958333333
8 0 0,0546875 0,064453125 0,0546875 0,064453125 0,197265625 0 0,197265625
0 0,26861255787037 0,475260416666667 0,405982349537037 0,475260416666667 0,405982349537037 0,6453125 0,26861255787037 0,6453125
44 0,413071469907407 0,4748046875 0,544524016203704 0,4748046875 0,544524016203704 0,640559895833333 0,413071469907407 0,640559895833333
39 0,0185691550925926 0,476888020833333 0,162058738425926 0,476888020833333 0,162058738425926 0,664908854166667 0,0185691550925926 0,664908854166667
7 0,330078125 0,468815104166667 0,473394097222222 0,468815104166667 0,473394097222222 0,6451171875 0,330078125 0,6451171875
17 0,098551912109375 0,64804403515625 0,220647482421875 0,649584529296875 0,226191119140625 0,48423745703125 0,12828726171875 0,4843580703125 0,098551912109375 0,64804403515625
20 0,1713677109375 0,640848189453125 0,2877697734375 0,64233083984375 0,301589443359375 0,480001546875 0,197690037109375 0,482740779296875 0,1713677109375 0,640848189453125
19 0,702114154296875 0,730688568359375 0,71545193359375 0,6735592578125 0,652865390625 0,6743777890625 0,63734369921875 0,731319154296875 0,702114154296875 0,730688568359375
28 0,73082547265625 0,7288705859375 0,74234115234375 0,67411987109375 0,678999302734375 0,674252474609375 0,665778142578125 0,72969125 0,73082547265625 0,7288705859375
10 0,759266400390625 0,730819353515625 0,768443478515625 0,672665666015625 0,711638357421875 0,67383365234375 0,694054802734375 0,729816701171875 0,759266400390625 0,730819353515625
8 0,796430087890625 0,728961802734375 0,8084621875 0,67414055859375 0,747882814453125 0,674020560546875 0,732176779296875 0,72869076171875 0,796430087890625 0,728961802734375
3 0,826323228515625 0,7280696875 0,836903751953125 0,67409299609375 0,774088787109375 0,674276095703125 0,7604759609375 0,7283349140625 0,826323228515625 0,7280696875
1 0,85120009765625 0,72832404296875 0,862173015625 0,675818998046875 0,804328220703125 0,675215736328125 0,79108443359375 0,728127892578125 0,85120009765625 0,72832404296875