5 0 0,3095703125 0,11655166015625 0,3095703125 0,161117716796875 0,156634763671875 0,034733330078125 0,119858376953125 0 0,265026166015625 0 0,3095703125
3 0,239790291015625 0,3095703125 0,280158478515625 0,19661014453125 0,15514725390625 0,15700722265625 0,110547583984375 0,3095703125 0,239790291015625 0,3095703125
8 0,37050162890625 0,3095703125 0,3960780390625 0,22876507421875 0,27249064453125 0,1981029375 0,23579936328125 0,3095703125 0,37050162890625 0,3095703125
28 0,52314396484375 0,3095703125 0,556397607421875 0,194867771484375 0,4756659609375 0,175813828125 0,437942953125 0,3095703125 0,52314396484375 0,3095703125
22 0,6083928828125 0,3095703125 0,63327433203125 0,2184468984375 0,546076630859375 0,19673151953125 0,513923720703125 0,3095703125 0,6083928828125 0,3095703125
17 0,688074505859375 0,3095703125 0,707137982421875 0,2406830625 0,622597587890625 0,21817694921875 0,597334421875 0,3095703125 0,688074505859375 0,3095703125
0 0,7989514296875 0,3095703125 0,809261427734375 0,272320421875 0,72262727734375 0,2499322265625 0,7067681328125 0,3095703125 0,7989514296875 0,3095703125
40 0 0,54463950390625 0,079512376953125 0,546162369140625 0,136431173828125 0,3076171875 0 0,3076171875 0 0,54463950390625
41 0,130508212890625 0,3076171875 0,0697113125 0,59407643359375 0,1859956640625 0,64478535546875 0,266876283203125 0,3076171875 0,130508212890625 0,3076171875
48 0,327527361328125 0,3076171875 0,264019966796875 0,3076171875 0,187515005859375 0,650404146484375 0,3264702578125 0,6966075 0,4143207734375 0,331949130859375 0,327527361328125 0,3076171875
4 0,36130341796875 0,734273970703125 0,44921875 0,75539894140625 0,44921875 0,43071488671875 0,36130341796875 0,734273970703125
21 0,651204296875 0,639369197265625 0,721819685546875 0,652212462890625 0,74448803515625 0,461960716796875 0,677672953125 0,45234752734375 0,651204296875 0,639369197265625
43 0,707249763671875 0,64498641796875 0,776521146484375 0,657675310546875 0,803766251953125 0,469621384765625 0,733787982421875 0,462803025390625 0,707249763671875 0,64498641796875
21 0,763986109375 0,650235609375 0,8324277578125 0,658555033203125 0,847718109375 0,480934837890625 0,790403611328125 0,4725369140625 0,763986109375 0,650235609375
4 0,8427489296875 0,65780246484375 0,904963267578125 0,66860169921875 0,930277513671875 0,48477218359375 0,870445837890625 0,47688908984375 0,8427489296875 0,65780246484375
0 0,8885323125 0,663013822265625 0,955900080078125 0,675078470703125 0,979769373046875 0,498772783203125 0,917837611328125 0,489684521484375 0,8885323125 0,663013822265625
3 1 0,49708664453125 0,965154896484375 0,4928067421875 0,9414655859375 0,668995603515625 1 0,678454142578125 1 0,49708664453125