4 0,39701244212963 0,0188874421296296 0,477235243055556 0,0188874421296296 0,477235243055556 0,154636863425926 0,39701244212963 0,154636863425926
3 0,4951171875 0,0126953125 0,5634765625 0,0126953125 0,5634765625 0,1376953125 0,4951171875 0,1376953125
1 0,451671006944445 0,0187210648148148 0,529651331018518 0,0187210648148148 0,529651331018518 0,144675925925926 0,451671006944445 0,144675925925926
3 0,975070529296875 0,114173634765625 0,966201939453125 0,0009765625 0,87643834375 0,0009765625 0,8808983203125 0,108232794921875 0,975070529296875 0,114173634765625
0 0,893077322265625 0,106498607421875 0,8876516484375 0,0009765625 0,80167580859375 0,0009765625 0,805513578125 0,089191431640625 0,893077322265625 0,106498607421875
1 0,819284232421875 0,091217009765625 0,8147800078125 0,0009765625 0,74467720703125 0,0009765625 0,738762669921875 0,0759898984375 0,819284232421875 0,091217009765625
15 0,5185546875 0,8642578125 0,5634765625 0,8642578125 0,5634765625 0,9306640625 0,5185546875 0,9306640625
10 0,483304398148148 0,86470630787037 0,536111111111111 0,86470630787037 0,536111111111111 0,931720196759259 0,483304398148148 0,931720196759259
33 0,447287326388889 0,868077256944444 0,500036168981482 0,868077256944444 0,500036168981482 0,933138020833333 0,447287326388889 0,933138020833333
0 0,399580439814815 0,872251157407407 0,452329282407407 0,872251157407407 0,452329282407407 0,937311921296296 0,399580439814815 0,937311921296296
9 0,36353443287037 0,874645543981482 0,418236400462963 0,874645543981482 0,418236400462963 0,939735243055556 0,36353443287037 0,939735243055556
2 0,327517361111111 0,878016493055556 0,382219328703704 0,878016493055556 0,382219328703704 0,94310619212963 0,327517361111111 0,94310619212963
5 0,875 0,4453125 1 0,4453125 1 0,720703125 0,875 0,720703125
2 0,764677372685185 0,454759837962963 0,915473090277778 0,454759837962963 0,915473090277778 0,732118055555556 0,764677372685185 0,732118055555556
5 0,647779224537037 0,462789351851852 0,79857494212963 0,462789351851852 0,79857494212963 0,740147569444444 0,647779224537037 0,740147569444444