19 0,16177858203125 0,373511291015625 0,15678919140625 0,32397015234375 0,094088201171875 0,3263139921875 0,099967330078125 0,376154576171875 0,16177858203125 0,373511291015625
32 0,1847997578125 0,374354701171875 0,1780833359375 0,3213468828125 0,119855126953125 0,32418044140625 0,12544023828125 0,376410146484375 0,1847997578125 0,374354701171875
14 0,20927357421875 0,372839548828125 0,204473578125 0,319472849609375 0,14276140625 0,321208701171875 0,1487779453125 0,374867779296875 0,20927357421875 0,372839548828125
4 0,2411862265625 0,36812095703125 0,2383719375 0,316155501953125 0,17327922265625 0,3189383125 0,1813921953125 0,370200396484375 0,2411862265625 0,36812095703125
6 0,26400003515625 0,3684233203125 0,26013571875 0,31402844140625 0,1997166015625 0,316251216796875 0,2025941328125 0,370026326171875 0,26400003515625 0,3684233203125
5 0,2208588203125 0,315904564453125 0,22443447265625 0,36669647265625 0,287769447265625 0,364861228515625 0,284172720703125 0,313905740234375 0,2208588203125 0,315904564453125
27 0,656914423828125 0,1503738046875 0,755284705078125 0,15422814453125 0,747491060546875 0,048353232421875 0,6544367734375 0,042221064453125 0,656914423828125 0,1503738046875
0 0,725900390625 0,155250068359375 0,81729159765625 0,15249322265625 0,81615115625 0,047519625 0,720147705078125 0,04924301171875 0,725900390625 0,155250068359375
8 0,775530716796875 0,048884916015625 0,77438171875 0,048951064453125 0,774395880859375 0,153989255859375 0,866755361328125 0,154543693359375 0,868982013671875 0,048723552734375 0,775530716796875 0,048884916015625
1 0,824883681640625 0,157339025390625 0,9164255546875 0,16133688671875 0,913703771484375 0,052536056640625 0,8307033984375 0,05132059375 0,824883681640625 0,157339025390625
6 0,87826419921875 0,162502328125 0,961807666015625 0,164036849609375 0,9741306015625 0,060219029296875 0,87465555859375 0,054417294921875 0,87826419921875 0,162502328125
3 1 0,06114962109375 0,933537626953125 0,059184013671875 0,9264576171875 0,162673115234375 1 0,1651506640625 1 0,06114962109375
30 0,41672888671875 0,8033271640625 0,39284649609375 0,630414869140625 0,2598962578125 0,650452671875 0,299282001953125 0,82961226953125 0,41672888671875 0,8033271640625
28 0,498287072265625 0,779684853515625 0,48461834765625 0,6070211171875 0,358155458984375 0,631994591796875 0,383613421875 0,8016938203125 0,498287072265625 0,779684853515625
13 0,5087890625 0,777678958984375 0,5087890625 0,60061448046875 0,44169407421875 0,605504779296875 0,445833173828125 0,6058705 0,481972953125 0,781264578125 0,5087890625 0,777678958984375
19 0,913593658203125 0,932814154296875 0,9671892109375 0,92610829296875 0,955712017578125 0,872023041015625 0,8992180234375 0,879350720703125 0,913593658203125 0,932814154296875
13 0,934473744140625 0,925906671875 0,98749628515625 0,917309798828125 0,975949046875 0,867244734375 0,92168048046875 0,873195404296875 0,934473744140625 0,925906671875
20 1 0,863178421875 0,9992326015625 0,85864509765625 0,942927029296875 0,866322029296875 0,95532229296875 0,9178773671875 1 0,912061123046875 1 0,863178421875
9 1 0,853967947265625 0,972061205078125 0,855279712890625 0,98133329296875 0,90749409765625 1 0,906683603515625 1 0,853967947265625