4 0,4052734375 0,158203125 0,5439453125 0,158203125 0,5439453125 0,376953125 0,4052734375 0,376953125
46 0,0685980902777778 0,0909577546296296 0,2560546875 0,0909577546296296 0,2560546875 0,326316550925926 0,0685980902777778 0,326316550925926
37 0,167513020833333 0,125065104166667 0,348328993055556 0,125065104166667 0,348328993055556 0,342498553240741 0,167513020833333 0,342498553240741
23 0,257269965277778 0,128436053240741 0,4544921875 0,128436053240741 0,4544921875 0,364373553240741 0,257269965277778 0,364373553240741
22 0,638954044921875 0,511819326171875 0,648816501953125 0,4509175078125 0,59388730078125 0,44511144140625 0,584022001953125 0,50455754296875 0,638954044921875 0,511819326171875
22 0,669043787109375 0,517345203125 0,67774681640625 0,457304212890625 0,625023892578125 0,45087603125 0,614144673828125 0,510872765625 0,669043787109375 0,517345203125
26 0,6985061953125 0,52426574609375 0,7080027734375 0,464035904296875 0,6550232421875 0,45675337890625 0,6442958046875 0,516810916015625 0,6985061953125 0,52426574609375
2 0,74977634765625 0,53440684765625 0,758788322265625 0,47458391796875 0,705233013671875 0,468322916015625 0,69527096484375 0,52756270703125 0,74977634765625 0,53440684765625
0 0,780099033203125 0,540542125 0,78950763671875 0,480840173828125 0,73550134375 0,473901130859375 0,7263407109375 0,5340776328125 0,780099033203125 0,540542125
15 0,80992528515625 0,54662980078125 0,8207181640625 0,486412794921875 0,765114466796875 0,47905560546875 0,755895478515625 0,540171876953125 0,80992528515625 0,54662980078125
35 0,5146484375 0,64453125 0,7294921875 0,64453125 0,7294921875 0,919921875 0,5146484375 0,919921875
27 0,6025390625 0,64453125 0,8466796875 0,64453125 0,8466796875 0,986328125 0,6025390625 0,986328125
21 0,7265625 0,64453125 0,9765625 0,64453125 0,9765625 1 0,7265625 1
5 0,904296875 0,708984375 1 0,708984375 1 1 0,904296875 1