23 0 0,03515625 0,015625 0,03515625 0,015625 0,11328125 0 0,11328125
23 0,000802951388888862 0,0398220486111111 0,0464482060185185 0,0398220486111111 0,0464482060185185 0,118684895833333 0,000802951388888862 0,118684895833333
39 0,0348090277777778 0,0376519097222222 0,0804542824074074 0,0376519097222222 0,0804542824074074 0,116514756944444 0,0348090277777778 0,116514756944444
5 0,078125 0,0444661458333334 0,127560763888889 0,0444661458333334 0,127560763888889 0,121462673611111 0,078125 0,121462673611111
6 0,116095196759259 0,043359375 0,157718460648148 0,043359375 0,157718460648148 0,120182291666667 0,116095196759259 0,120182291666667
8 0,1455078125 0,0459635416666667 0,191037326388889 0,0459635416666667 0,191037326388889 0,122873263888889 0,1455078125 0,122873263888889
43 0,889351851851852 0,372721354166667 0,961328125 0,372721354166667 0,961328125 0,500933159722222 0,889351851851852 0,500933159722222
52 0,943359375 0,3828125 1 0,3828125 1 0,515625 0,943359375 0,515625
24 0,81941247265625 0,977178212890625 0,76380926171875 0,721192708984375 0,64733860546875 0,736900931640625 0,707984169921875 0,99169120703125 0,81941247265625 0,977178212890625
20 0,932682837890625 0,961551181640625 0,8700132421875 0,8426433203125 0,8829638671875 0,723129005859375 0,83511929296875 0,710218931640625 0,75901374609375 0,716355736328125 0,813469943359375 0,979928814453125 0,932682837890625 0,961551181640625
19 1 0,790024076171875 0,981602669921875 0,70620025390625 0,900546482421875 0,71153178515625 0,890042392578125 0,87623677734375 0,92323206640625 0,95099076953125 1 0,94413705859375 1 0,790024076171875