9 0,116391782407407 0,298828125 0,187572337962963 0,298828125 0,187572337962963 0,427734375 0,116391782407407 0,427734375
10 0,2255859375 0,27734375 0,298719618055556 0,27734375 0,298719618055556 0,40625 0,2255859375 0,40625
3 0,0670572916666666 0,3046875 0,144386574074074 0,3046875 0,144386574074074 0,44140625 0,0670572916666666 0,44140625
5 0,157877604166667 0,2861328125 0,238823784722222 0,2861328125 0,238823784722222 0,4150390625 0,157877604166667 0,4150390625
22 0,313295717592593 0,2578125 0,382450810185185 0,2578125 0,382450810185185 0,384765625 0,313295717592593 0,384765625
40 0,270001446759259 0,2666015625 0,339156539351852 0,2666015625 0,339156539351852 0,3935546875 0,270001446759259 0,3935546875
10 0,858757068359375 0,44635838671875 0,8539787109375 0,160642939453125 0,77424986328125 0,14691219921875 0,7582042890625 0,42624851171875 0,858757068359375 0,44635838671875
32 0,7723226796875 0,15158588671875 0,76372121484375 0,150174044921875 0,666171984375 0,136469232421875 0,6792865 0,404448375 0,7642661953125 0,4187251171875 0,7723226796875 0,15158588671875
21 0,678153037109375 0,398043314453125 0,671152826171875 0,14556380859375 0,632564037109375 0,132327123046875 0,583162888671875 0,38116930859375 0,678153037109375 0,398043314453125
3 0,5380859375 0,366623947265625 0,56371711328125 0,36672127734375 0,549628900390625 0,131658546875 0,5380859375 0,129376970703125 0,5380859375 0,366623947265625
35 0 0,95862909765625 0,040088609375 0,958101220703125 0,0271741875 0,86639800390625 0 0,865713814453125 0 0,95862909765625
32 0,8349609375 0,529296875 0,9658203125 0,529296875 0,9658203125 0,734375 0,8349609375 0,734375
10 0,758427372685185 0,529296875 0,875614872685185 0,529296875 0,875614872685185 0,740234375 0,758427372685185 0,740234375
10 0,666232638888889 0,5419921875 0,791160300925926 0,5419921875 0,791160300925926 0,7509765625 0,666232638888889 0,7509765625
9 0,563404224537037 0,5478515625 0,684497974537037 0,5478515625 0,684497974537037 0,7587890625 0,563404224537037 0,7587890625
8 0,5380859375 0,564453125 0,5966796875 0,564453125 0,5966796875 0,77734375 0,5380859375 0,77734375