33 0,1890625 0,111147280092593 0,251692708333333 0,111147280092593 0,251692708333333 0,140950520833333 0,1890625 0,140950520833333
19 0,1763671875 0,111617476851852 0,238997395833333 0,111617476851852 0,238997395833333 0,141420717592593 0,1763671875 0,141420717592593
10 0,163606770833333 0,113064236111111 0,226236979166667 0,113064236111111 0,226236979166667 0,142867476851852 0,163606770833333 0,142867476851852
3 0,144986979166667 0,114728009259259 0,2076171875 0,114728009259259 0,2076171875 0,14453125 0,144986979166667 0,14453125
2 0,132291666666667 0,115198206018518 0,194921875 0,115198206018518 0,194921875 0,145001446759259 0,132291666666667 0,145001446759259
2 0,118489583333333 0,117657696759259 0,181119791666667 0,117657696759259 0,181119791666667 0,1474609375 0,118489583333333 0,1474609375
21 0,58454270703125 0,4775390625 0,4765625 0,4004308515625 0,4765625 0,4775390625 0,58454270703125 0,4775390625
37 0,4765625 0,3880808125 0,55775379296875 0,4775390625 0,62257172265625 0,4775390625 0,652732125 0,46398840234375 0,5474710546875 0,344967779296875 0,4765625 0,373259599609375 0,4765625 0,3880808125
20 0,6433687265625 0,45873317578125 0,712275037109375 0,42351880859375 0,605310419921875 0,295480279296875 0,515047974609375 0,339721572265625 0,6433687265625 0,45873317578125
3 0,683965154296875 0,244266935546875 0,60357241796875 0,285606951171875 0,7061222265625 0,40842384375 0,784627828125 0,375055525390625 0,683965154296875 0,244266935546875
7 0,668984146484375 0,2399914140625 0,766503509765625 0,37449414453125 0,841736193359375 0,339091662109375 0,734989556640625 0,20056473046875 0,668984146484375 0,2399914140625
5 0,832345857421875 0,32785323046875 0,902532630859375 0,294888890625 0,80582866796875 0,16280224609375 0,716970701171875 0,20350494140625 0,832345857421875 0,32785323046875
28 0,404418955078125 0,80837068359375 0,445584033203125 0,664164501953125 0,34738319921875 0,666521640625 0,31029183984375 0,8109783671875 0,404418955078125 0,80837068359375
27 0,3442928515625 0,814638453125 0,381462626953125 0,66829325 0,280099970703125 0,672165583984375 0,24492587890625 0,822769365234375 0,3442928515625 0,814638453125
33 0,28063708984375 0,82374993359375 0,312095490234375 0,676409998046875 0,2098145234375 0,68240820703125 0,1796714296875 0,831003193359375 0,28063708984375 0,82374993359375
7 0,18381141796875 0,83403558984375 0,220019755859375 0,688200001953125 0,09949403515625 0,69189882421875 0,096181193359375 0,838772375 0,18381141796875 0,83403558984375
6 0,138166103515625 0,84127092578125 0,143560763671875 0,695352375 0,040172791015625 0,698706525390625 0,025559689453125 0,847834958984375 0,138166103515625 0,84127092578125
3 0 0,8523316875 0,067445578125 0,848786021484375 0,078202275390625 0,70337116796875 0 0,706939283203125 0 0,8523316875
22 1 0,4794921875 0,86024685546875 0,4794921875 0,861730486328125 0,683737390625 1 0,67099661328125 1 0,4794921875
10 0,89890728515625 0,4794921875 0,863352388671875 0,4794921875 0,78281053515625 0,486935689453125 0,759281556640625 0,698838796875 0,90393918359375 0,69316709765625 0,89890728515625 0,4794921875
26 0,807274001953125 0,693601423828125 0,81280753515625 0,491556216796875 0,6732868125 0,4972277421875 0,65611533203125 0,71013509375 0,807274001953125 0,693601423828125
3 0,680900529296875 0,709218900390625 0,67361665625 0,501383001953125 0,5290156640625 0,5008007265625 0,5282930546875 0,719311541015625 0,680900529296875 0,709218900390625
0 0,4765625 0,7299853828125 0,577621939453125 0,72051051171875 0,57786477734375 0,51360896484375 0,4765625 0,516784974609375 0,4765625 0,7299853828125