33 0,455324074074074 0,245638020833333 0,513382523148148 0,245638020833333 0,513382523148148 0,343598090277778 0,455324074074074 0,343598090277778
19 0,416145833333333 0,251714409722222 0,478110532407407 0,251714409722222 0,478110532407407 0,349848090277778 0,416145833333333 0,349848090277778
10 0,381879340277778 0,2599609375 0,437926793981481 0,2599609375 0,437926793981481 0,353927951388889 0,381879340277778 0,353927951388889
3 0,326989293981481 0,267296006944444 0,387000868055556 0,267296006944444 0,387000868055556 0,365342881944444 0,326989293981481 0,365342881944444
2 0,290726273148148 0,272526041666667 0,348813657407407 0,272526041666667 0,348813657407407 0,372439236111111 0,290726273148148 0,372439236111111
2 0,253530092592593 0,278689236111111 0,311588541666667 0,278689236111111 0,311588541666667 0,376649305555556 0,253530092592593 0,376649305555556
20 0,899790219907407 0,389084201388889 0,945666956018518 0,389084201388889 0,945666956018518 0,4552734375 0,899790219907407 0,4552734375
1 0,937029803240741 0,242209201388889 0,990834780092593 0,242209201388889 0,990834780092593 0,316558159722222 0,937029803240741 0,316558159722222
9 0,907588252314815 0,244813368055556 0,963433159722222 0,244813368055556 0,963433159722222 0,325108506944444 0,907588252314815 0,325108506944444
35 0,5166015625 0,599609375 0,5927734375 0,599609375 0,5927734375 0,90234375 0,5166015625 0,90234375
27 0,3896484375 0,599609375 0,5927734375 0,599609375 0,5927734375 0,91796875 0,3896484375 0,91796875
2 0,1962890625 0,599609375 0,4287109375 0,599609375 0,4287109375 0,947265625 0,1962890625 0,947265625
6 0,0712890625 0,599609375 0,2861328125 0,599609375 0,2861328125 0,955078125 0,0712890625 0,955078125
3 0 0,599609375 0,15625 0,599609375 0,15625 0,96875 0 0,96875
31 0,96875 0,734375 1 0,734375 1 0,994140625 0,96875 0,994140625
12 0,90234375 0,744140625 1 0,744140625 1 1 0,90234375 1
14 0,8349609375 0,7421875 0,9619140625 0,7421875 0,9619140625 1 0,8349609375 1
4 0,7412109375 0,75 0,8603515625 0,75 0,8603515625 1 0,7412109375 1
2 0,6669921875 0,759765625 0,7958984375 0,759765625 0,7958984375 1 0,6669921875 1
6 0,5966796875 0,759765625 0,7197265625 0,759765625 0,7197265625 1 0,5966796875 1