29 0,4814453125 0,18359375 0,6376953125 0,18359375 0,6376953125 0,388671875 0,4814453125 0,388671875
14 0,3251953125 0,19140625 0,5576171875 0,19140625 0,5576171875 0,388671875 0,3251953125 0,388671875
8 0,1279296875 0,2265625 0,3681640625 0,2265625 0,3681640625 0,388671875 0,1279296875 0,388671875
6 0 0,2421875 0,212890625 0,2421875 0,212890625 0,388671875 0 0,388671875
10 1 0,308110908203125 0,992378068359375 0,282827173828125 0,90916108984375 0,283264134765625 0,9068241953125 0,388671875 1 0,388671875 1 0,308110908203125
0 0,88280255078125 0,388671875 0,864085521484375 0,296945373046875 0,7293570234375 0,31420487890625 0,74466744921875 0,388671875 0,88280255078125 0,388671875
9 0,76923297265625 0,388671875 0,7513872890625 0,306551611328125 0,612227193359375 0,312726744140625 0,6288803984375 0,388671875 0,76923297265625 0,388671875
12 0,459216328125 0,388671875 0,46606712109375 0,5649196796875 0,573466689453125 0,576477662109375 0,56542032421875 0,388671875 0,459216328125 0,388671875
14 0,38538445703125 0,388671875 0,38617455078125 0,549733193359375 0,50210703125 0,5670933125 0,4916443515625 0,388671875 0,38538445703125 0,388671875
30 0,314870103515625 0,388671875 0,3174182890625 0,5301817265625 0,426831314453125 0,551227794921875 0,419178189453125 0,388671875 0,314870103515625 0,388671875
7 0,225239880859375 0,388671875 0,2417331796875 0,507984748046875 0,31406572265625 0,520031697265625 0,3247705625 0,388671875 0,225239880859375 0,388671875
1 0,17400828125 0,388671875 0,163016857421875 0,495976767578125 0,265971814453125 0,5126454765625 0,25170536328125 0,388671875 0,17400828125 0,388671875
6 0,091847734375 0,388671875 0,093770552734375 0,483741310546875 0,2058241015625 0,498218669921875 0,185042466796875 0,388671875 0,091847734375 0,388671875
0 0,825998263888889 0,437717013888889 0,956770833333333 0,437717013888889 0,956770833333333 0,612818287037037 0,825998263888889 0,612818287037037
44 0,686610243055556 0,445703125 0,813389756944444 0,445703125 0,813389756944444 0,618793402777778 0,686610243055556 0,618793402777778
7 0,758528645833333 0,436675347222222 0,895421006944444 0,436675347222222 0,895421006944444 0,617722800925926 0,758528645833333 0,617722800925926
20 1 0,434895267578125 0,930111865234375 0,43574266796875 0,94935571875 0,609394244140625 1 0,60689552734375 1 0,434895267578125