38 0,1594832421875 0 0,1456688515625 0,064763658203125 0,419591384765625 0,1234091875 0,431640625 0,046069193359375 0,431640625 0,025692140625 0,325678580078125 0 0,1594832421875 0
21 0,392807408203125 0,206307259765625 0,41593526171875 0,11562683203125 0,15608777734375 0,060822234375 0,1310876875 0,153982380859375 0,392807408203125 0,206307259765625
20 0,403640251953125 0,2055461875 0,40069773828125 0,205366455078125 0,144467421875 0,153386232421875 0,12095871875 0,25574849609375 0,386160556640625 0,297896888671875 0,403640251953125 0,2055461875
9 0,383115900390625 0,3281351875 0,12081218359375 0,294926826171875 0,100987958984375 0,384116802734375 0,3655714453125 0,412224443359375 0,383115900390625 0,3281351875
8 0,3652863515625 0,43152775390625 0,105424455078125 0,39463037890625 0,081160791015625 0,47412697265625 0,347161333984375 0,519239998046875 0,3652863515625 0,43152775390625
9 0,090664814453125 0,49195408203125 0,067349955078125 0,575881091796875 0,3320777265625 0,604147109375 0,3567617265625 0,517661064453125 0,090664814453125 0,49195408203125
4 0,4416015625 0,2177734375 0,619856770833333 0,2177734375 0,619856770833333 0,4658203125 0,4416015625 0,4658203125
40 0,666731770833333 0,2490234375 0,8365234375 0,2490234375 0,8365234375 0,4873046875 0,666731770833333 0,4873046875
8 0,384765625 0,2216796875 0,517578125 0,2216796875 0,517578125 0,4560546875 0,384765625 0,4560546875
39 0,761197916666667 0,2607421875 0,9265625 0,2607421875 0,9265625 0,4912109375 0,761197916666667 0,4912109375
48 0,5734375 0,244140625 0,743098958333333 0,244140625 0,743098958333333 0,48046875 0,5734375 0,48046875
20 0,1017578125 0,8828125 0,200325520833333 0,8828125 0,200325520833333 0,990234375 0,1017578125 0,990234375
17 0,0630208333333333 0,8798828125 0,159505208333333 0,8798828125 0,159505208333333 0,9853515625 0,0630208333333333 0,9853515625
27 0,02109375 0,875 0,119791666666667 0,875 0,119791666666667 0,984375 0,02109375 0,984375
2 0 0,869140625 0,0625 0,869140625 0,0625 0,978515625 0 0,978515625
15 0,728515625 0,7568359375 0,9609375 0,7568359375 0,9609375 0,9736328125 0,728515625 0,9736328125
21 0,802021619140625 0,7568359375 0,6679642734375 0,7568359375 0,6350196953125 0,840500041015625 0,61419521484375 0,945737654296875 0,772167638671875 0,958745310546875 0,802021619140625 0,7568359375
10 0,5193058359375 0,7568359375 0,48708846484375 0,94722500390625 0,646291244140625 0,94248701171875 0,669958091796875 0,7568359375 0,5193058359375 0,7568359375
4 0,384765625 0,7568359375 0,384765625 0,926757740234375 0,4755042421875 0,91914684375 0,498993021484375 0,7568359375 0,384765625 0,7568359375