20 0 0,291015625 0,0625 0,291015625 0,0625 0,54296875 0 0,54296875
9 0,0159939236111111 0,261588541666667 0,187087673611111 0,261588541666667 0,187087673611111 0,521223958333333 0,0159939236111111 0,521223958333333
9 0,216796875 0,220703125 0,32421875 0,220703125 0,32421875 0,48046875 0,216796875 0,48046875
8 0,120203993055556 0,247569444444444 0,283224826388889 0,247569444444444 0,283224826388889 0,500998263888889 0,120203993055556 0,500998263888889
34 0,894618013671875 0,54296875 0,895072337890625 0,512003291015625 0,8381751640625 0,525385044921875 0,841441388671875 0,54296875 0,894618013671875 0,54296875
9 0,928717189453125 0,54296875 0,924442703125 0,500135048828125 0,872192263671875 0,51112826171875 0,877979953125 0,54296875 0,928717189453125 0,54296875
2 0,954387408203125 0,54296875 0,9425589921875 0,48947021484375 0,894657697265625 0,50138705078125 0,899921736328125 0,54296875 0,954387408203125 0,54296875
4 0,92835971875 0,54296875 0,960415046875 0,54296875 0,976518609375 0,538186875 0,95309008984375 0,4816115078125 0,916665451171875 0,491019228515625 0,92835971875 0,54296875
35 0,137760416666667 0,616449652777778 0,219704861111111 0,616449652777778 0,219704861111111 0,712282986111111 0,137760416666667 0,712282986111111
27 0,174110243055556 0,610047743055556 0,2541015625 0,610047743055556 0,2541015625 0,705794270833333 0,174110243055556 0,705794270833333
22 0,211393229166667 0,604665798611111 0,287478298611111 0,604665798611111 0,287478298611111 0,700238715277778 0,211393229166667 0,700238715277778
4 0,2578125 0,59375 0,32421875 0,59375 0,32421875 0,69140625 0,2578125 0,69140625
19 0,40234375 0,53515625 0,615234375 0,53515625 0,615234375 0,88671875 0,40234375 0,88671875
32 0,515625 0,53515625 0,728515625 0,53515625 0,728515625 0,873046875 0,515625 0,873046875
14 0,634765625 0,53515625 0,83984375 0,53515625 0,83984375 0,84375 0,634765625 0,84375
5 0,79296875 0,53515625 0,994140625 0,53515625 0,994140625 0,810546875 0,79296875 0,810546875
5 0,904296875 0,53515625 1 0,53515625 1 0,796875 0,904296875 0,796875