36 0,439453125 0,00390625 0,51171875 0,00390625 0,51171875 0,259765625 0,439453125 0,259765625
36 0,341796875 0,00390625 0,51171875 0,00390625 0,51171875 0,240234375 0,341796875 0,240234375
9 0,216796875 0,00390625 0,390625 0,00390625 0,390625 0,20703125 0,216796875 0,20703125
8 0,125 0,00390625 0,298828125 0,00390625 0,298828125 0,1875 0,125 0,1875
7 0,03125 0,00390625 0,19921875 0,00390625 0,19921875 0,185546875 0,03125 0,185546875
15 0,81640625 0,203125 1 0,203125 1 0,455078125 0,81640625 0,455078125
5 0,67856880078125 0,455078125 0,743771533203125 0,189460640625 0,588243 0,17926138671875 0,544189013671875 0,455078125 0,67856880078125 0,455078125
6 0,48828125 0,455078125 0,55560700390625 0,455078125 0,5945020703125 0,179530703125 0,48828125 0,163372306640625 0,48828125 0,455078125
2 0,634765625 0,17578125 0,89453125 0,17578125 0,89453125 0,455078125 0,634765625 0,455078125
35 0,51171875 0,560401912109375 0,51171875 0,462890625 0,4467419140625 0,462890625 0,413209771484375 0,567903736328125 0,5026314921875 0,582193552734375 0,51171875 0,560401912109375
10 0,34375 0,462890625 0,47265625 0,462890625 0,47265625 0,5703125 0,34375 0,5703125
24 0,271484375 0,462890625 0,41015625 0,462890625 0,41015625 0,552734375 0,271484375 0,552734375
0 0,171875 0,462890625 0,30859375 0,462890625 0,30859375 0,529296875 0,171875 0,529296875
8 0,099609375 0,462890625 0,236328125 0,462890625 0,236328125 0,513671875 0,099609375 0,513671875
8 0,0234375 0,462890625 0,1640625 0,462890625 0,1640625 0,5 0,0234375 0,5
30 0,85546875 0,501953125 1 0,501953125 1 0,75 0,85546875 0,75
35 0,765234375 0,489192708333333 0,933087384259259 0,489192708333333 0,933087384259259 0,738932291666667 0,765234375 0,738932291666667
20 0,674247685185185 0,472786458333333 0,842115162037037 0,472786458333333 0,842115162037037 0,724479166666667 0,674247685185185 0,724479166666667
2 0,54296875 0,462890625 0,716796875 0,462890625 0,716796875 0,70703125 0,54296875 0,70703125
3 0,48828125 0,462890625 0,623046875 0,462890625 0,623046875 0,701171875 0,48828125 0,701171875