42 0 0 0,171875 0 0,171875 0,2578125 0 0,2578125
3 0,4345703125 0 0,5478515625 0 0,5478515625 0,287109375 0,4345703125 0,287109375
46 0,08203125 0 0,267578125 0 0,267578125 0,255859375 0,08203125 0,255859375
5 0,314453125 0 0,53125 0 0,53125 0,287109375 0,314453125 0,287109375
38 0,18359375 0 0,380859375 0 0,380859375 0,26953125 0,18359375 0,26953125
6 0,922815393518518 0,396882233796296 0,99927662037037 0,396882233796296 0,99927662037037 0,467845775462963 0,922815393518518 0,467845775462963
16 0,94921875 0,3984375 1 0,3984375 1 0,466796875 0,94921875 0,466796875
28 0,88967526171875 0,463192392578125 0,892757642578125 0,400963462890625 0,8277168984375 0,4028586953125 0,828462125 0,464740591796875 0,88967526171875 0,463192392578125
14 0,799752884765625 0,466929240234375 0,865888662109375 0,467350548828125 0,863460064453125 0,40136150390625 0,7983741796875 0,40187342578125 0,797334548828125 0,40161519140625 0,799752884765625 0,466929240234375
24 0,9220305 0,463132798828125 0,91596614453125 0,39918050390625 0,85495723828125 0,403779515625 0,858234484375 0,465108962890625 0,9220305 0,463132798828125
7 0,9539476015625 0,464908474609375 0,965682423828125 0,401599302734375 0,896758595703125 0,400535099609375 0,912090814453125 0,465605794921875 0,9539476015625 0,464908474609375
12 0,036060474537037 0,68627025462963 0,195203993055556 0,68627025462963 0,195203993055556 0,903211805555556 0,036060474537037 0,903211805555556
44 0,4677734375 0,724609375 0,5478515625 0,724609375 0,5478515625 0,94140625 0,4677734375 0,94140625
44 0,3779296875 0,708984375 0,5478515625 0,708984375 0,5478515625 0,9375 0,3779296875 0,9375
44 0,302083333333333 0,711588541666667 0,463324652777778 0,711588541666667 0,463324652777778 0,930627893518518 0,302083333333333 0,930627893518518
22 0,110857928240741 0,688151041666667 0,276439525462963 0,688151041666667 0,276439525462963 0,91333912037037 0,110857928240741 0,91333912037037
41 0,199616608796296 0,69408275462963 0,354853877314815 0,69408275462963 0,354853877314815 0,910734953703704 0,199616608796296 0,910734953703704
29 0,81640625 0,740234375 0,96875 0,740234375 0,96875 1 0,81640625 1
18 0,873046875 0,7421875 1 0,7421875 1 1 0,873046875 1
11 0,8984375 0,732421875 1 0,732421875 1 1 0,8984375 1