12 0,0110243055555556 0,356184895833333 0,0795138888888889 0,356184895833333 0,0795138888888889 0,496144386574074 0,0110243055555556 0,496144386574074
24 0,06171875 0,352828414351852 0,136154513888889 0,352828414351852 0,136154513888889 0,495088252314815 0,06171875 0,495088252314815
32 0,116449652777778 0,348842592592593 0,186979166666667 0,348842592592593 0,186979166666667 0,490870949074074 0,116449652777778 0,490870949074074
2 0,189691840277778 0,346223958333333 0,264040798611111 0,346223958333333 0,264040798611111 0,486530671296296 0,189691840277778 0,486530671296296
0 0,245182291666667 0,341087962962963 0,317838541666667 0,341087962962963 0,317838541666667 0,487138310185185 0,245182291666667 0,487138310185185
4 0,301063368055556 0,340719039351852 0,373372395833333 0,340719039351852 0,373372395833333 0,478956886574074 0,301063368055556 0,478956886574074
28 0,866493055555555 0,090111400462963 0,989105902777778 0,090111400462963 0,989105902777778 0,352105034722222 0,866493055555555 0,352105034722222
15 0,9609375 0,08984375 1 0,08984375 1 0,345703125 0,9609375 0,345703125
30 0,1203125 0,809924768518518 0,175347222222222 0,809924768518518 0,175347222222222 0,910127314814815 0,1203125 0,910127314814815
29 0,159244791666667 0,806517650462963 0,21640625 0,806517650462963 0,21640625 0,9107421875 0,159244791666667 0,9107421875
30 0,202083333333333 0,810807291666667 0,259071180555556 0,810807291666667 0,259071180555556 0,911125578703704 0,202083333333333 0,911125578703704
9 0,260546875 0,814286747685185 0,315407986111111 0,814286747685185 0,315407986111111 0,910583043981481 0,260546875 0,910583043981481
4 0,301345486111111 0,810763888888889 0,358420138888889 0,810763888888889 0,358420138888889 0,913035300925926 0,301345486111111 0,913035300925926
2 0,343120659722222 0,809252025462963 0,400368923611111 0,809252025462963 0,400368923611111 0,9154296875 0,343120659722222 0,9154296875
9 1 0,5888671875 0,870056525390625 0,5888671875 0,862764033203125 0,68436573046875 1 0,698567498046875 1 0,5888671875