8 0,22728466796875 0 0,308145962890625 0,280579060546875 0,390625 0,2623973984375 0,390625 0 0,22728466796875 0
6 0,06810371484375 0 0,15048315625 0,301897572265625 0,332425123046875 0,263686314453125 0,2563449140625 0 0,06810371484375 0
8 0 0 0 0,286892986328125 0,015639923828125 0,3467881015625 0,19029219140625 0,310094533203125 0,08590837890625 0 0 0
9 0,778059895833333 0,135192418981481 0,923849826388889 0,135192418981481 0,923849826388889 0,30599681712963 0,778059895833333 0,30599681712963
9 0,711414930555555 0,153732638888889 0,859157986111111 0,153732638888889 0,859157986111111 0,324594907407407 0,711414930555555 0,324594907407407
42 0,859375 0,107421875 1 0,107421875 1 0,275390625 0,859375 0,275390625
20 0,927734375 0,08203125 1 0,08203125 1 0,255859375 0,927734375 0,255859375
6 0,648980034722222 0,178935185185185 0,800542534722222 0,178935185185185 0,800542534722222 0,347960069444444 0,648980034722222 0,347960069444444
25 0,01171875 0,615234375 0,224609375 0,615234375 0,224609375 0,751953125 0,01171875 0,751953125
40 0,12109375 0,615234375 0,330078125 0,615234375 0,330078125 0,720703125 0,12109375 0,720703125
40 0 0,615234375 0,109375 0,615234375 0,109375 0,76171875 0 0,76171875
12 0,785752203125 0,615234375 0,80313995703125 0,733321134765625 0,921176259765625 0,73316798046875 0,90639416796875 0,615234375 0,785752203125 0,615234375
23 0,688732015625 0,615234375 0,72036826953125 0,75642670703125 0,83834475390625 0,74343454296875 0,8154364921875 0,615234375 0,688732015625 0,615234375
10 0,602539337890625 0,615234375 0,635546208984375 0,765881373046875 0,747883197265625 0,755117482421875 0,7105150390625 0,615234375 0,602539337890625 0,615234375
7 0,4559000703125 0,615234375 0,50508361328125 0,77947008203125 0,6117412578125 0,76979078515625 0,578720892578125 0,615234375 0,4559000703125 0,615234375
3 0,365118853515625 0,615234375 0,41647167578125 0,7917734140625 0,5296776484375 0,77756840625 0,482465705078125 0,615234375 0,365118853515625 0,615234375
7 0,34765625 0,615234375 0,34765625 0,797278984375 0,438612052734375 0,793927146484375 0,365017736328125 0,615234375 0,34765625 0,615234375