10 0,462890625 0,28125 0,572265625 0,28125 0,572265625 0,4375 0,462890625 0,4375
15 0,390625 0,275390625 0,501953125 0,275390625 0,501953125 0,4375 0,390625 0,4375
6 0,271484375 0,271484375 0,380859375 0,271484375 0,380859375 0,4375 0,271484375 0,4375
3 0,189453125 0,26953125 0,302734375 0,26953125 0,302734375 0,4375 0,189453125 0,4375
7 0,119140625 0,265625 0,224609375 0,265625 0,224609375 0,4375 0,119140625 0,4375
20 0,939453125 0,259765625 1 0,259765625 1 0,4375 0,939453125 0,4375
44 0,814453125 0,251953125 0,94921875 0,251953125 0,94921875 0,4375 0,814453125 0,4375
44 0,61328125 0,25 0,74609375 0,25 0,74609375 0,4375 0,61328125 0,4375
44 0,716796875 0,2578125 0,845703125 0,2578125 0,845703125 0,4375 0,716796875 0,4375
46 0,289583333333333 0,705164930555556 0,374479166666667 0,705164930555556 0,374479166666667 0,825983796296296 0,289583333333333 0,825983796296296
4 0,109924768518519 0,7046875 0,192881944444445 0,7046875 0,192881944444445 0,82740162037037 0,109924768518519 0,82740162037037
0 0,00743634259259257 0,706807002314815 0,0883969907407408 0,706807002314815 0,0883969907407408 0,823603877314815 0,00743634259259257 0,823603877314815
12 0,22904369212963 0,707877604166667 0,31587818287037 0,707877604166667 0,31587818287037 0,826801215277778 0,22904369212963 0,826801215277778
51 0,1802734375 0,709497974537037 0,26119068287037 0,709497974537037 0,26119068287037 0,820435474537037 0,1802734375 0,820435474537037
2 0,0601273148148148 0,709266493055556 0,137196180555556 0,709266493055556 0,137196180555556 0,827900752314815 0,0601273148148148 0,827900752314815
26 0,93359375 0,4609375 1 0,4609375 1 0,55859375 0,93359375 0,55859375
6 0,876866319444444 0,461921296296296 0,947931134259259 0,461921296296296 0,947931134259259 0,560850694444444 0,876866319444444 0,560850694444444
2 0,835828993055556 0,464171006944444 0,904955150462963 0,464171006944444 0,904955150462963 0,564995659722222 0,835828993055556 0,564995659722222
9 0,793858506944444 0,462485532407407 0,862984664351852 0,462485532407407 0,862984664351852 0,563310185185185 0,793858506944444 0,563310185185185