29 0 0,0546875 0,02734375 0,0546875 0,02734375 0,20703125 0 0,20703125
28 0 0,0546875 0,095703125 0,0546875 0,095703125 0,20703125 0 0,20703125
13 0,0662905092592593 0,052734375 0,16439525462963 0,052734375 0,16439525462963 0,20703125 0,0662905092592593 0,20703125
0 0,161031539351852 0,0537109375 0,257183159722222 0,0537109375 0,257183159722222 0,2080078125 0,161031539351852 0,2080078125
0 0,227408854166667 0,0517578125 0,323531539351852 0,0517578125 0,323531539351852 0,2041015625 0,227408854166667 0,2041015625
7 0,293742766203704 0,046875 0,391818576388889 0,046875 0,391818576388889 0,19921875 0,293742766203704 0,19921875
9 0,6767578125 0,00390625 0,8134765625 0,00390625 0,8134765625 0,26171875 0,6767578125 0,26171875
4 0,7744140625 0,00390625 0,9541015625 0,00390625 0,9541015625 0,267578125 0,7744140625 0,267578125
11 0,6767578125 0,844967580078125 0,7858355390625 0,826427736328125 0,749601630859375 0,5775675625 0,6767578125 0,5813440859375 0,6767578125 0,844967580078125
25 0,893652935546875 0,81794444140625 0,872513490234375 0,56508560546875 0,745660333984375 0,5769938046875 0,77323762109375 0,833561029296875 0,893652935546875 0,81794444140625
22 1 0,614374068359375 0,992511140625 0,5551836328125 0,848440140625 0,57373860546875 0,87744948828125 0,842158689453125 1 0,838335861328125 1 0,614374068359375