22 0,462890625 0,0751953125 0,5234375 0,0751953125 0,5234375 0,2998046875 0,462890625 0,2998046875
21 0,382378472222222 0,0867693865740741 0,50083912037037 0,0867693865740741 0,50083912037037 0,305302372685185 0,382378472222222 0,305302372685185
51 0,302350983796296 0,0808738425925926 0,418959780092593 0,0808738425925926 0,418959780092593 0,301287615740741 0,302350983796296 0,301287615740741
8 0,187941261574074 0,0912905092592592 0,292223668981481 0,0912905092592592 0,292223668981481 0,29955150462963 0,187941261574074 0,29955150462963
9 0,098365162037037 0,0938585069444444 0,212818287037037 0,0938585069444444 0,212818287037037 0,31029369212963 0,098365162037037 0,31029369212963
2 0,00308159722222223 0,0913266782407407 0,119994212962963 0,0913266782407407 0,119994212962963 0,317599826388889 0,00308159722222223 0,317599826388889
27 0,875082837890625 0,6201171875 0,889895109375 0,600038607421875 0,857417580078125 0,58372716796875 0,829047880859375 0,6201171875 0,875082837890625 0,6201171875
20 0,832239427734375 0,6201171875 0,86009337109375 0,582259349609375 0,823735021484375 0,56266703125 0,7816090859375 0,6201171875 0,832239427734375 0,6201171875
32 0,767610564453125 0,6201171875 0,785638876953125 0,6201171875 0,82843302734375 0,5623829453125 0,79375078515625 0,54365576953125 0,7489972890625 0,60882463671875 0,767610564453125 0,6201171875
3 0,787929080078125 0,5367670703125 0,74956507421875 0,516726546875 0,708929931640625 0,58712939453125 0,7351252578125 0,60456289453125 0,787929080078125 0,5367670703125
2 0,75262506640625 0,516709169921875 0,721657443359375 0,502393302734375 0,67328108984375 0,568210390625 0,71043741796875 0,589406068359375 0,75262506640625 0,516709169921875
6 0,714766169921875 0,49650255859375 0,688187908203125 0,48167183203125 0,646031107421875 0,55098119140625 0,67843909375 0,569727705078125 0,714766169921875 0,49650255859375
22 1 1 1 0,79682494921875 0,91773046484375 0,792977791015625 0,90734927734375 1 1 1
23 0,912803873046875 1 0,9235147265625 0,790815208984375 0,808592353515625 0,781109388671875 0,797730123046875 1 0,912803873046875 1
10 0,8076836875 1 0,807031154296875 0,777446025390625 0,740662087890625 0,77084317578125 0,69083169921875 1 0,8076836875 1
5 0,652042970703125 1 0,67070418359375 0,769893634765625 0,555659751953125 0,764821783203125 0,537989728515625 1 0,652042970703125 1
7 0,5433838203125 1 0,55836179296875 0,7615395703125 0,515625 0,759664412109375 0,515625 1 0,5433838203125 1