20 0,4921875 0,259765625 0,4921875 0,171382548828125 0,41660794140625 0,18122455859375 0,45239069921875 0,259765625 0,4921875 0,259765625
9 0,391745109375 0,259765625 0,38886470703125 0,18406951171875 0,287639712890625 0,200895462890625 0,28786540234375 0,259765625 0,391745109375 0,259765625
8 0,287330552734375 0,259765625 0,281091125 0,196108265625 0,196847970703125 0,211290912109375 0,1995846015625 0,259765625 0,287330552734375 0,259765625
33 0,78515625 0,05078125 0,94140625 0,05078125 0,94140625 0,259765625 0,78515625 0,259765625
35 0,666015625 0,0703125 0,83203125 0,0703125 0,83203125 0,259765625 0,666015625 0,259765625
21 0,5546875 0,091796875 0,720703125 0,091796875 0,720703125 0,259765625 0,5546875 0,259765625
4 0,474861958984375 0,8047565703125 0,475526544921875 0,756890150390625 0,441145994140625 0,760277046875 0,4399603984375 0,806425392578125 0,474861958984375 0,8047565703125
1 0,445245013671875 0,80849706640625 0,4492287421875 0,76044028125 0,417563478515625 0,760615607421875 0,414593591796875 0,80879138671875 0,445245013671875 0,80849706640625
15 0,420650619140625 0,811322248046875 0,422524376953125 0,7622723359375 0,388007513671875 0,764104390625 0,39021326953125 0,810817189453125 0,420650619140625 0,811322248046875
13 1 0,259765625 0,93131280078125 0,259765625 0,93811977734375 0,382842796875 1 0,378892880859375 1 0,259765625
24 0,84804168359375 0,259765625 0,854616546875 0,39226353125 0,939616919921875 0,385984310546875 0,933272978515625 0,259765625 0,84804168359375 0,259765625
13 0,7626273828125 0,259765625 0,769096474609375 0,4020601875 0,85712979296875 0,396706595703125 0,85028830859375 0,259765625 0,7626273828125 0,259765625
3 0,64279626953125 0,259765625 0,6547304921875 0,419847484375 0,7385988203125 0,413693388671875 0,734804376953125 0,259765625 0,64279626953125 0,259765625
6 0,556789611328125 0,259765625 0,570279943359375 0,432371095703125 0,65724503515625 0,42059932421875 0,64715948046875 0,259765625 0,556789611328125 0,259765625
2 0,484375 0,259765625 0,484375 0,4466482890625 0,5714605 0,435512609375 0,558911291015625 0,259765625 0,484375 0,259765625