32 0,7451171875 0,0987991898148148 0,8583984375 0,0987991898148148 0,8583984375 0,238425925925926 0,7451171875 0,238425925925926
34 0,671875 0,104224537037037 0,78515625 0,104224537037037 0,78515625 0,243851273148148 0,671875 0,243851273148148
19 0,599609375 0,11361400462963 0,71484375 0,11361400462963 0,71484375 0,251403356481481 0,599609375 0,251403356481481
8 0,505859375 0,124660011574074 0,6171875 0,124660011574074 0,6171875 0,260264756944444 0,505859375 0,260264756944444
7 0,5407459765625 0,259231513671875 0,517731125 0,1376311953125 0,424907115234375 0,143994333984375 0,46381112109375 0,263089421875 0,5407459765625 0,259231513671875
0 0,485841916015625 0,263259005859375 0,423828125 0,1506551171875 0,423828125 0,267483443359375 0,485841916015625 0,263259005859375
29 0,1748046875 0,857530381944444 0,2333984375 0,857530381944444 0,2333984375 0,919697627314815 0,1748046875 0,919697627314815
29 0,15234375 0,857175925925926 0,212890625 0,857175925925926 0,212890625 0,917505787037037 0,15234375 0,917505787037037
16 0,1298828125 0,856821469907407 0,1904296875 0,856821469907407 0,1904296875 0,917151331018519 0,1298828125 0,917151331018519
4 0,1015625 0,858072916666667 0,16015625 0,858072916666667 0,16015625 0,918287037037037 0,1015625 0,918287037037037
9 0,0791015625 0,857718460648148 0,1396484375 0,857718460648148 0,1396484375 0,918048321759259 0,0791015625 0,918048321759259
0 0,056640625 0,85736400462963 0,1171875 0,85736400462963 0,1171875 0,917693865740741 0,056640625 0,917693865740741
14 1 0,501508193359375 0,89041646875 0,504991658203125 0,931919060546875 0,773083380859375 1 0,774652990234375 1 0,501508193359375
29 0,9483935546875 0,772030623046875 0,908992400390625 0,503974 0,768655263671875 0,50917040234375 0,836523986328125 0,772376302734375 0,9483935546875 0,772030623046875
1 0,793861837890625 0,786030505859375 0,746838955078125 0,511220796875 0,635246798828125 0,51133441796875 0,662754166015625 0,7859812734375 0,793861837890625 0,786030505859375
3 0,681155384765625 0,783621474609375 0,64686352734375 0,515312552734375 0,501418423828125 0,52085342578125 0,5393564140625 0,790368916015625 0,681155384765625 0,783621474609375
1 0,423828125 0,521794775390625 0,423828125 0,68462756640625 0,4408860390625 0,796706583984375 0,557964884765625 0,798033228515625 0,51240726953125 0,523011962890625 0,423828125 0,521794775390625