47 0,328038194444444 0,292028356481482 0,415538194444444 0,292028356481482 0,415538194444444 0,419487847222222 0,328038194444444 0,419487847222222
23 0,278016493055556 0,298972800925926 0,367296006944444 0,298972800925926 0,367296006944444 0,42259837962963 0,278016493055556 0,42259837962963
40 0,228168402777778 0,29810474537037 0,321354166666667 0,29810474537037 0,321354166666667 0,421875 0,228168402777778 0,421875
4 0,169227430555556 0,299840856481482 0,260633680555556 0,299840856481482 0,260633680555556 0,427445023148148 0,169227430555556 0,427445023148148
6 0,12109375 0,3076171875 0,205078125 0,3076171875 0,205078125 0,4306640625 0,12109375 0,4306640625
6 0,072265625 0,3095703125 0,15234375 0,3095703125 0,15234375 0,4306640625 0,072265625 0,4306640625
5 0,0977430555555556 0,463975694444444 0,347178819444444 0,463975694444444 0,347178819444444 0,856770833333333 0,0977430555555556 0,856770833333333
0 0 0,51953125 0,0625 0,51953125 0,0625 0,9140625 0 0,9140625
1 0 0,484375 0,201171875 0,484375 0,201171875 0,892578125 0 0,892578125
20 0,44921875 0,4287109375 0,5859375 0,4287109375 0,5859375 0,7919921875 0,44921875 0,7919921875
12 0,290603298611111 0,430013020833333 0,535525173611111 0,430013020833333 0,535525173611111 0,808991608796296 0,290603298611111 0,808991608796296
18 0,754448784722222 0,797055844907407 0,816254340277778 0,797055844907407 0,816254340277778 0,872866030092593 0,754448784722222 0,872866030092593
23 0,719921875 0,803602430555556 0,783680555555555 0,803602430555556 0,783680555555555 0,879484953703704 0,719921875 0,879484953703704
35 0,681792534722222 0,807074652777778 0,747330729166667 0,807074652777778 0,747330729166667 0,879123263888889 0,681792534722222 0,879123263888889
6 0,634657118055556 0,813151041666667 0,698155381944445 0,813151041666667 0,698155381944445 0,883174189814815 0,634657118055556 0,883174189814815
9 0,600130208333333 0,817744502314815 0,661762152777778 0,817744502314815 0,661762152777778 0,8896484375 0,600130208333333 0,8896484375
6 0,5703125 0,8212890625 0,626953125 0,8212890625 0,626953125 0,8935546875 0,5703125 0,8935546875