20 0,1181640625 0,0809027777777778 0,3623046875 0,0809027777777778 0,3623046875 0,32578125 0,1181640625 0,32578125
0 0,2216796875 0,0577256944444444 0,4384765625 0,0577256944444444 0,4384765625 0,268793402777778 0,2216796875 0,268793402777778
17 0,25938909375 0,297682767578125 0,167452095703125 0,132779255859375 0,085521986328125 0,1604343125 0,1780685859375 0,329248177734375 0,25938909375 0,297682767578125
39 0,10524980859375 0,15554456640625 0,022005302734375 0,18339648046875 0,12198989453125 0,353988607421875 0,175651001953125 0,3321930859375 0,10524980859375 0,15554456640625
7 0,47732179296875 0,206134994140625 0,39118859375 0,030603908203125 0,30086178515625 0,06335845703125 0,4090503828125 0,22807708984375 0,47732179296875 0,206134994140625
8 0,528652642578125 0,17084267578125 0,528316173828125 0,16569978125 0,44899021484375 0,00683433984375 0,37484573046875 0,0359663046875 0,444258125 0,20363816015625 0,528652642578125 0,17084267578125
31 0,458984375 0,682921006944444 0,6015625 0,682921006944444 0,6015625 0,892339409722222 0,458984375 0,892339409722222
22 0,3818359375 0,669900173611111 0,5283203125 0,669900173611111 0,5283203125 0,883311631944444 0,3818359375 0,883311631944444
11 0,3095703125 0,661870659722222 0,4501953125 0,661870659722222 0,4501953125 0,869292534722222 0,3095703125 0,869292534722222
5 0,2001953125 0,645703125 0,3427734375 0,645703125 0,3427734375 0,851215277777778 0,2001953125 0,851215277777778
0 0,1240234375 0,630794270833333 0,2666015625 0,630794270833333 0,2666015625 0,840212673611111 0,1240234375 0,840212673611111
2 0,0498046875 0,620724826388889 0,1923828125 0,620724826388889 0,1923828125 0,828190104166667 0,0498046875 0,828190104166667
28 0,8173828125 0,67734375 0,9443359375 0,67734375 0,9443359375 0,851258680555556 0,8173828125 0,851258680555556
11 0,7587890625 0,669986979166667 0,8798828125 0,669986979166667 0,8798828125 0,841818576388889 0,7587890625 0,841818576388889
20 0,689453125 0,661588541666667 0,818359375 0,661588541666667 0,818359375 0,8375 0,689453125 0,8375
9 0,630859375 0,6513671875 0,728515625 0,6513671875 0,728515625 0,8232421875 0,630859375 0,8232421875