33 0,58432351171875 0,2086075 0,6240234375 0,1519922578125 0,6240234375 0,0048828125 0,58703773046875 0,0048828125 0,490053984375 0,147868208984375 0,58432351171875 0,2086075
30 0,50340162109375 0,132905556640625 0,5896781328125 0,0048828125 0,474285615234375 0,0048828125 0,422671443359375 0,09383543359375 0,50340162109375 0,132905556640625
15 0,4371738203125 0,083708193359375 0,489051970703125 0,0048828125 0,3828632265625 0,0048828125 0,35846456640625 0,050397287109375 0,4371738203125 0,083708193359375
32 0,923828125 0,302734375 1 0,302734375 1 0,322265625 0,923828125 0,322265625
2 0,8798828125 0,2900390625 0,9619140625 0,2900390625 0,9619140625 0,3232421875 0,8798828125 0,3232421875
4 0,8466796875 0,2802734375 0,9287109375 0,2802734375 0,9287109375 0,3232421875 0,8466796875 0,3232421875
8 0,8154296875 0,2744140625 0,8955078125 0,2744140625 0,8955078125 0,3232421875 0,8154296875 0,3232421875
11 0,14447098046875 0,716331576171875 0,201420919921875 0,640984388671875 0,165406880859375 0,62744542578125 0,108432046875 0,69806964453125 0,14447098046875 0,716331576171875
12 0,172938251953125 0,6267895 0,13406553125 0,61046891796875 0,077082912109375 0,681127443359375 0,1169511875 0,69771283203125 0,172938251953125 0,6267895
31 0,14420994140625 0,609195681640625 0,103327685546875 0,594868638671875 0,05418515234375 0,670573072265625 0,086844123046875 0,6819875234375 0,14420994140625 0,609195681640625
2 0,053438669921875 0,661081189453125 0,10628621484375 0,58965219921875 0,068264517578125 0,57667886328125 0,011316791015625 0,648609970703125 0,053438669921875 0,661081189453125
4 0 0,638798625 0,023356365234375 0,646261490234375 0,079265138671875 0,573720306640625 0,04256975 0,560997330078125 0 0,616074658203125 0 0,638798625
6 0 0,61953946875 0,05291258203125 0,558067283203125 0,0081684765625 0,546464134765625 0 0,5557539765625 0 0,61953946875
30 0,996202919921875 0,662882466796875 0,93021039453125 0,623594201171875 0,8536096484375 0,786820853515625 0,923564794921875 0,8228894375 0,996202919921875 0,662882466796875
26 0,912331369140625 0,59549794921875 0,865827095703125 0,590235912109375 0,798611599609375 0,74280737109375 0,8619705859375 0,77608627734375 0,94037903125 0,621744689453125 0,912331369140625 0,59549794921875
26 0,809630947265625 0,7366462890625 0,88257570703125 0,571568884765625 0,811787052734375 0,5420226015625 0,73869073046875 0,69304016796875 0,809630947265625 0,7366462890625
2 0,738248943359375 0,677562634765625 0,804380966796875 0,513630271484375 0,73558220703125 0,481931048828125 0,665589400390625 0,6364116640625 0,738248943359375 0,677562634765625
0 0,750755990234375 0,471759701171875 0,683657205078125 0,439719919921875 0,62054515234375 0,59727413671875 0,676148658203125 0,632492375 0,750755990234375 0,471759701171875
2 0,5947265625 0,470078564453125 0,5947265625 0,58007764453125 0,625646853515625 0,59505923828125 0,696672921875 0,435643431640625 0,626182623046875 0,399138232421875 0,5947265625 0,470078564453125