13 0,48046875 0,0703125 0,544921875 0,0703125 0,544921875 0,25 0,48046875 0,25
10 0,408203125 0,0859375 0,537109375 0,0859375 0,537109375 0,25 0,408203125 0,25
5 0,306640625 0,09375 0,44140625 0,09375 0,44140625 0,25 0,306640625 0,25
8 0,2421875 0,103515625 0,3671875 0,103515625 0,3671875 0,25 0,2421875 0,25
5 0,171875 0,115234375 0,298828125 0,115234375 0,298828125 0,25 0,171875 0,25
17 0,315936053240741 0,552105034722222 0,398473668981482 0,552105034722222 0,398473668981482 0,662391493055556 0,315936053240741 0,662391493055556
23 0,274457465277778 0,560047743055556 0,354926215277778 0,560047743055556 0,354926215277778 0,668294270833333 0,274457465277778 0,668294270833333
20 0,232978877314815 0,566037326388889 0,315400752314815 0,566037326388889 0,315400752314815 0,674370659722222 0,232978877314815 0,674370659722222
2 0,17552806712963 0,575238715277778 0,25806568287037 0,575238715277778 0,25806568287037 0,685525173611111 0,17552806712963 0,685525173611111
9 0,134852430555556 0,582248263888889 0,217505787037037 0,582248263888889 0,217505787037037 0,694487847222222 0,134852430555556 0,694487847222222
1 0,0972800925925926 0,590364583333333 0,175911458333333 0,590364583333333 0,175911458333333 0,700477430555555 0,0972800925925926 0,700477430555555
28 0,96484375 0,3515625 1 0,3515625 1 0,564453125 0,96484375 0,564453125
23 0,87890625 0,365234375 1 0,365234375 1 0,5859375 0,87890625 0,5859375
13 0,801569733796296 0,377625868055556 0,950788483796296 0,377625868055556 0,950788483796296 0,594118923611111 0,801569733796296 0,594118923611111
0 0,686783854166667 0,397981770833333 0,839908854166667 0,397981770833333 0,839908854166667 0,6146484375 0,686783854166667 0,6146484375
3 0,601584201388889 0,412803819444444 0,75677806712963 0,412803819444444 0,75677806712963 0,631510416666667 0,601584201388889 0,631510416666667
8 0,533203125 0,42578125 0,669921875 0,42578125 0,669921875 0,64453125 0,533203125 0,64453125