14 0,4672076484375 0,4892578125 0,453126248046875 0,407004814453125 0,380799412109375 0,413066611328125 0,3936272265625 0,4892578125 0,4672076484375 0,4892578125
13 0,41584120703125 0,4892578125 0,40131249609375 0,41401573046875 0,3316731171875 0,419167181640625 0,343541591796875 0,4892578125 0,41584120703125 0,4892578125
30 0,365828951171875 0,4892578125 0,35362340625 0,41776049609375 0,280760396484375 0,420912322265625 0,294295427734375 0,4892578125 0,365828951171875 0,4892578125
0 0,296810197265625 0,4892578125 0,282668556640625 0,418526201171875 0,2130443203125 0,424498685546875 0,225241830078125 0,4892578125 0,296810197265625 0,4892578125
4 0,24709852734375 0,4892578125 0,2332159296875 0,4261851171875 0,167179 0,4295342421875 0,177206919921875 0,4892578125 0,24709852734375 0,4892578125
5 0,2008246796875 0,4892578125 0,189855615234375 0,427266087890625 0,114846609375 0,433316990234375 0,1258339921875 0,4892578125 0,2008246796875 0,4892578125
32 1 0 0,906239978515625 0 0,962021646484375 0,241941560546875 1 0,23600653515625 1 0
23 0,8802726171875 0 0,796608654296875 0,0164396953125 0,85787532421875 0,258320404296875 0,9751402578125 0,241817251953125 0,924320548828125 0 0,8802726171875 0
10 0,775390625 0,26392976171875 0,874642845703125 0,259886951171875 0,80720230078125 0,0189328125 0,775390625 0,02161874609375 0,775390625 0,26392976171875
26 0,640625 0,80859375 0,7734375 0,80859375 0,7734375 1 0,640625 1
14 0,564453125 0,81640625 0,6953125 0,81640625 0,6953125 1 0,564453125 1
27 0,48828125 0,828125 0,619140625 0,828125 0,619140625 1 0,48828125 1
6 0,37890625 0,837890625 0,51171875 0,837890625 0,51171875 1 0,37890625 1
8 0,306640625 0,853515625 0,435546875 0,853515625 0,435546875 1 0,306640625 1
1 0,232421875 0,86328125 0,361328125 0,86328125 0,361328125 1 0,232421875 1