17 1 0 0,948057630859375 0 0,940759484375 0,021470380859375 1 0,03142208984375 1 0
0 0,917205732421875 0 0,912423099609375 0,013838501953125 0,9760343203125 0,023347046875 0,984206642578125 0 0,917205732421875 0
17 0,16205869921875 0,5097556796875 0,139978234375 0,573271990234375 0,200099625 0,583147458984375 0,2227391328125 0,518952919921875 0,16205869921875 0,5097556796875
0 0,134388623046875 0,503584125 0,111641849609375 0,56607078125 0,168419228515625 0,574128296875 0,191942908203125 0,5103258671875 0,134388623046875 0,503584125
8 0,112483970703125 0,49752283984375 0,085375515625 0,5561177265625 0,139661619140625 0,564792025390625 0,1634555078125 0,50450999609375 0,112483970703125 0,49752283984375
15 0,067378201171875 0,48801084765625 0,05105788671875 0,544768119140625 0,094275892578125 0,551265625 0,123644712890625 0,494647484375 0,067378201171875 0,48801084765625
24 0,041815154296875 0,483176169921875 0,0310745703125 0,538476236328125 0,080689041015625 0,54611923046875 0,09914866015625 0,488344130859375 0,041815154296875 0,483176169921875
10 0,0280915546875 0,478901541015625 0,0111359375 0,532541833984375 0,064815861328125 0,540359189453125 0,07601232421875 0,483192087890625 0,0280915546875 0,478901541015625
27 0,4833984375 0,377893518518518 0,6005859375 0,377893518518518 0,6005859375 0,511574074074074 0,4833984375 0,511574074074074
0 0,5517578125 0,3662109375 0,6650390625 0,3662109375 0,6650390625 0,4970703125 0,5517578125 0,4970703125
1 0,6083984375 0,3662109375 0,7099609375 0,3662109375 0,7099609375 0,4873046875 0,6083984375 0,4873046875
5 0,6572265625 0,3662109375 0,7666015625 0,3662109375 0,7666015625 0,4775390625 0,6572265625 0,4775390625
1 0,7119140625 0,3662109375 0,8134765625 0,3662109375 0,8134765625 0,4677734375 0,7119140625 0,4677734375
2 0,7607421875 0,3662109375 0,8720703125 0,3662109375 0,8720703125 0,4580078125 0,7607421875 0,4580078125