11 0 0 0 0,19671572265625 0,079007025390625 0,1951383671875 0,05008865234375 0 0 0
20 0,044036373046875 0 0,063446259765625 0,206970873046875 0,178685703125 0,218858015625 0,162703013671875 0 0,044036373046875 0
18 0,1562223046875 0 0,172129224609375 0,224430779296875 0,27790285546875 0,23435304296875 0,267452650390625 0 0,1562223046875 0
4 0,310016009765625 0 0,32446057421875 0,236923056640625 0,46689282421875 0,246790775390625 0,459895052734375 0 0,310016009765625 0
1 0,4515533046875 0 0,46059296875 0,255661458984375 0,5869140625 0,270129453125 0,5869140625 0 0,4515533046875 0
46 0,651171875 0,347243923611111 0,738020833333333 0,347243923611111 0,738020833333333 0,453537326388889 0,651171875 0,453537326388889
21 0,6974609375 0,339865451388889 0,772591145833333 0,339865451388889 0,772591145833333 0,445638020833333 0,6974609375 0,445638020833333
38 0,738736979166667 0,332009548611111 0,817903645833333 0,332009548611111 0,817903645833333 0,439908854166667 0,738736979166667 0,439908854166667
5 0,794075520833333 0,319639756944444 0,8771484375 0,319639756944444 0,8771484375 0,427712673611111 0,794075520833333 0,427712673611111
3 0,8375 0,313020833333333 0,916536458333333 0,313020833333333 0,916536458333333 0,418967013888889 0,8375 0,418967013888889
2 0,878776041666667 0,305425347222222 0,955989583333333 0,305425347222222 0,955989583333333 0,413237847222222 0,878776041666667 0,413237847222222
26 0 0,634765625 0,083984375 0,634765625 0,083984375 0,845703125 0 0,845703125
12 0,0302734375 0,624956597222222 0,1673828125 0,624956597222222 0,1673828125 0,842534722222222 0,0302734375 0,842534722222222
6 0,143033854166667 0,610677083333333 0,269596354166667 0,610677083333333 0,269596354166667 0,816102430555556 0,143033854166667 0,816102430555556
4 0,215234375 0,600802951388889 0,338411458333333 0,600802951388889 0,338411458333333 0,8138671875 0,215234375 0,8138671875
3 0,28828125 0,587651909722222 0,415234375 0,587651909722222 0,415234375 0,798936631944444 0,28828125 0,798936631944444
20 0,77698252734375 0,84531541015625 0,82595242578125 0,839765046875 0,82411783203125 0,755083498046875 0,772922509765625 0,759727650390625 0,77698252734375 0,84531541015625
24 0,861015603515625 0,8348144609375 0,854987150390625 0,75115125390625 0,807669443359375 0,75421462890625 0,8091214921875 0,8395572734375 0,861015603515625 0,8348144609375
24 0,895919455078125 0,832154767578125 0,889640640625 0,743425359375 0,839411306640625 0,751603390625 0,84539337109375 0,836603533203125 0,895919455078125 0,832154767578125
0 0,94360325390625 0,82683492578125 0,9340198515625 0,73900691015625 0,88766369140625 0,74091956640625 0,89729341796875 0,829322994140625 0,94360325390625 0,82683492578125
4 0,977006646484375 0,8229253359375 0,973131642578125 0,73366335546875 0,9220459296875 0,739258154296875 0,929337794921875 0,82899438671875 0,977006646484375 0,8229253359375
2 1 0,729983822265625 0,95791528515625 0,73327546875 0,962546625 0,824497962890625 1 0,82015373828125 1 0,729983822265625