28 0,128596880859375 0 0,11814776953125 0,04343995703125 0,209096326171875 0,06057540234375 0,225405533203125 0 0,128596880859375 0
20 0,217875359375 0 0,201531029296875 0,063789525390625 0,305267826171875 0,08561063671875 0,297317201171875 0 0,217875359375 0
16 0,314824177734375 0 0,2905659609375 0,0882398359375 0,3828644453125 0,11069603515625 0,415236828125 0 0,314824177734375 0
7 0,443644798828125 0 0,41756881640625 0,11190801171875 0,47992831640625 0,127836345703125 0,548633857421875 0 0,443644798828125 0
2 0,544468953125 0 0,480885974609375 0,137587166015625 0,59800253125 0,167220451171875 0,619140625 0,0997428203125 0,619140625 0 0,544468953125 0
5 0,599609375 0 0,74609375 0 0,74609375 0,189453125 0,599609375 0,189453125
5 0,662109375 0 0,83984375 0 0,83984375 0,216796875 0,662109375 0,216796875
23 0,1146157421875 0,3984375 0,07311873828125 0,54272724609375 0,18257646875 0,586048974609375 0,24339941796875 0,3984375 0,1146157421875 0,3984375
29 0,235800470703125 0,3984375 0,172226728515625 0,585348501953125 0,272259919921875 0,62917855078125 0,355946322265625 0,3984375 0,235800470703125 0,3984375
30 0,349892333984375 0,3984375 0,349577796875 0,3984375 0,268802478515625 0,634588265625 0,3830889375 0,686232998046875 0,45968549609375 0,45152959765625 0,349892333984375 0,3984375
1 0,52072873828125 0,767404109375 0,59659511328125 0,51441129296875 0,500083591796875 0,478807423828125 0,410940765625 0,7216930625 0,52072873828125 0,767404109375
0 0,619140625 0,535085021484375 0,602590396484375 0,527691380859375 0,510785888671875 0,771208521484375 0,619140625 0,824302373046875 0,619140625 0,535085021484375
6 0,726645005859375 0,750416681640625 0,786246791015625 0,7691312890625 0,82661589453125 0,64026203515625 0,764810791015625 0,625915033203125 0,726645005859375 0,750416681640625
5 0,773597775390625 0,76884144921875 0,8393176640625 0,790799259765625 0,87917306640625 0,6619300078125 0,820946076171875 0,6433603203125 0,773597775390625 0,76884144921875
5 0,827674904296875 0,777394958984375 0,8935730625 0,804946361328125 0,93731817578125 0,683041607421875 0,870065900390625 0,6633009140625 0,827674904296875 0,777394958984375
46 1 0,706004451171875 0,9396374375 0,68860351953125 0,894894802734375 0,80871426171875 0,9611068125 0,830816990234375 1 0,710567634765625 1 0,706004451171875
37 1 0,715172431640625 0,95404456640625 0,83011569921875 1 0,840733173828125 1 0,715172431640625