21 0 0,51953125 0,025390625 0,51953125 0,025390625 0,625 0 0,625
10 0 0,505859375 0,0703125 0,505859375 0,0703125 0,619140625 0 0,619140625
0 0,0528862847222222 0,4958984375 0,129926215277778 0,4958984375 0,129926215277778 0,604607928240741 0,0528862847222222 0,604607928240741
5 0,0962456597222222 0,485083912037037 0,169379340277778 0,485083912037037 0,169379340277778 0,593590856481481 0,0962456597222222 0,593590856481481
0 0,140581597222222 0,477922453703704 0,213541666666667 0,477922453703704 0,213541666666667 0,582523148148148 0,140581597222222 0,582523148148148
46 0,3037109375 0,0244140625 0,4248046875 0,0244140625 0,4248046875 0,3759765625 0,3037109375 0,3759765625
22 0,3408203125 0,0009765625 0,5673828125 0,0009765625 0,5673828125 0,3486328125 0,3408203125 0,3486328125
17 0,4873046875 0,0009765625 0,7001953125 0,0009765625 0,7001953125 0,3251953125 0,4873046875 0,3251953125
0 0,6572265625 0,0009765625 0,8720703125 0,0009765625 0,8720703125 0,2705078125 0,6572265625 0,2705078125
3 0,7939453125 0,0009765625 0,9970703125 0,0009765625 0,9970703125 0,2529296875 0,7939453125 0,2529296875
3 0,931640625 0 1 0 1 0,212890625 0,931640625 0,212890625