13 0 0,484343623046875 0,021993408203125 0,484235921875 0,022144337890625 0,281165236328125 0 0,28243975390625 0 0,484343623046875
12 0,078701291015625 0,484239185546875 0,0824116015625 0,284586072265625 0,01171083203125 0,285823626953125 0,01112809765625 0,485032255859375 0,078701291015625 0,484239185546875
12 0,140580646484375 0,482578623046875 0,14379383203125 0,27949376953125 0,0719542578125 0,2834892421875 0,068299947265625 0,4869714921875 0,140580646484375 0,482578623046875
8 0,1551899765625 0,485224685546875 0,232170921875 0,48539855859375 0,242414646484375 0,378847533203125 0,227879337890625 0,273911220703125 0,160504380859375 0,280189755859375 0,1551899765625 0,485224685546875
3 0,2951981640625 0,4864265859375 0,30790909765625 0,273880267578125 0,224548294921875 0,276934787109375 0,223180361328125 0,48810762890625 0,2951981640625 0,4864265859375
9 0,370950142578125 0,482972763671875 0,376643107421875 0,271341904296875 0,296001546875 0,273187259765625 0,287285712890625 0,486820060546875 0,370950142578125 0,482972763671875
8 0,707638888888889 0,356995081018519 0,827806712962963 0,356995081018519 0,827806712962963 0,592903645833333 0,707638888888889 0,592903645833333
5 0,7966796875 0,354405381944444 0,926555266203704 0,354405381944444 0,926555266203704 0,588505497685185 0,7966796875 0,588505497685185
5 0,8984375 0,3515625 1 0,3515625 1 0,578125 0,8984375 0,578125
47 0,001953125 0,837890625 0,15625 0,837890625 0,15625 1 0,001953125 1
22 0,130859375 0,837890625 0,294921875 0,837890625 0,294921875 1 0,130859375 1
3 0,310546875 0,837890625 0,48046875 0,837890625 0,48046875 1 0,310546875 1
1 0,453125 0,837890625 0,60546875 0,837890625 0,60546875 1 0,453125 1
3 0,583984375 0,837890625 0,693359375 0,837890625 0,693359375 1 0,583984375 1