21 0,304564501953125 0,01977548828125 0,30703762109375 0,0009765625 0,2569734765625 0,0009765625 0,254449697265625 0,014630091796875 0,304564501953125 0,01977548828125
10 0,339529337890625 0,024461908203125 0,343516064453125 0,0009765625 0,293722994140625 0,0009765625 0,289839263671875 0,01893434375 0,339529337890625 0,024461908203125
30 0,374597126953125 0,027909740234375 0,380482970703125 0,0009765625 0,330154455078125 0,0009765625 0,326619740234375 0,022572509765625 0,374597126953125 0,027909740234375
3 0,426960923828125 0,035894591796875 0,433171099609375 0,0009765625 0,3819130859375 0,0009765625 0,3763089453125 0,029332404296875 0,426960923828125 0,035894591796875
4 0,4639283515625 0,042866265625 0,4711293828125 0,0009765625 0,421531671875 0,0009765625 0,413600044921875 0,035661779296875 0,4639283515625 0,042866265625
8 0,50039112890625 0,04885351953125 0,510103501953125 0,0009765625 0,4602869765625 0,0009765625 0,45192009765625 0,0415661171875 0,50039112890625 0,04885351953125
52 0,816679861328125 0,07438501171875 0,854864232421875 0,0009765625 0,759406861328125 0,0009765625 0,740809603515625 0,038821650390625 0,816679861328125 0,07438501171875
10 0,882493306640625 0,11089458203125 0,931301728515625 0,0009765625 0,848926091796875 0,0009765625 0,81083587890625 0,07570300390625 0,882493306640625 0,11089458203125
43 1 0,0009765625 0,927159701171875 0,0009765625 0,8826768984375 0,108709861328125 0,9512163671875 0,145715775390625 1 0,049229294921875 1 0,0009765625
1 0,6923828125 0,6474609375 0,8173828125 0,6474609375 0,8173828125 0,9990234375 0,6923828125 0,9990234375
5 0,7412109375 0,6630859375 0,9306640625 0,6630859375 0,9306640625 0,9990234375 0,7412109375 0,9990234375
5 0,8515625 0,685546875 1 0,685546875 1 0,998046875 0,8515625 0,998046875