1 0,166840277777778 0,078125 0,278038194444444 0,078125 0,278038194444444 0,302155671296296 0,166840277777778 0,302155671296296
22 0,369140625 0,08984375 0,400390625 0,08984375 0,400390625 0,31640625 0,369140625 0,31640625
5 0 0,060546875 0,11328125 0,060546875 0,11328125 0,279296875 0 0,279296875
8 0,0846354166666666 0,080295138888889 0,195138888888889 0,080295138888889 0,195138888888889 0,288700810185185 0,0846354166666666 0,288700810185185
41 0,37768565625 0,095394150390625 0,29787337109375 0,0928429609375 0,31169234765625 0,30105026171875 0,39060136328125 0,303711142578125 0,37768565625 0,095394150390625
7 0,676627604166667 0,0457899305555556 0,7072265625 0,0457899305555556 0,7072265625 0,0769675925925926 0,676627604166667 0,0769675925925926
9 0,700954861111111 0,0420283564814815 0,731467013888889 0,0420283564814815 0,731467013888889 0,0712528935185185 0,700954861111111 0,0712528935185185
24 0,757335069444444 0,0319733796296297 0,787847222222222 0,0319733796296297 0,787847222222222 0,0611979166666666 0,757335069444444 0,0611979166666666
3 0,651323784722222 0,0494791666666666 0,683875868055556 0,0494791666666666 0,683875868055556 0,0808015046296297 0,651323784722222 0,0808015046296297
19 0,780642361111111 0,0274522569444444 0,809288194444445 0,0274522569444444 0,809288194444445 0,0584852430555556 0,780642361111111 0,0584852430555556
21 0,733984375 0,0356626157407408 0,764583333333333 0,0356626157407408 0,764583333333333 0,0668402777777778 0,733984375 0,0668402777777778
18 0,907373818359375 0,65948476953125 0,81898355859375 0,671856154296875 0,826781611328125 0,86560901171875 0,904592912109375 0,860169994140625 0,907373818359375 0,65948476953125
29 0,816552607421875 0,67496248046875 0,72036378515625 0,68675262109375 0,741877775390625 0,874838357421875 0,8216732734375 0,862718439453125 0,816552607421875 0,67496248046875
27 0,71924620703125 0,687250466796875 0,624856998046875 0,702850423828125 0,6439226484375 0,892024876953125 0,73563713671875 0,87761558203125 0,71924620703125 0,687250466796875
1 0,587668724609375 0,69991319140625 0,50593759765625 0,712340966796875 0,53275586328125 0,903767546875 0,609099572265625 0,888870189453125 0,587668724609375 0,69991319140625
9 0,504677484375 0,708448908203125 0,39930591015625 0,721870220703125 0,438902083984375 0,91967773828125 0,52943165234375 0,904555462890625 0,504677484375 0,708448908203125
2 0,396484375 0,925519810546875 0,437761533203125 0,91697539453125 0,39715751953125 0,72068987109375 0,396484375 0,720776072265625 0,396484375 0,925519810546875