18 0,3916015625 0,012964978515625 0,292181423828125 0,019048626953125 0,324562060546875 0,215167939453125 0,3916015625 0,21239587890625 0,3916015625 0,012964978515625
1 0,299080119140625 0,218760515625 0,261801630859375 0,017777357421875 0,177512802734375 0,018289552734375 0,198641435546875 0,222265525390625 0,299080119140625 0,218760515625
8 0,215024833984375 0,221599294921875 0,1965870546875 0,017100255859375 0,082955427734375 0,0259134609375 0,114867193359375 0,224234544921875 0,215024833984375 0,221599294921875
5 0 0,07955625390625 0,02703402734375 0,22621074609375 0,13457171875 0,226634830078125 0,09509213671875 0,023365265625 0,096570615234375 0,023080333984375 0 0,03116828515625 0 0,07955625390625
21 0,461163796875 0,253128060546875 0,43993180859375 0,306360595703125 0,64855490234375 0,34357725 0,66074125 0,299517056640625 0,461163796875 0,253128060546875
43 0,45746633984375 0,2516424609375 0,662353884765625 0,294766087890625 0,68251322265625 0,242797138671875 0,4775288515625 0,20496371484375 0,4774133515625 0,204459552734375 0,45746633984375 0,2516424609375
21 0,500296228515625 0,149788322265625 0,475222373046875 0,203236568359375 0,687283689453125 0,239689732421875 0,698679451171875 0,203707576171875 0,500296228515625 0,149788322265625
4 0,525393736328125 0,08623282421875 0,507349884765625 0,12735138671875 0,708981865234375 0,166679359375 0,72560434375 0,127927220703125 0,525393736328125 0,08623282421875
0 0,725952724609375 0,120448953125 0,7394751484375 0,0805336875 0,543278921875 0,03672391796875 0,51901007421875 0,08061693359375 0,725952724609375 0,120448953125
3 0,742866248046875 0,07402765234375 0,75860998046875 0,03203165625 0,609877013671875 0,00390625 0,55115842578125 0,00390625 0,532235740234375 0,038445501953125 0,742866248046875 0,07402765234375
15 0,34016241015625 0,619883080078125 0,331028140625 0,584038859375 0,2962242734375 0,590682658203125 0,308170146484375 0,623400435546875 0,34016241015625 0,619883080078125
34 0,316088642578125 0,59270031640625 0,28134189453125 0,59789637109375 0,2974907265625 0,631368361328125 0,325446599609375 0,62775108203125 0,316088642578125 0,59270031640625
20 0,299497919921875 0,598818931640625 0,264358251953125 0,604427291015625 0,280441728515625 0,621789470703125 0,272980462890625 0,640808623046875 0,31343562109375 0,6340012265625 0,299497919921875 0,598818931640625
1 0,289379822265625 0,645752224609375 0,27764251171875 0,609174166015625 0,24864625390625 0,611102029296875 0,248390744140625 0,651423421875 0,289379822265625 0,645752224609375
0 0,264270599609375 0,61713494140625 0,24424333203125 0,61836497265625 0,22696804296875 0,622911640625 0,235796251953125 0,658296619140625 0,274372560546875 0,65396416796875 0,264270599609375 0,61713494140625
1 0,256448365234375 0,660114013671875 0,246422642578125 0,624706736328125 0,212536048828125 0,627744095703125 0,219386404296875 0,666224177734375 0,256448365234375 0,660114013671875
44 0,3662109375 0,83203125 0,4794921875 0,83203125 0,4794921875 0,99609375 0,3662109375 0,99609375
44 0,3974609375 0,8125 0,5595703125 0,8125 0,5595703125 0,99609375 0,3974609375 0,99609375
40 0,592838541666667 0,793294270833333 0,746527777777778 0,793294270833333 0,746527777777778 0,949385127314815 0,592838541666667 0,949385127314815
51 0,698697916666667 0,783861400462963 0,85625 0,783861400462963 0,85625 0,98294994212963 0,698697916666667 0,98294994212963