36 0,1857421875 0,123133680555556 0,312825520833333 0,123133680555556 0,312825520833333 0,307335069444444 0,1857421875 0,307335069444444
10 0,2607421875 0,1220703125 0,3798828125 0,1220703125 0,3798828125 0,3134765625 0,2607421875 0,3134765625
6 0 0,125 0,044921875 0,125 0,044921875 0,306640625 0 0,306640625
22 0,107486979166667 0,120572916666667 0,238563368055556 0,120572916666667 0,238563368055556 0,308854166666667 0,107486979166667 0,308854166666667
0 0,000933159722222243 0,120594618055555 0,128016493055556 0,120594618055555 0,128016493055556 0,304796006944444 0,000933159722222243 0,304796006944444
9 0,679839409722222 0,322591145833333 0,725325520833333 0,322591145833333 0,725325520833333 0,3470703125 0,679839409722222 0,3470703125
7 0,6583984375 0,325499131944444 0,703884548611111 0,325499131944444 0,703884548611111 0,349978298611111 0,6583984375 0,349978298611111
3 0,636979166666667 0,329383680555556 0,682465277777778 0,329383680555556 0,682465277777778 0,353862847222222 0,636979166666667 0,353862847222222
19 0,751931423611111 0,311566840277778 0,797417534722222 0,311566840277778 0,797417534722222 0,336046006944444 0,751931423611111 0,336046006944444
24 0,730512152777778 0,315451388888889 0,775998263888889 0,315451388888889 0,775998263888889 0,339930555555556 0,730512152777778 0,339930555555556
21 0,708094618055556 0,318315972222222 0,755533854166667 0,318315972222222 0,755533854166667 0,342881944444444 0,708094618055556 0,342881944444444
4 0,0909722222222222 0,8173828125 0,183854166666667 0,8173828125 0,183854166666667 0,955186631944444 0,0909722222222222 0,955186631944444
3 0,189431423611111 0,804926215277778 0,287955729166667 0,804926215277778 0,287955729166667 0,933224826388889 0,189431423611111 0,933224826388889
21 0,3076171875 0,7880859375 0,3798828125 0,7880859375 0,3798828125 0,9150390625 0,3076171875 0,9150390625
25 0,264453125 0,793858506944444 0,361067708333333 0,793858506944444 0,361067708333333 0,9240234375 0,264453125 0,9240234375
1 0,145616319444444 0,8130859375 0,236371527777778 0,8130859375 0,236371527777778 0,942990451388889 0,145616319444444 0,942990451388889
23 0,833538134765625 0,769028087890625 0,844842609375 0,7285455234375 0,79565425 0,730442548828125 0,785434892578125 0,7710777265625 0,833538134765625 0,769028087890625
11 0,802813896484375 0,77115970703125 0,81307853125 0,731091697265625 0,766845720703125 0,732979986328125 0,756351572265625 0,772114470703125 0,802813896484375 0,77115970703125
17 0,773616658203125 0,773603845703125 0,7832891875 0,733025279296875 0,733199052734375 0,73433955859375 0,724555123046875 0,77444090625 0,773616658203125 0,773603845703125
2 0,726620892578125 0,776823005859375 0,73178448046875 0,734872677734375 0,67857546875 0,737311966796875 0,674926859375 0,779590599609375 0,726620892578125 0,776823005859375
4 0,69442540625 0,780197890625 0,699477173828125 0,738286662109375 0,648373220703125 0,7403066484375 0,64046911328125 0,78202950390625 0,69442540625 0,780197890625
12 0,659015193359375 0,7814391328125 0,667102537109375 0,739708416015625 0,612063376953125 0,741280712890625 0,605991544921875 0,78280201171875 0,659015193359375 0,7814391328125