28 0,1413177734375 0,38499654296875 0,138194130859375 0,205535287109375 0,05147166796875 0,211767296875 0,055563794921875 0,3946066796875 0,1413177734375 0,38499654296875
22 0 0,2109375 0,076171875 0,2109375 0,076171875 0,41015625 0 0,41015625
10 0,8095703125 0 0,9365234375 0 0,9365234375 0,16015625 0,8095703125 0,16015625
44 0,6943359375 0 0,8193359375 0 0,8193359375 0,17578125 0,6943359375 0,17578125
44 0,5107421875 0 0,6416015625 0 0,6416015625 0,189453125 0,5107421875 0,189453125
40 0,896484375 0 1 0 1 0,15234375 0,896484375 0,15234375
44 0,5947265625 0 0,7314453125 0 0,7314453125 0,177734375 0,5947265625 0,177734375
10 0,133203125 0,582682291666667 0,250651041666667 0,582682291666667 0,250651041666667 0,795659722222222 0,133203125 0,795659722222222
44 0 0,60546875 0,046875 0,60546875 0,046875 0,8203125 0 0,8203125
44 0,0117838541666666 0,586566840277778 0,141341145833333 0,586566840277778 0,141341145833333 0,805924479166667 0,0117838541666666 0,805924479166667
43 0,2111328125 0,569314236111111 0,332356770833333 0,569314236111111 0,332356770833333 0,780512152777778 0,2111328125 0,780512152777778
12 0,2900390625 0,552734375 0,3759765625 0,552734375 0,3759765625 0,779296875 0,2900390625 0,779296875
3 0,3623046875 0,6640625 0,4052734375 0,6640625 0,4052734375 0,873046875 0,3623046875 0,873046875
0 0,364908854166667 0,65859375 0,4916015625 0,65859375 0,4916015625 0,864192708333333 0,364908854166667 0,864192708333333
1 0,45390625 0,650651041666667 0,582682291666667 0,650651041666667 0,582682291666667 0,858289930555556 0,45390625 0,858289930555556
22 0,749674479166667 0,63671875 0,896158854166667 0,63671875 0,896158854166667 0,847092013888889 0,749674479166667 0,847092013888889
22 0,666536458333333 0,649435763888889 0,785286458333333 0,649435763888889 0,785286458333333 0,852734375 0,666536458333333 0,852734375
22 0,575 0,649175347222222 0,703515625 0,649175347222222 0,703515625 0,852907986111111 0,575 0,852907986111111