10 0,267758969907407 0,280381944444444 0,430230034722222 0,280381944444444 0,430230034722222 0,511501736111111 0,267758969907407 0,511501736111111
1 0,383427372685185 0,28783275462963 0,546332465277778 0,28783275462963 0,546332465277778 0,530671296296296 0,383427372685185 0,530671296296296
40 0,18138744212963 0,271846064814815 0,343713831018518 0,271846064814815 0,343713831018518 0,499059606481482 0,18138744212963 0,499059606481482
6 0,470703125 0,2978515625 0,564453125 0,2978515625 0,564453125 0,5361328125 0,470703125 0,5361328125
47 0,102756076388889 0,261284722222222 0,259440104166667 0,261284722222222 0,259440104166667 0,494140625 0,102756076388889 0,494140625
26 0,1585539921875 1 0,178180728515625 0,897279169921875 0,033872044921875 0,8779586015625 0,012129662109375 1 0,1585539921875 1
4 0,320416337890625 1 0,336267763671875 0,921293703125 0,204509337890625 0,9073955078125 0,1839958515625 1 0,320416337890625 1
4 0,44061238671875 1 0,45362369921875 0,944899869140625 0,31072572265625 0,9222720078125 0,295879791015625 1 0,44061238671875 1
47 0,82154403125 0,888855189453125 0,680842474609375 0,936410380859375 0,702925732421875 0,9726259296875 0,842528884765625 0,922253708984375 0,82154403125 0,888855189453125
23 0,831009421875 0,888774494140625 0,801623029296875 0,840131009765625 0,671188099609375 0,888443728515625 0,6957946796875 0,9378494765625 0,831009421875 0,888774494140625
40 0,67201516015625 0,893517517578125 0,809272412109375 0,837622763671875 0,79135646875 0,803451125 0,65886569921875 0,84922479296875 0,654051205078125 0,849991212890625 0,67201516015625 0,893517517578125
4 0,791380611328125 0,787332291015625 0,764358142578125 0,7437383203125 0,627544525390625 0,789088296875 0,64329307421875 0,825944736328125 0,791380611328125 0,787332291015625
6 0,771246271484375 0,74301209765625 0,745192607421875 0,702365458984375 0,610708392578125 0,73855083984375 0,632245572265625 0,7880396328125 0,771246271484375 0,74301209765625
6 0,747098451171875 0,6865234375 0,642317302734375 0,6865234375 0,59289328125 0,704218833984375 0,616211822265625 0,74333021875 0,7567293671875 0,7024004296875 0,747098451171875 0,6865234375