13 0,4228515625 0,0146484375 0,4990234375 0,0146484375 0,4990234375 0,1455078125 0,4228515625 0,1455078125
25 0,463577835648148 0,00970052083333339 0,556315104166667 0,00970052083333339 0,556315104166667 0,1435546875 0,463577835648148 0,1435546875
7 0,545138888888889 0,0053385416666667 0,633825231481482 0,0053385416666667 0,633825231481482 0,135026041666667 0,545138888888889 0,135026041666667
6 0,6005859375 0,0009765625 0,6904296875 0,0009765625 0,6904296875 0,1298828125 0,6005859375 0,1298828125
1 0,6591796875 0,0009765625 0,7412109375 0,0009765625 0,7412109375 0,1298828125 0,6591796875 0,1298828125
18 0 0,576171875 0,037109375 0,576171875 0,037109375 0,84375 0 0,84375
11 0 0,55859375 0,111328125 0,55859375 0,111328125 0,84765625 0 0,84765625
0 0,105396412037037 0,514973958333333 0,260271990740741 0,514973958333333 0,260271990740741 0,853645833333333 0,105396412037037 0,853645833333333
8 0,184244791666667 0,486067708333333 0,364076967592593 0,486067708333333 0,364076967592593 0,867317708333333 0,184244791666667 0,867317708333333
7 0,2861328125 0,4404296875 0,4365234375 0,4404296875 0,4365234375 0,8876953125 0,2861328125 0,8876953125
37 0,4228515625 0,4404296875 0,5283203125 0,4404296875 0,5283203125 0,9169921875 0,4228515625 0,9169921875
8 0,4931640625 0,4404296875 0,7314453125 0,4404296875 0,7314453125 0,8818359375 0,4931640625 0,8818359375
8 0,6474609375 0,4404296875 0,8525390625 0,4404296875 0,8525390625 0,8544921875 0,6474609375 0,8544921875
8 0,7841796875 0,4404296875 0,9931640625 0,4404296875 0,9931640625 0,8466796875 0,7841796875 0,8466796875