46 0,12890625 0 0,2578125 0 0,2578125 0,138671875 0,12890625 0,138671875
47 0,025390625 0 0,16015625 0 0,16015625 0,138671875 0,025390625 0,138671875
12 0,224609375 0 0,28125 0 0,28125 0,142578125 0,224609375 0,142578125
35 0,288265427734375 0 0,309022271484375 0,120252205078125 0,393997072265625 0,1239413203125 0,378129107421875 0 0,288265427734375 0
13 0,363467732421875 0 0,380015068359375 0,12936130859375 0,4659141328125 0,121083935546875 0,447004421875 0 0,363467732421875 0
10 0,43375067578125 0 0,448750181640625 0,120153611328125 0,54145686328125 0,1168437421875 0,50603585546875 0 0,43375067578125 0
2 0,5338207265625 0 0,5483421953125 0,118605775390625 0,642877072265625 0,1185517265625 0,624113216796875 0 0,5338207265625 0
5 0,610361701171875 0 0,625917990234375 0,117892732421875 0,717005845703125 0,115334212890625 0,7006513203125 0 0,610361701171875 0
5 0,68492026953125 0 0,702805724609375 0,120142916015625 0,7814025 0,11241510546875 0,773771904296875 0 0,68492026953125 0
8 0 0,869060576171875 0,03818384765625 0,95013349609375 0,1421577421875 0,927219853515625 0,060164458984375 0,7037452421875 0 0,71103569921875 0 0,869060576171875
11 0,300594951171875 0,455078125 0,313116568359375 0,604014005859375 0,455908564453125 0,6167277890625 0,437684234375 0,455078125 0,300594951171875 0,455078125
27 0,5669801484375 0,455078125 0,426605826171875 0,455078125 0,44071080859375 0,624872943359375 0,5876 0,637646701171875 0,54607462890625 0,51211439453125 0,5669801484375 0,455078125
0 0,61108719921875 0,455078125 0,619200095703125 0,63572744140625 0,765745416015625 0,652849814453125 0,759223109375 0,455078125 0,61108719921875 0,455078125
1 0,74620466796875 0,455078125 0,748037703125 0,648230541015625 0,88966186328125 0,662194248046875 0,870974783203125 0,455078125 0,74620466796875 0,455078125
4 1 0,455078125 0,87704540234375 0,455078125 0,874916134765625 0,664748548828125 1 0,6789515 1 0,455078125