10 0,256995081018519 0,1859375 0,412767650462963 0,1859375 0,412767650462963 0,410966435185185 0,256995081018519 0,410966435185185
2 0,455078125 0,1357421875 0,6015625 0,1357421875 0,6015625 0,3623046875 0,455078125 0,3623046875
3 0,36470630787037 0,147685185185185 0,530649594907407 0,147685185185185 0,530649594907407 0,381032986111111 0,36470630787037 0,381032986111111
6 0,54296875 0,1240234375 0,6015625 0,1240234375 0,6015625 0,3369140625 0,54296875 0,3369140625
43 0,174508101851852 0,200730613425926 0,334085648148148 0,200730613425926 0,334085648148148 0,424008969907407 0,174508101851852 0,424008969907407
12 0,0951171875 0,213469328703704 0,257458043981481 0,213469328703704 0,257458043981481 0,452473958333333 0,0951171875 0,452473958333333
3 0,578125 0 0,63671875 0 0,63671875 0,0390625 0,578125 0,0390625
6 0,595703125 0 0,671875 0 0,671875 0,033203125 0,595703125 0,033203125
7 0,626953125 0 0,705078125 0 0,705078125 0,0234375 0,626953125 0,0234375
14 0 0,658203125 0,10546875 0,658203125 0,10546875 0,86328125 0 0,86328125
27 0,0373480902777777 0,640798611111111 0,182241030092593 0,640798611111111 0,182241030092593 0,843836805555556 0,0373480902777777 0,843836805555556
6 0,143981481481481 0,608760127314815 0,292983217592593 0,608760127314815 0,292983217592593 0,815907118055556 0,143981481481481 0,815907118055556
8 0,221889467592593 0,594321469907407 0,364829282407407 0,594321469907407 0,364829282407407 0,797258391203704 0,221889467592593 0,797258391203704
1 0,296867766203704 0,573972800925926 0,437955729166667 0,573972800925926 0,437955729166667 0,778761574074074 0,296867766203704 0,778761574074074
1 0,578125 0,860711701171875 0,653310423828125 0,846062294921875 0,611469208984375 0,700680216796875 0,578125 0,706297076171875 0,578125 0,860711701171875
8 0,72369099609375 0,823756578125 0,6933593046875 0,680994396484375 0,613061140625 0,69824534765625 0,64491580859375 0,839212310546875 0,72369099609375 0,823756578125