12 0,0470703125 0,0082899305555556 0,196375868055556 0,0082899305555556 0,196375868055556 0,209620949074074 0,0470703125 0,209620949074074
4 0,30859375 0,02734375 0,41796875 0,02734375 0,41796875 0,23046875 0,30859375 0,23046875
22 0,121701388888889 0,00836950231481481 0,277213541666667 0,00836950231481481 0,277213541666667 0,217860243055556 0,121701388888889 0,217860243055556
41 0,209548611111111 0,0125289351851852 0,354947916666667 0,0125289351851852 0,354947916666667 0,213628472222222 0,209548611111111 0,213628472222222
25 0,37890625 0 0,509765625 0 0,509765625 0,13671875 0,37890625 0,13671875
4 0,490234375 0 0,634765625 0 0,634765625 0,1640625 0,490234375 0,1640625
3 0,568359375 0 0,7265625 0 0,7265625 0,1796875 0,568359375 0,1796875
2 0,6662109375 0,0121889467592593 0,820855034722222 0,0121889467592593 0,820855034722222 0,2021484375 0,6662109375 0,2021484375
15 0 0,419921875 0,234375 0,419921875 0,234375 0,7890625 0 0,7890625
21 0,305662705078125 0,419921875 0,2180443671875 0,419921875 0,1312828828125 0,7775660390625 0,284821779296875 0,78086080859375 0,30463791796875 0,678229931640625 0,305662705078125 0,419921875
10 0,41796875 0,769188119140625 0,41796875 0,419921875 0,357489720703125 0,419921875 0,259948603515625 0,77858950390625 0,411171318359375 0,79881226953125 0,41796875 0,769188119140625
22 0,37890625 0,735824123046875 0,40467853125 0,736080935546875 0,440469115234375 0,636146271484375 0,37890625 0,6347090859375 0,37890625 0,735824123046875
11 0,454663173828125 0,737238224609375 0,469222212890625 0,704559216796875 0,46585140625 0,69288076171875 0,471490953125 0,67055523828125 0,475731064453125 0,649365837890625 0,4614615078125 0,638782830078125 0,4120268046875 0,63792522265625 0,38822814453125 0,73666830078125 0,454663173828125 0,737238224609375
5 0,4444966796875 0,743225615234375 0,510455388671875 0,74658352734375 0,524062767578125 0,7055998515625 0,538864697265625 0,64806241015625 0,467637298828125 0,643915255859375 0,4444966796875 0,743225615234375
0 0,577258814453125 0,665334076171875 0,576877373046875 0,654354017578125 0,515189224609375 0,64817334375 0,48184823046875 0,747389021484375 0,55391746484375 0,75188688671875 0,563086052734375 0,712220521484375 0,57312662109375 0,683554302734375 0,577258814453125 0,665334076171875
8 0,612816365234375 0,692065052734375 0,618771306640625 0,662057609375 0,612339650390625 0,653220439453125 0,594443126953125 0,6552130859375 0,554413125 0,65488808203125 0,523309650390625 0,7461852890625 0,535544078125 0,753760615234375 0,58602296484375 0,75744315234375 0,6026526015625 0,738805791015625 0,610382203125 0,718350166015625 0,612816365234375 0,692065052734375