29 0,200495259765625 0,05417891015625 0,24331493359375 0,0029296875 0,19174254296875 0,0029296875 0,1671188515625 0,043655248046875 0,200495259765625 0,05417891015625
11 0,18318275390625 0,0414589921875 0,209992673828125 0,0029296875 0,14830480078125 0,0029296875 0,1320553515625 0,024356724609375 0,18318275390625 0,0414589921875
15 0,154419798828125 0,027559716796875 0,173252140625 0,0029296875 0,1067543125 0,0029296875 0,10255457421875 0,008485734375 0,154419798828125 0,027559716796875
19 0,658455578125 0,142138208984375 0,62722814453125 0,14027649609375 0,589018150390625 0,2060275625 0,62329848046875 0,2074023984375 0,658455578125 0,142138208984375
21 0,5732421875 0,19417549609375 0,5732421875 0,2031869375 0,60306605078125 0,20513871875 0,644825505859375 0,135896078125 0,6179123671875 0,13581489453125 0,5732421875 0,19417549609375
34 0,5732421875 0,192548388671875 0,62852683984375 0,133745474609375 0,583740384765625 0,132383291015625 0,5732421875 0,146083388671875 0,5732421875 0,192548388671875
28 0,335509607421875 0,683535306640625 0,389331724609375 0,578268771484375 0,30913180078125 0,565606548828125 0,263105822265625 0,672400634765625 0,335509607421875 0,683535306640625
13 0,205765335648148 0,549059606481482 0,329839409722222 0,549059606481482 0,329839409722222 0,680989583333333 0,205765335648148 0,680989583333333
32 0,150860821759259 0,541731770833333 0,272779224537037 0,541731770833333 0,272779224537037 0,669639756944444 0,150860821759259 0,669639756944444
2 0,0686125578703703 0,531770833333333 0,194437210648148 0,531770833333333 0,194437210648148 0,659910300925926 0,0686125578703703 0,659910300925926
9 0,0126808449074074 0,521686921296296 0,134599247685185 0,521686921296296 0,134599247685185 0,649594907407407 0,0126808449074074 0,649594907407407
0 0 0,51171875 0,076171875 0,51171875 0,076171875 0,640625 0 0,640625
9 0,901359953703704 0,667310474537037 0,969487847222222 0,667310474537037 0,969487847222222 0,69662181712963 0,901359953703704 0,69662181712963
3 0,845326967592593 0,656879340277778 0,915509259259259 0,656879340277778 0,915509259259259 0,688259548611111 0,845326967592593 0,688259548611111
7 0,873292824074074 0,662152777777778 0,941521990740741 0,662152777777778 0,941521990740741 0,69341724537037 0,873292824074074 0,69341724537037
24 0,966796875 0,67578125 1 0,67578125 1 0,70703125 0,966796875 0,70703125
21 0,939453125 0,671875 1 0,671875 1 0,703125 0,939453125 0,703125