22 0,48828125 0 0,48828125 0,1088375 0,49949093359375 0,2320313203125 0,609317154296875 0,2192869921875 0,5886096796875 0 0,48828125 0
23 0,58997507421875 0 0,610996431640625 0,21816679296875 0,717343521484375 0,203654390625 0,698024181640625 0 0,58997507421875 0
10 0,704071876953125 0 0,713447689453125 0,207032822265625 0,827152501953125 0,190336978515625 0,779047984375 0 0,704071876953125 0
5 0,84537720703125 0 0,869497013671875 0,193229859375 0,974648921875 0,176983478515625 0,95355775390625 0 0,84537720703125 0
7 0,956364822265625 0 0,974113203125 0,17812153125 1 0,176757501953125 1 0 0,956364822265625 0
30 0,154296875 0,44921875 0,19921875 0,44921875 0,19921875 0,52734375 0,154296875 0,52734375
34 0,193359375 0,44921875 0,234375 0,44921875 0,234375 0,52734375 0,193359375 0,52734375
24 0,228515625 0,44921875 0,271484375 0,44921875 0,271484375 0,529296875 0,228515625 0,529296875
4 0,283203125 0,44921875 0,322265625 0,44921875 0,322265625 0,53125 0,283203125 0,53125
5 0,31640625 0,44921875 0,359375 0,44921875 0,359375 0,53125 0,31640625 0,53125
6 0,353515625 0,44921875 0,396484375 0,44921875 0,396484375 0,53125 0,353515625 0,53125
10 0,48828125 0,86328125 0,5546875 0,86328125 0,5546875 1 0,48828125 1
6 0,572265625 0,86328125 0,642578125 0,86328125 0,642578125 1 0,572265625 1
4 0,6328125 0,873046875 0,701171875 0,873046875 0,701171875 1 0,6328125 1
8 0,693359375 0,875 0,76171875 0,875 0,76171875 1 0,693359375 1