5 0,17626970703125 0,2275390625 0,13164551171875 0,038787744140625 0,0183306015625 0,049895646484375 0,056158640625 0,2275390625 0,17626970703125 0,2275390625
3 0,276649546875 0,2275390625 0,224560515625 0,02522393359375 0,11364481640625 0,036723068359375 0,157597333984375 0,2275390625 0,276649546875 0,2275390625
7 0,26471820703125 0,2275390625 0,3401965546875 0,2275390625 0,3612293984375 0,2245547421875 0,32120834765625 0,014385044921875 0,205233076171875 0,0246593203125 0,26471820703125 0,2275390625
20 0 0,416015625 0,1015625 0,416015625 0,1015625 0,67578125 0 0,67578125
2 0,044140625 0,391861979166667 0,244965277777778 0,391861979166667 0,244965277777778 0,657877604166667 0,044140625 0,657877604166667
4 0,145659722222222 0,370182291666667 0,338440393518519 0,370182291666667 0,338440393518519 0,631770833333333 0,145659722222222 0,631770833333333
0 0,240682870370371 0,356901041666667 0,439207175925926 0,356901041666667 0,439207175925926 0,616927083333333 0,240682870370371 0,616927083333333
46 0,5927734375 0,6708984375 0,7177734375 0,6708984375 0,7177734375 0,9306640625 0,5927734375 0,9306640625
42 0,62591869212963 0,6751953125 0,8060546875 0,6751953125 0,8060546875 0,920377604166667 0,62591869212963 0,920377604166667
46 0,718583622685185 0,660807291666667 0,904926215277778 0,660807291666667 0,904926215277778 0,912239583333333 0,718583622685185 0,912239583333333
4 0,837890625 0,640625 1 0,640625 1 0,90234375 0,837890625 0,90234375
4 0,943359375 0,630859375 1 0,630859375 1 0,896484375 0,943359375 0,896484375