10 0,298828125 0,0009765625 0,376953125 0,0009765625 0,376953125 0,0400390625 0,298828125 0,0400390625
10 0,228515625 0,0009765625 0,30859375 0,0009765625 0,30859375 0,0361328125 0,228515625 0,0361328125
37 0,1484375 0,0009765625 0,244140625 0,0009765625 0,244140625 0,0283203125 0,1484375 0,0283203125
47 0,52734375 0,3095703125 0,595703125 0,3095703125 0,595703125 0,4287109375 0,52734375 0,4287109375
23 0,576171875 0,3154296875 0,64453125 0,3154296875 0,64453125 0,4287109375 0,576171875 0,4287109375
40 0,62109375 0,3134765625 0,6953125 0,3134765625 0,6953125 0,4287109375 0,62109375 0,4287109375
4 0,681640625 0,3134765625 0,75390625 0,3134765625 0,75390625 0,4287109375 0,681640625 0,4287109375
6 0,736328125 0,3212890625 0,802734375 0,3212890625 0,802734375 0,4287109375 0,736328125 0,4287109375
6 0,7890625 0,3212890625 0,849609375 0,3212890625 0,849609375 0,4287109375 0,7890625 0,4287109375
6 0,013671875 0,8076171875 0,115234375 0,8076171875 0,115234375 0,9990234375 0,013671875 0,9990234375
3 0,091796875 0,8134765625 0,197265625 0,8134765625 0,197265625 0,9990234375 0,091796875 0,9990234375
7 0,171875 0,8134765625 0,267578125 0,8134765625 0,267578125 0,9990234375 0,171875 0,9990234375
29 0,729321322265625 0,8770353515625 0,716485791015625 0,651307974609375 0,606191072265625 0,655903259765625 0,62544268359375 0,886664798828125 0,729321322265625 0,8770353515625
13 0,8184939140625 0,85713885546875 0,814756345703125 0,64870283984375 0,707559470703125 0,649943603515625 0,713899404296875 0,87352230078125 0,8184939140625 0,85713885546875
22 0,909993966796875 0,85239201953125 0,901887345703125 0,646651244140625 0,801178390625 0,648468076171875 0,803855947265625 0,86119987109375 0,909993966796875 0,85239201953125
0 1 0,640000720703125 0,9253865390625 0,637937212890625 0,928181142578125 0,850652318359375 1 0,842166015625 1 0,640000720703125