10 0,546875 0,2046951640625 0,546875 0,187780509765625 0,50101679296875 0,073325509765625 0,45715416796875 0,067978978515625 0,439401638671875 0,219403919921875 0,546875 0,2046951640625
0 0,4597543125 0,2195166171875 0,428011015625 0,092224935546875 0,3390614765625 0,0960976875 0,371589677734375 0,232078994140625 0,4597543125 0,2195166171875
1 0,3967997109375 0,235861064453125 0,360774419921875 0,1045088125 0,294387896484375 0,114821701171875 0,308462330078125 0,251132685546875 0,3967997109375 0,235861064453125
3 0,336551109375 0,249155193359375 0,313491580078125 0,116558236328125 0,21582193359375 0,13037021484375 0,258620482421875 0,263900908203125 0,336551109375 0,249155193359375
8 0,165325939453125 0,4482421875 0,182827248046875 0,52592323828125 0,295238416015625 0,505486388671875 0,280708533203125 0,4482421875 0,165325939453125 0,4482421875
9 0,074151166015625 0,4482421875 0,10351558984375 0,545063529296875 0,20994734765625 0,533459978515625 0,190271861328125 0,4482421875 0,074151166015625 0,4482421875
0 0 0,5203544765625 0,016702517578125 0,574294130859375 0,127823421875 0,54906050390625 0,094266337890625 0,4482421875 0 0,4482421875 0 0,5203544765625
28 1 0,736207076171875 0,95536081640625 0,738557953125 0,959455400390625 0,780929193359375 1 0,778979765625 1 0,736207076171875
15 0,99235683984375 0,78181725390625 0,988268900390625 0,73761680078125 0,933921017578125 0,73954248828125 0,941856154296875 0,78120212890625 0,99235683984375 0,78181725390625
29 0,966856060546875 0,740541626953125 0,963950912109375 0,740036220703125 0,9113181796875 0,74287762890625 0,91999156640625 0,78512146875 0,970795939453125 0,783274228515625 0,966856060546875 0,740541626953125
2 0,932910796875 0,745969529296875 0,88035716015625 0,7472487421875 0,876722626953125 0,790685380859375 0,93786624609375 0,787121767578125 0,9269589609375 0,7689309921875 0,932910796875 0,745969529296875
5 0,91202952734375 0,79133941015625 0,9132529609375 0,74738538671875 0,855202927734375 0,74753955859375 0,858545919921875 0,79179433203125 0,91202952734375 0,79133941015625
13 0,892154099609375 0,793741111328125 0,889421845703125 0,749911322265625 0,831693359375 0,751169998046875 0,832840447265625 0,794924818359375 0,892154099609375 0,793741111328125