1 0 0,259765625 0,0625 0,259765625 0,0625 0,400390625 0 0,400390625
6 0,0460648148148148 0,263259548611111 0,125202546296296 0,263259548611111 0,125202546296296 0,3994140625 0,0460648148148148 0,3994140625
31 0,251063368055556 0,261631944444444 0,330258969907407 0,261631944444444 0,330258969907407 0,405598958333333 0,251063368055556 0,405598958333333
22 0,188592303240741 0,261067708333333 0,2677734375 0,261067708333333 0,2677734375 0,403081597222222 0,188592303240741 0,403081597222222
31 0,129007523148148 0,266297743055556 0,208174189814815 0,266297743055556 0,208174189814815 0,406358506944444 0,129007523148148 0,406358506944444
7 0,67578125 0,0009765625 0,806640625 0,0009765625 0,806640625 0,2216796875 0,67578125 0,2216796875
42 0,93359375 0 1 0 1 0,21484375 0,93359375 0,21484375
4 0,796875 0,0009765625 0,923828125 0,0009765625 0,923828125 0,2177734375 0,796875 0,2177734375
6 0,611328125 0,0009765625 0,69921875 0,0009765625 0,69921875 0,2236328125 0,611328125 0,2236328125
28 0,626953125 0,632668375 0,5925354453125 0,633136564453125 0,56127319921875 0,852921708984375 0,626953125 0,854247537109375 0,626953125 0,632668375
23 0,57591070703125 0,855969609375 0,601695943359375 0,638161306640625 0,48030751171875 0,638028740234375 0,4711776171875 0,857502767578125 0,57591070703125 0,855969609375
23 0,377495659722222 0,643359375 0,492353877314815 0,643359375 0,492353877314815 0,856467013888889 0,377495659722222 0,856467013888889
5 0,34862244140625 0,643020681640625 0,230876455078125 0,639031646484375 0,245416259765625 0,85207303125 0,35473656640625 0,857427775390625 0,34862244140625 0,643020681640625
9 0,26461266796875 0,858656994140625 0,23973502734375 0,642245982421875 0,1340662890625 0,63888912109375 0,14905808203125 0,856843779296875 0,26461266796875 0,858656994140625
7 0,14650008984375 0,634150576171875 0,02872790234375 0,64185005078125 0,070803587890625 0,877042796875 0,160807845703125 0,861768576171875 0,14650008984375 0,634150576171875
18 0,953125 0,4697265625 0,994140625 0,4697265625 0,994140625 0,5478515625 0,953125 0,5478515625
13 0,912109375 0,4697265625 0,970703125 0,4697265625 0,970703125 0,5458984375 0,912109375 0,5458984375
6 0,830078125 0,4697265625 0,888671875 0,4697265625 0,888671875 0,5439453125 0,830078125 0,5439453125
5 0,7890625 0,4697265625 0,845703125 0,4697265625 0,845703125 0,5419921875 0,7890625 0,5419921875
1 0,7578125 0,4697265625 0,8046875 0,4697265625 0,8046875 0,5439453125 0,7578125 0,5439453125