3 0,31714006640625 0,3671875 0,3168988125 0,249199708984375 0,1948259609375 0,246837392578125 0,19601380859375 0,3671875 0,31714006640625 0,3671875
39 0,80859375 0,078125 1 0,078125 1 0,3671875 0,80859375 0,3671875
20 0,6591796875 0,048828125 0,8623046875 0,048828125 0,8623046875 0,3671875 0,6591796875 0,3671875
9 0,472149884259259 0,0157190393518518 0,666999421296296 0,0157190393518518 0,666999421296296 0,34310619212963 0,472149884259259 0,34310619212963
6 0,35435474537037 0,00313223379629635 0,530714699074074 0,00313223379629635 0,530714699074074 0,312811053240741 0,35435474537037 0,312811053240741
5 0,3212890625 0,001953125 0,3935546875 0,001953125 0,3935546875 0,27734375 0,3212890625 0,27734375
30 0,904605212890625 0,974517287109375 0,906306259765625 0,6493049375 0,801678875 0,64081201171875 0,80691240234375 0,941043333984375 0,904605212890625 0,974517287109375
27 0,81775998046875 0,94316975390625 0,811531642578125 0,63895971484375 0,7180868671875 0,621954060546875 0,711523615234375 0,922436099609375 0,81775998046875 0,94316975390625
12 0,72306375390625 0,917924109375 0,724782271484375 0,621373857421875 0,623952625 0,621302193359375 0,6286489375 0,906287119140625 0,72306375390625 0,917924109375
5 0,606112103515625 0,90691819921875 0,61100512890625 0,619925708984375 0,512883763671875 0,6026454375 0,5126260234375 0,892695755859375 0,606112103515625 0,90691819921875
5 0,52406080078125 0,89774234765625 0,52087880078125 0,604683943359375 0,434816736328125 0,5896928359375 0,42390791015625 0,8789302265625 0,52406080078125 0,89774234765625
7 0,42718524609375 0,8834381328125 0,446612734375 0,60041001953125 0,35945562890625 0,59087530859375 0,362075431640625 0,870267091796875 0,42718524609375 0,8834381328125