1 0 0,233219310546875 0,1142456875 0,2294958125 0,12281153515625 0,01478808984375 0 0,009064025390625 0 0,233219310546875
0 0,0731811640625 0,233545998046875 0,19758448046875 0,24997783984375 0,23481727734375 0,020932142578125 0,079863046875 0,01320779296875 0,0731811640625 0,233545998046875
4 0,2607421875 0,020028794921875 0,204655921875 0,019037576171875 0,163941337890625 0,23858815234375 0,2607421875 0,24047816796875 0,2607421875 0,020028794921875
9 0,566550925925926 0,212543402777778 0,639626736111111 0,212543402777778 0,639626736111111 0,24615162037037 0,566550925925926 0,24615162037037
7 0,591825810185185 0,214872685185185 0,663006365740741 0,214872685185185 0,663006365740741 0,250405092592592 0,591825810185185 0,250405092592592
3 0,61810619212963 0,218192997685185 0,689286747685185 0,218192997685185 0,689286747685185 0,253725405092593 0,61810619212963 0,253725405092593
19 0,486704282407407 0,203544560185185 0,557826967592593 0,203544560185185 0,557826967592593 0,237123842592593 0,486704282407407 0,237123842592593
24 0,510026041666667 0,205844907407407 0,581206597222222 0,205844907407407 0,581206597222222 0,241377314814815 0,510026041666667 0,241377314814815
21 0,533434606481481 0,20716869212963 0,606568287037037 0,20716869212963 0,606568287037037 0,242730034722222 0,533434606481481 0,242730034722222
11 0 1 0,126803673828125 1 0,145478759765625 0,834118943359375 0 0,83102717578125 0 1
10 0,237076302734375 1 0,2486888203125 0,840319228515625 0,112983384765625 0,834585416015625 0,0932808515625 1 0,237076302734375 1
12 0,237717013888889 0,65708912037037 0,39603587962963 0,65708912037037 0,39603587962963 0,93208912037037 0,237717013888889 0,93208912037037
33 0,334599247685185 0,655591724537037 0,484989872685185 0,655591724537037 0,484989872685185 0,926569733796296 0,334599247685185 0,926569733796296
35 0,42251880787037 0,65591724537037 0,57876880787037 0,65591724537037 0,57876880787037 0,926982060185185 0,42251880787037 0,926982060185185
0 0,550535300925926 0,6587890625 0,702763310185185 0,6587890625 0,702763310185185 0,925889756944444 0,550535300925926 0,925889756944444
0 0,639489293981482 0,657175925925926 0,797576678240741 0,657175925925926 0,797576678240741 0,924363425925926 0,639489293981482 0,924363425925926
0 0,732291666666667 0,657573784722222 0,886472800925926 0,657573784722222 0,886472800925926 0,924703414351852 0,732291666666667 0,924703414351852