20 0,580078125 0,1627890234375 0,580078125 0,050117212890625 0,46314423828125 0,021238349609375 0,415356603515625 0,2777410546875 0,550033171875 0,3000242265625 0,580078125 0,1627890234375
20 0,455735912109375 0,031893703125 0,295859876953125 0,023878337890625 0,32977835546875 0,157025271484375 0,27523446875 0,263665759765625 0,4163751640625 0,2853662734375 0,455735912109375 0,031893703125
1 0,099609375 0 0,240234375 0 0,240234375 0,251953125 0,099609375 0,251953125
6 0 0 0,1171875 0 0,1171875 0,23046875 0 0,23046875
1 0,953125 0,15234375 1 0,15234375 1 0,251953125 0,953125 0,251953125
41 0,580078125 1 0,580078125 0,727746470703125 0,509529869140625 0,72530942578125 0,48920135546875 1 0,580078125 1
23 0,48628271875 1 0,513648515625 0,732498421875 0,36649918359375 0,736164888671875 0,347151541015625 1 0,48628271875 1
39 0,357423548828125 1 0,379628650390625 0,746064455078125 0,23853522265625 0,75574757421875 0,2384281171875 1 0,357423548828125 1
0 0,177970037109375 1 0,19131379296875 0,753669875 0,054478564453125 0,758490009765625 0,044748734375 1 0,177970037109375 1
9 0,053639765625 1 0,063213537109375 0,760816021484375 0 0,7651488984375 0 1 0,053639765625 1
12 1 0,51953125 0,917537388671875 0,51953125 0,888241630859375 0,6640024765625 0,970632298828125 0,6804191015625 1 0,53758430859375 1 0,51953125
12 0,837395603515625 0,51953125 0,812010896484375 0,64934845703125 0,8894454609375 0,66661576953125 0,91809940625 0,51953125 0,837395603515625 0,51953125
0 0,732905564453125 0,51953125 0,716790521484375 0,633728943359375 0,787461482421875 0,64760465625 0,80701296875 0,51953125 0,732905564453125 0,51953125
0 0,65768819140625 0,51953125 0,6435966796875 0,618163513671875 0,7134273125 0,633381109375 0,732584548828125 0,51953125 0,65768819140625 0,51953125
0 0,657083236328125 0,51953125 0,585748283203125 0,51953125 0,576171875 0,59699213671875 0,576171875 0,6065452890625 0,642091693359375 0,618366287109375 0,657083236328125 0,51953125