12 0,233617123046875 0,247941267578125 0,203025951171875 0,087739123046875 0,139754390625 0,0913434296875 0,170085984375 0,2485144375 0,233617123046875 0,247941267578125
27 0,287569509765625 0,248282375 0,253561171875 0,0853542578125 0,191630568359375 0,08835690625 0,221183830078125 0,248685853515625 0,287569509765625 0,248282375
22 0,341342962890625 0,250106248046875 0,309587830078125 0,08963416796875 0,244375935546875 0,09221141796875 0,275218111328125 0,248343203125 0,341342962890625 0,250106248046875
9 0,412459970703125 0,250007046875 0,385774482421875 0,09461598046875 0,3188946015625 0,09430559375 0,350014048828125 0,2548325625 0,412459970703125 0,250007046875
8 0,4710987734375 0,253936021484375 0,444434755859375 0,093865326171875 0,379486345703125 0,094931587890625 0,405006677734375 0,252119384765625 0,4710987734375 0,253936021484375
4 0,52991094921875 0,25504792578125 0,498482748046875 0,095616400390625 0,436772576171875 0,098392 0,4627416640625 0,256191740234375 0,52991094921875 0,25504792578125
4 0,699565972222222 0,179275173611111 0,832855902777778 0,179275173611111 0,832855902777778 0,375933159722222 0,699565972222222 0,375933159722222
4 0,798784722222222 0,1646484375 0,930208333333333 0,1646484375 0,930208333333333 0,365154803240741 0,798784722222222 0,365154803240741
3 0,892578125 0,14453125 1 0,14453125 1 0,3515625 0,892578125 0,3515625
37 0,5302734375 0,220703125 0,6142578125 0,220703125 0,6142578125 0,416015625 0,5302734375 0,416015625
23 0,554513888888889 0,195471643518519 0,719314236111111 0,195471643518519 0,719314236111111 0,404774305555556 0,554513888888889 0,404774305555556
9 0,189561631944444 0,550086805555556 0,227105034722222 0,550086805555556 0,227105034722222 0,566290509259259 0,189561631944444 0,566290509259259
7 0,208094618055556 0,549660011574074 0,245638020833333 0,549660011574074 0,245638020833333 0,565863715277778 0,208094618055556 0,565863715277778
3 0,226584201388889 0,547280092592593 0,264127604166667 0,547280092592593 0,264127604166667 0,563483796296296 0,226584201388889 0,563483796296296
24 0,14375 0,552633101851852 0,181293402777778 0,552633101851852 0,181293402777778 0,568836805555556 0,14375 0,568836805555556
19 0,125238715277778 0,554036458333333 0,162782118055556 0,554036458333333 0,162782118055556 0,570240162037037 0,125238715277778 0,570240162037037
21 0,162261284722222 0,55122974537037 0,1998046875 0,55122974537037 0,1998046875 0,567433449074074 0,162261284722222 0,567433449074074