12 0,387695015625 0 0,39178108984375 0,08308691015625 0,500338251953125 0,07728625 0,496890591796875 0 0,387695015625 0
18 0,283524015625 0 0,286520990234375 0,08458902734375 0,384701677734375 0,084014201171875 0,379620078125 0 0,283524015625 0
16 0,165213935546875 0 0,17044731640625 0,092924826171875 0,27853530078125 0,089261701171875 0,275375232421875 0 0,165213935546875 0
3 0,015093916015625 0 0,023485349609375 0,0952255546875 0,1252131953125 0,092900486328125 0,120236109375 0 0,015093916015625 0
28 0,329897280092593 0,651453993055556 0,371853298611111 0,651453993055556 0,371853298611111 0,731228298611111 0,329897280092593 0,731228298611111
29 0,295572916666667 0,649066840277778 0,337673611111111 0,649066840277778 0,337673611111111 0,732747395833333 0,295572916666667 0,732747395833333
33 0,25853587962963 0,652669270833333 0,300564236111111 0,652669270833333 0,300564236111111 0,734396701388889 0,25853587962963 0,734396701388889
9 0,21068431712963 0,6548828125 0,250687210648148 0,6548828125 0,250687210648148 0,7345703125 0,21068431712963 0,7345703125
9 0,17455150462963 0,656488715277778 0,214626736111111 0,656488715277778 0,214626736111111 0,738129340277778 0,17455150462963 0,738129340277778
7 0,137369791666667 0,656184895833333 0,177445023148148 0,656184895833333 0,177445023148148 0,737825520833333 0,137369791666667 0,737825520833333
37 1 0,4672200859375 0,868832138671875 0,47524594921875 0,856903453125 0,932248265625 1 0,913077662109375 1 0,4672200859375
8 0,826352720703125 0,477213541015625 0,70003966796875 0,49058159765625 0,672393423828125 0,950882521484375 0,8202959453125 0,949609376953125 0,826352720703125 0,477213541015625
8 0,5576171875 0,70252465234375 0,5576171875 0,979262787109375 0,668641015625 0,94850983984375 0,697301794921875 0,514250578125 0,5653448359375 0,522641783203125 0,5576171875 0,70252465234375