25 0 0,060546875 0,162109375 0,060546875 0,162109375 0,2578125 0 0,2578125
0 0,130729166666667 0,103190104166667 0,338541666666667 0,103190104166667 0,338541666666667 0,285988136574074 0,130729166666667 0,285988136574074
0 0,256705729166667 0,128674768518519 0,455924479166667 0,128674768518519 0,455924479166667 0,299696180555556 0,256705729166667 0,299696180555556
7 0,578125 0,161886595703125 0,578125 0,15955173046875 0,42807025390625 0,141859611328125 0,38580505078125 0,30426133203125 0,46834737109375 0,312057412109375 0,578125 0,161886595703125
8 0,617207869140625 0,23471097265625 0,5390625 0,43417767578125 0,5390625 0,5166015625 0,696055513671875 0,5166015625 0,778497947265625 0,254258203125 0,618041806640625 0,23208773828125 0,617207869140625 0,23471097265625
6 0,853571298828125 0,5166015625 0,927796046875 0,290842763671875 0,752511572265625 0,26598533203125 0,666093716796875 0,5166015625 0,853571298828125 0,5166015625
8 1 0,304306421875 0,912273837890625 0,2896838125 0,82159693359375 0,5166015625 0,995526291015625 0,5166015625 1 0,5026944609375 1 0,304306421875
28 0,116191853515625 0,5224609375 0,064851828125 0,6188492421875 0,112862568359375 0,626277623046875 0,167527369140625 0,5224609375 0,116191853515625 0,5224609375
26 0,147463337890625 0,5224609375 0,091418591796875 0,63067666015625 0,136229529296875 0,642415150390625 0,197243572265625 0,5224609375 0,147463337890625 0,5224609375
15 0,17895603515625 0,5224609375 0,118325796875 0,64434533984375 0,154287009765625 0,650720224609375 0,23112596875 0,5224609375 0,17895603515625 0,5224609375
2 0,223468685546875 0,5224609375 0,155436955078125 0,663471109375 0,20475974609375 0,6729976875 0,280250494140625 0,5224609375 0,223468685546875 0,5224609375
6 0,2675792734375 0,5224609375 0,1871763359375 0,67800132421875 0,23674822265625 0,687905216796875 0,31237006640625 0,5224609375 0,2675792734375 0,5224609375
0 0,29803716015625 0,5224609375 0,214502427734375 0,692556287109375 0,261879943359375 0,69772397265625 0,34507942578125 0,5224609375 0,29803716015625 0,5224609375
2 0,793154140625 0,5224609375 0,762993384765625 0,559790947265625 0,82457280078125 0,59090345703125 0,892487513671875 0,5224609375 0,793154140625 0,5224609375
8 0,87021520703125 0,5224609375 0,810124333984375 0,590115396484375 0,862403275390625 0,62271426953125 0,949955404296875 0,5224609375 0,87021520703125 0,5224609375
2 0,94909758203125 0,5224609375 0,932578927734375 0,5224609375 0,84969394921875 0,620038234375 0,91054687890625 0,64810570703125 0,99970391796875 0,54922126171875 0,94909758203125 0,5224609375