27 0 0,469956083984375 0,134442673828125 0,47568028125 0,11166955859375 0,27514174609375 0 0,269200359375 0 0,469956083984375
17 0,2823713046875 0,47704984375 0,2588198984375 0,281783513671875 0,11787653515625 0,27140009765625 0,13532203515625 0,47116325 0,2823713046875 0,47704984375
12 0,344410328125 0,48333698046875 0,4158781484375 0,4821268203125 0,414328998046875 0,377378626953125 0,39945737109375 0,289904521484375 0,263710267578125 0,2848182109375 0,28260528515625 0,473283310546875 0,344410328125 0,48333698046875
2 0,62581684765625 0,495058849609375 0,59690866015625 0,30429089453125 0,46366475 0,2901720546875 0,468754412109375 0,48686940234375 0,62581684765625 0,495058849609375
8 0,638671875 0,30202805859375 0,6019306015625 0,302805443359375 0,6169308125 0,501050462890625 0,638671875 0,5018419453125 0,638671875 0,30202805859375
42 0,657096354166667 0,240451388888889 0,8064453125 0,240451388888889 0,8064453125 0,498336226851852 0,657096354166667 0,498336226851852
46 0,7716796875 0,239221643518519 0,899153645833333 0,239221643518519 0,899153645833333 0,489655671296296 0,7716796875 0,489655671296296
38 0,87109375 0,236328125 1 0,236328125 1 0,4921875 0,87109375 0,4921875
27 0,346484375 0,849030671296296 0,408333333333333 0,849030671296296 0,408333333333333 0,960503472222222 0,346484375 0,960503472222222
19 0,392057291666667 0,847547743055556 0,451953125 0,847547743055556 0,451953125 0,958875868055556 0,392057291666667 0,958875868055556
31 0,456392630859375 0,954183666015625 0,48833426171875 0,956274107421875 0,48318983984375 0,851860125 0,434618947265625 0,8510047734375 0,456392630859375 0,954183666015625
2 0,499479166666667 0,840928819444444 0,559895833333333 0,840928819444444 0,559895833333333 0,960069444444444 0,499479166666667 0,960069444444444
4 0,5451171875 0,840422453703704 0,6091796875 0,840422453703704 0,6091796875 0,955946180555556 0,5451171875 0,955946180555556
7 0,59375 0,841796875 0,638671875 0,841796875 0,638671875 0,958984375 0,59375 0,958984375
31 0,638671875 0,509765625 0,73046875 0,509765625 0,73046875 0,849609375 0,638671875 0,849609375
34 0,6953125 0,509765625 0,873046875 0,509765625 0,873046875 0,859375 0,6953125 0,859375
0 0,89453125 0,509765625 1 0,509765625 1 0,85546875 0,89453125 0,85546875