28 1 0,001953125 0,93129288671875 0,001953125 0,94787079296875 0,097805759765625 1 0,0923513671875 1 0,001953125
0 0,94392716015625 0,0918552265625 0,927224578125 0,001953125 0,8568434921875 0,001953125 0,871304025390625 0,098466134765625 0,94392716015625 0,0918552265625
8 0,890103994140625 0,100240609375 0,872280423828125 0,001953125 0,80719875 0,001953125 0,821926923828125 0,09920184375 0,890103994140625 0,100240609375
3 0,776511103515625 0,107822255859375 0,8388442578125 0,10337230859375 0,820161103515625 0,001953125 0,751779880859375 0,001953125 0,77064915234375 0,09684409375 0,776511103515625 0,107822255859375
16 0,6279296875 0,802734375 0,6787109375 0,802734375 0,6787109375 0,95703125 0,6279296875 0,95703125
12 0,58203125 0,813512731481481 0,662109375 0,813512731481481 0,662109375 0,956814236111111 0,58203125 0,956814236111111
20 0,5361328125 0,816767939814815 0,6181640625 0,816767939814815 0,6181640625 0,96802662037037 0,5361328125 0,96802662037037
0 0,47265625 0,827473958333333 0,552734375 0,827473958333333 0,552734375 0,980541087962963 0,47265625 0,980541087962963
6 0,42578125 0,83275462962963 0,5078125 0,83275462962963 0,5078125 0,987919560185185 0,42578125 0,987919560185185
4 0,3837890625 0,842158564814815 0,4599609375 0,842158564814815 0,4599609375 0,992983217592593 0,3837890625 0,992983217592593
24 0,791993060546875 0,37109375 0,85368032421875 0,566661708984375 0,971005740234375 0,52306832421875 0,92278781640625 0,37109375 0,791993060546875 0,37109375
20 0,867528908203125 0,566916751953125 0,801914630859375 0,37109375 0,697935037109375 0,37109375 0,6699802890625 0,381611615234375 0,74699927734375 0,4905074375 0,747026328125 0,61066305078125 0,867528908203125 0,566916751953125
19 0,6611328125 0,640690966796875 0,758905447265625 0,6143059921875 0,732031052734375 0,497348392578125 0,6611328125 0,5205494375 0,6611328125 0,640690966796875