30 0 0,03515625 0,0078125 0,03515625 0,0078125 0,078125 0 0,078125
35 0,00453559027777772 0,0367259837962963 0,0260923032407407 0,0367259837962963 0,0260923032407407 0,076048900462963 0,00453559027777772 0,076048900462963
23 0,020261863425926 0,0345413773148148 0,0418185763888889 0,0345413773148148 0,0418185763888889 0,0738642939814815 0,020261863425926 0,0738642939814815
4 0,0427734375 0,0332320601851852 0,064330150462963 0,0332320601851852 0,064330150462963 0,0725549768518519 0,0427734375 0,0725549768518519
0 0,0594256365740742 0,0320095486111111 0,080982349537037 0,0320095486111111 0,080982349537037 0,0713324652777778 0,0594256365740742 0,0713324652777778
9 0,0751012731481482 0,0308015046296296 0,096657986111111 0,0308015046296296 0,096657986111111 0,0701244212962963 0,0751012731481482 0,0701244212962963
47 0,543157125 0,283405685546875 0,4677734375 0,262506224609375 0,4677734375 0,442180234375 0,543157125 0,283405685546875
27 0,4677734375 0,4391129765625 0,4677734375 0,479219951171875 0,539663705078125 0,50624655859375 0,628239892578125 0,3131278984375 0,542112337890625 0,2897315546875 0,4677734375 0,4391129765625
1 0,571803162109375 0,5128898046875 0,63224280078125 0,536723259765625 0,728559947265625 0,3456242578125 0,6475483125 0,319357115234375 0,571803162109375 0,5128898046875
9 0,644183615234375 0,532076595703125 0,71479550390625 0,55649430859375 0,8238023125 0,37972625390625 0,730082166015625 0,349249552734375 0,644183615234375 0,532076595703125
2 0,8062729609375 0,57819990625 0,9164984453125 0,401346736328125 0,82283343359375 0,37087003515625 0,72671803515625 0,5455217734375 0,8062729609375 0,57819990625
28 0,161053951171875 0,861901197265625 0,2305274296875 0,856307830078125 0,238022966796875 0,67341600390625 0,167461771484375 0,67749940625 0,161053951171875 0,861901197265625
22 0,23352616796875 0,857042630859375 0,311533353515625 0,857207259765625 0,3168442265625 0,670766849609375 0,240463732421875 0,674186359375 0,23352616796875 0,857042630859375
17 0,387173275390625 0,853718404296875 0,392492189453125 0,667804984375 0,319254978515625 0,669429134765625 0,31393696484375 0,856923529296875 0,387173275390625 0,853718404296875
0 0,4697265625 0,6653086640625 0,42348459765625 0,666660130859375 0,41974139453125 0,85826565625 0,4697265625 0,856484689453125 0,4697265625 0,6653086640625
5 0,8369140625 0,953125 0,9306640625 0,953125 0,9306640625 1 0,8369140625 1
8 0,9111328125 0,9453125 0,9951171875 0,9453125 0,9951171875 1 0,9111328125 1