10 0,088347908203125 0,1829947578125 0,107427189453125 0,11495130859375 0,069741169921875 0,108564521484375 0,04674095703125 0,17546282421875 0,088347908203125 0,1829947578125
11 0,12240412890625 0,185784552734375 0,13954458984375 0,12068698046875 0,099831060546875 0,11529153125 0,081108890625 0,18015212109375 0,12240412890625 0,185784552734375
31 0,149941333984375 0,1891656640625 0,175046193359375 0,12713368359375 0,133761640625 0,12072225390625 0,1160432265625 0,18571843359375 0,149941333984375 0,1891656640625
7 0,191859072265625 0,1953383515625 0,22061725 0,134934798828125 0,1804924140625 0,12872166015625 0,160478755859375 0,1917633515625 0,191859072265625 0,1953383515625
6 0,22198371875 0,202987419921875 0,2491616484375 0,13966710546875 0,214789244140625 0,1362092421875 0,18267567578125 0,19313587890625 0,22198371875 0,202987419921875
0 0,25151260546875 0,20617573828125 0,278085173828125 0,14498440625 0,24239331640625 0,139093060546875 0,214310490234375 0,198770158203125 0,25151260546875 0,20617573828125
46 0,771701388888889 0,0423538773148149 0,931770833333333 0,0423538773148149 0,931770833333333 0,128479456018519 0,771701388888889 0,128479456018519
37 0,763736979166667 0,0949869791666667 0,923763020833333 0,0949869791666667 0,923763020833333 0,17915943287037 0,763736979166667 0,17915943287037
46 0,754752604166667 0,149558738425926 0,908875868055556 0,149558738425926 0,908875868055556 0,231691261574074 0,754752604166667 0,231691261574074
5 0,7384765625 0,220630787037037 0,890690104166667 0,220630787037037 0,890690104166667 0,3046875 0,7384765625 0,3046875
5 0,729513888888889 0,278132233796296 0,875737847222222 0,278132233796296 0,875737847222222 0,356242766203704 0,729513888888889 0,356242766203704
6 0,714756944444444 0,3345703125 0,862760416666667 0,3345703125 0,862760416666667 0,404897280092593 0,714756944444444 0,404897280092593
24 0,0184678819444445 0,542657696759259 0,0748046875 0,542657696759259 0,0748046875 0,617484085648148 0,0184678819444445 0,617484085648148
30 0,0446831597222222 0,547931134259259 0,101063368055556 0,547931134259259 0,101063368055556 0,624710648148148 0,0446831597222222 0,624710648148148
15 0,0718532986111111 0,556148726851852 0,130186631944444 0,556148726851852 0,130186631944444 0,632957175925926 0,0718532986111111 0,632957175925926
5 0,111762152777778 0,564554398148148 0,168098958333333 0,564554398148148 0,168098958333333 0,639380787037037 0,111762152777778 0,639380787037037
3 0,138932291666667 0,572771990740741 0,195269097222222 0,572771990740741 0,195269097222222 0,64759837962963 0,138932291666667 0,64759837962963
7 0,165147569444444 0,579998553240741 0,221484375 0,579998553240741 0,221484375 0,65482494212963 0,165147569444444 0,65482494212963
17 0,719623341796875 0,909205126953125 0,77042604296875 0,91119263671875 0,78134648046875 0,8139342421875 0,73016887109375 0,813290296875 0,719623341796875 0,909205126953125
23 0,674123369140625 0,90877723046875 0,726955841796875 0,910515779296875 0,739054646484375 0,814882830078125 0,68452270703125 0,81286240234375 0,674123369140625 0,90877723046875
20 0,633319091796875 0,909335916015625 0,685839521484375 0,910120798828125 0,693116884765625 0,81647028515625 0,63730705859375 0,814449859375 0,633319091796875 0,909335916015625
2 0,573788548828125 0,9186041484375 0,629785306640625 0,9144375859375 0,63600831640625 0,8178180546875 0,583040193359375 0,817564013671875 0,573788548828125 0,9186041484375
9 0,589880130859375 0,910152841796875 0,59333753125 0,817282134765625 0,53562266015625 0,826292126953125 0,5470720546875 0,915230876953125 0,589880130859375 0,910152841796875
1 0,494251275390625 0,9166444765625 0,542434197265625 0,915771 0,54815767578125 0,82183860546875 0,50614937890625 0,820870587890625 0,494251275390625 0,9166444765625