27 0,23046875 0 0,404296875 0 0,404296875 0,228515625 0,23046875 0,228515625
18 0,1328125 0 0,28125 0 0,28125 0,26171875 0,1328125 0,26171875
14 0,015625 0,0180483217592592 0,185546875 0,0180483217592592 0,185546875 0,291919849537037 0,015625 0,291919849537037
26 0,87519005078125 0 0,94505374609375 0,23122478125 1 0,221835177734375 1 0 0,87519005078125 0
16 0,7516162578125 0 0,822045712890625 0,252434810546875 0,938824869140625 0,22960503515625 0,8699147734375 0 0,7516162578125 0
33 0,6204783515625 0 0,7043501171875 0,267615197265625 0,817892494140625 0,25135672265625 0,746295693359375 0 0,6204783515625 0
2 0,51953125 0 0,51953125 0,284454291015625 0,523875421875 0,300045794921875 0,653115953125 0,276530361328125 0,56623137109375 0 0,51953125 0
30 0,46484375 0,48828125 0,51953125 0,48828125 0,51953125 0,783203125 0,46484375 0,783203125
20 0,353515625 0,48828125 0,51953125 0,48828125 0,51953125 0,806640625 0,353515625 0,806640625
1 0,19921875 0,48828125 0,392578125 0,48828125 0,392578125 0,837890625 0,19921875 0,837890625
5 0,0859375 0,48828125 0,28515625 0,48828125 0,28515625 0,8515625 0,0859375 0,8515625
5 0 0,48828125 0,173828125 0,48828125 0,173828125 0,865234375 0 0,865234375
44 0,91796875 0,544921875 1 0,544921875 1 0,671875 0,91796875 0,671875
44 0,873046875 0,558485243055556 0,94921875 0,558485243055556 0,94921875 0,690212673611111 0,873046875 0,690212673611111
44 0,97265625 0,533203125 1 0,533203125 1 0,662109375 0,97265625 0,662109375