31 0,546382912109375 0,29310715625 0,58153121484375 0,1522150078125 0,50272333984375 0,14734304296875 0,47674196484375 0,28935119921875 0,546382912109375 0,29310715625
26 0,487332908203125 0,28999174609375 0,517812212890625 0,148493431640625 0,441349794921875 0,142718138671875 0,408081076171875 0,2869460546875 0,487332908203125 0,28999174609375
10 0,42370933984375 0,282878828125 0,443526931640625 0,140818263671875 0,375423546875 0,139939681640625 0,346946478515625 0,2813391484375 0,42370933984375 0,282878828125
6 0,325020123046875 0,27870528515625 0,3450335234375 0,137962619140625 0,266309724609375 0,13360019921875 0,24439940234375 0,275672552734375 0,325020123046875 0,27870528515625
1 0,2570678515625 0,277331849609375 0,2782221875 0,1314530234375 0,210610416015625 0,13106014453125 0,184732654296875 0,274966048828125 0,2570678515625 0,277331849609375
8 0,1947191328125 0,2698025390625 0,215503501953125 0,13112198046875 0,13259812109375 0,128967224609375 0,113506396484375 0,2690744921875 0,1947191328125 0,2698025390625
0 0,883391203703704 0,176830150462963 0,999045138888889 0,176830150462963 0,999045138888889 0,343453414351852 0,883391203703704 0,343453414351852
8 0,746332465277778 0,169104456018519 0,856011284722222 0,169104456018519 0,856011284722222 0,33373119212963 0,746332465277778 0,33373119212963
7 0,818135127314815 0,16849681712963 0,938042534722222 0,16849681712963 0,938042534722222 0,341008391203704 0,818135127314815 0,341008391203704
25 0,2124083359375 0,804247859375 0,230951703125 0,75332278125 0,18279198046875 0,749228326171875 0,164907427734375 0,799834537109375 0,2124083359375 0,804247859375
28 0,18028784765625 0,799551392578125 0,199184177734375 0,748965439453125 0,1539353046875 0,74369212890625 0,13305063671875 0,793713943359375 0,18028784765625 0,799551392578125
24 0,169811626953125 0,74245048046875 0,122575513671875 0,7370062734375 0,102608501953125 0,788927189453125 0,149288392578125 0,793549181640625 0,169811626953125 0,74245048046875
0 0,10151486328125 0,78460851953125 0,12295260546875 0,735067287109375 0,07658911328125 0,7294390546875 0,05437693359375 0,77957633203125 0,10151486328125 0,78460851953125
9 0,06905170703125 0,77925335546875 0,092435029296875 0,728853376953125 0,047559591796875 0,723256134765625 0,026369228515625 0,775113173828125 0,06905170703125 0,77925335546875
15 0 0,770093119140625 0,040573548828125 0,775084435546875 0,0627130078125 0,721984439453125 0,01664028125 0,717017833984375 0 0,75676459765625 0 0,770093119140625
29 1 0,5029296875 0,929295990234375 0,5029296875 0,923032205078125 0,631832720703125 0,990745771484375 0,634998251953125 1 0,591740783203125 1 0,5029296875
0 0,8396587890625 0,5029296875 0,8135379765625 0,62747002734375 0,900952279296875 0,629277255859375 0,92237058203125 0,5029296875 0,8396587890625 0,5029296875
1 0,755859375 0,5029296875 0,85546875 0,5029296875 0,85546875 0,6318359375 0,755859375 0,6318359375
4 0,6875 0,5029296875 0,791015625 0,5029296875 0,791015625 0,6181640625 0,6875 0,6181640625