26 0,5322265625 0,540900728515625 0,460014380859375 0,541366896484375 0,46785766796875 0,675561455078125 0,5322265625 0,67421375 0,5322265625 0,540900728515625
3 0,376545615234375 0,677734375 0,4480572109375 0,677734375 0,45974625 0,67689153125 0,44028185546875 0,54750062109375 0,359441771484375 0,553097630859375 0,376545615234375 0,677734375
8 0,399827158203125 0,677734375 0,37646192578125 0,5536214140625 0,29837844921875 0,55725125390625 0,318804244140625 0,677734375 0,399827158203125 0,677734375
8 0,338606541015625 0,677734375 0,3166935859375 0,557066234375 0,234875861328125 0,5607309765625 0,257862365234375 0,677734375 0,338606541015625 0,677734375
21 1 0,24033142578125 0,99213464453125 0,166887841796875 0,908087841796875 0,165806751953125 0,9184656875 0,3212562734375 1 0,320813669921875 1 0,24033142578125
35 0,942499828125 0,319978986328125 0,9254574921875 0,16480151171875 0,83711687109375 0,164024814453125 0,85236080859375 0,32365335546875 0,942499828125 0,319978986328125
3 0,835831271484375 0,16625140625 0,743322994140625 0,162011845703125 0,743544078125 0,171328326171875 0,769420630859375 0,3204113828125 0,851504556640625 0,321493138671875 0,835831271484375 0,16625140625
9 0,787495736328125 0,3224080625 0,76252378125 0,170959857421875 0,678441240234375 0,175591623046875 0,71397755078125 0,323351630859375 0,787495736328125 0,3224080625
2 0,725740529296875 0,326294517578125 0,6974138671875 0,17251708984375 0,6154005390625 0,172701955078125 0,635583876953125 0,3256871484375 0,725740529296875 0,326294517578125
4 0,420540720703125 0,909583560546875 0,310236779296875 0,908340966796875 0,30270726953125 0,998046875 0,41206249609375 0,998046875 0,417618078125 0,921994578125 0,420540720703125 0,909583560546875
5 0,180655791015625 0,899873806640625 0,180258849609375 0,998046875 0,32327605078125 0,998046875 0,326448091796875 0,9085521796875 0,180655791015625 0,899873806640625
6 0,081675900390625 0,890540642578125 0,083027150390625 0,998046875 0,200898431640625 0,998046875 0,201901931640625 0,897369306640625 0,081675900390625 0,890540642578125