30 0,2246472578125 0,548828125 0,21579227734375 0,375075177734375 0,11686337890625 0,380663291015625 0,1352979609375 0,548828125 0,2246472578125 0,548828125
28 0,307220513671875 0,538041640625 0,30625904296875 0,36488478515625 0,2157913984375 0,37665799609375 0,225218521484375 0,54808430078125 0,307220513671875 0,538041640625
13 0,3072196328125 0,539624458984375 0,3892264140625 0,523776642578125 0,393548890625 0,358774328125 0,30044147265625 0,362513224609375 0,30202768359375 0,363112029296875 0,3072196328125 0,539624458984375
11 0,74863339453125 0,341878962890625 0,735066091796875 0,001784640625 0,623569529296875 0,005449103515625 0,61324179296875 0,3509710703125 0,74863339453125 0,341878962890625
28 0,74230979296875 0 0,751529064453125 0,342731658203125 0,865928123046875 0,327641349609375 0,870331568359375 0 0,74230979296875 0
18 0,879797765625 0 0,877510447265625 0,328882328125 0,982495234375 0,31914835546875 0,988802880859375 0 0,879797765625 0
21 0,419921875 0,548828125 0,419921875 0,6549055390625 0,5008403046875 0,67218315625 0,5002902734375 0,548828125 0,419921875 0,548828125
34 0,500233111328125 0,548828125 0,499531814453125 0,67862757421875 0,573843751953125 0,6936701015625 0,583586359375 0,548828125 0,500233111328125 0,548828125
21 0,585561447265625 0,548828125 0,580359099609375 0,701767515625 0,6807489296875 0,716680060546875 0,6665442265625 0,548828125 0,585561447265625 0,548828125
7 0,71166428515625 0,548828125 0,715948787109375 0,7247644765625 0,786349951171875 0,7383296171875 0,810213107421875 0,548828125 0,71166428515625 0,548828125
8 0,808942998046875 0,548828125 0,798082998046875 0,741458369140625 0,8971585546875 0,773222283203125 0,900483251953125 0,548828125 0,808942998046875 0,548828125
9 0,90194916796875 0,548828125 0,891940134765625 0,7794927890625 0,9923312890625 0,789201009765625 0,999491689453125 0,548828125 0,90194916796875 0,548828125