25 0,12109375 0,236328125 0,189453125 0,236328125 0,189453125 0,318359375 0,12109375 0,318359375
14 0,06640625 0,2265625 0,142578125 0,2265625 0,142578125 0,318359375 0,06640625 0,318359375
17 0,015625 0,220703125 0,08984375 0,220703125 0,08984375 0,318359375 0,015625 0,318359375
46 0,288360821759259 0,406575520833333 0,4146484375 0,406575520833333 0,4146484375 0,6298828125 0,288360821759259 0,6298828125
44 0,009765625 0,318359375 0,12890625 0,318359375 0,12890625 0,5390625 0,009765625 0,5390625
22 0,203826678240741 0,372576678240741 0,330201099537037 0,372576678240741 0,330201099537037 0,601743344907407 0,203826678240741 0,601743344907407
44 0 0,318359375 0,046875 0,318359375 0,046875 0,5078125 0 0,5078125
41 0,238646876953125 0,369005421875 0,16518659765625 0,349159072265625 0,13234320703125 0,555916373046875 0,20494171875 0,5756737109375 0,238646876953125 0,369005421875
18 0,591102430555556 0,474537037037037 0,699638310185185 0,474537037037037 0,699638310185185 0,685474537037037 0,591102430555556 0,685474537037037
10 0,508839699074074 0,461877893518518 0,619357638888889 0,461877893518518 0,619357638888889 0,674840856481482 0,508839699074074 0,674840856481482
15 0,437319155092593 0,44896556712963 0,545855034722222 0,44896556712963 0,545855034722222 0,65990306712963 0,437319155092593 0,65990306712963