9 0 0,09765625 0,0703125 0,09765625 0,0703125 0,201171875 0 0,201171875
4 0,0244791666666667 0,0954065393518518 0,115104166666667 0,0954065393518518 0,115104166666667 0,20376880787037 0,0244791666666667 0,20376880787037
2 0,0665364583333334 0,0930121527777777 0,157421875 0,0930121527777777 0,157421875 0,205280671296296 0,0665364583333334 0,205280671296296
21 0,53125 0,0439453125 0,6875 0,0439453125 0,6875 0,3564453125 0,53125 0,3564453125
14 0,6091796875 0,0398654513888889 0,811393229166667 0,0398654513888889 0,811393229166667 0,362999131944444 0,6091796875 0,362999131944444
6 0,785221354166667 0,0737196180555555 0,987565104166667 0,0737196180555555 0,987565104166667 0,369625289351852 0,785221354166667 0,369625289351852
1 0,91015625 0,068359375 1 0,068359375 1 0,380859375 0,91015625 0,380859375
24 0,712890625 0,962890625 0,787109375 0,962890625 0,787109375 1 0,712890625 1
30 0,740234375 0,96484375 0,814453125 0,96484375 0,814453125 1 0,740234375 1
15 0,767578125 0,962890625 0,84375 0,962890625 0,84375 1 0,767578125 1
5 0,806640625 0,962890625 0,8828125 0,962890625 0,8828125 1 0,806640625 1
3 0,8359375 0,96484375 0,912109375 0,96484375 0,912109375 1 0,8359375 1
7 0,865234375 0,962890625 0,939453125 0,962890625 0,939453125 1 0,865234375 1