30 0,360533314453125 0,3472454296875 0,368925892578125 0,294550654296875 0,33119149609375 0,295496236328125 0,323324767578125 0,34505766796875 0,360533314453125 0,3472454296875
29 0,341567455078125 0,345170921875 0,347669126953125 0,29517085546875 0,306237509765625 0,294113759765625 0,308550234375 0,345066248046875 0,341567455078125 0,345170921875
32 0,3232536484375 0,347845001953125 0,326081478515625 0,293168787109375 0,287239076171875 0,29524919140625 0,2804939609375 0,346437275390625 0,3232536484375 0,347845001953125
1 0,250954861111111 0,293800636574074 0,293315972222222 0,293800636574074 0,293315972222222 0,348647280092593 0,250954861111111 0,348647280092593
1 0,228428819444444 0,290704571759259 0,272786458333333 0,290704571759259 0,272786458333333 0,34751880787037 0,228428819444444 0,34751880787037
5 0,204036458333333 0,291500289351852 0,250347222222222 0,291500289351852 0,250347222222222 0,348328993055556 0,204036458333333 0,348328993055556
11 1 0,042213162109375 0,9198243984375 0,043550177734375 0,90749908203125 0,25129833203125 1 0,257128556640625 1 0,042213162109375
23 0,92166680078125 0,257590626953125 0,924362798828125 0,043090646484375 0,8142468984375 0,036052025390625 0,806951037109375 0,25313570703125 0,92166680078125 0,257590626953125
5 0,789203865234375 0,25155296484375 0,791907583984375 0,037223435546875 0,683497814453125 0,036647234375 0,6761514453125 0,24821049609375 0,789203865234375 0,25155296484375
3 0,68910597265625 0,250728859375 0,695739115234375 0,03536797265625 0,5891502578125 0,034284416015625 0,57723127734375 0,24579449609375 0,68910597265625 0,250728859375
7 0,5 0,2429879921875 0,58438245703125 0,247090365234375 0,6034194921875 0,034202458984375 0,5 0,034616388671875 0,5 0,2429879921875
32 0,51953125 0,891788302734375 0,51953125 0,8892730078125 0,51756449609375 0,8522531875 0,4800588203125 0,85212300390625 0,486451900390625 0,891007775390625 0,51953125 0,891788302734375
27 0,500778953125 0,89309345703125 0,496844447265625 0,852584505859375 0,46039751171875 0,854002455078125 0,463834408203125 0,89169569921875 0,500778953125 0,89309345703125
6 0,473499068359375 0,89212518359375 0,47013560546875 0,854481 0,432154091796875 0,8533446640625 0,4412611796875 0,89344009375 0,473499068359375 0,89212518359375
2 0,4552809765625 0,89314997265625 0,447538005859375 0,85412246484375 0,4140549375 0,854020701171875 0,418145744140625 0,894693623046875 0,4552809765625 0,89314997265625
7 0,4340455703125 0,893870162109375 0,431193306640625 0,853481982421875 0,3949781171875 0,85209925 0,397364779296875 0,89403470703125 0,4340455703125 0,893870162109375
21 0,671875 0,6025390625 0,7265625 0,6025390625 0,7265625 0,6201171875 0,671875 0,6201171875
10 0,640625 0,6025390625 0,6953125 0,6025390625 0,6953125 0,6201171875 0,640625 0,6201171875
31 0,607421875 0,6025390625 0,662109375 0,6025390625 0,662109375 0,6181640625 0,607421875 0,6181640625
2 0,560546875 0,6025390625 0,62109375 0,6025390625 0,62109375 0,6220703125 0,560546875 0,6220703125
2 0,529296875 0,6025390625 0,587890625 0,6025390625 0,587890625 0,6201171875 0,529296875 0,6201171875
3 0,5 0,6025390625 0,552734375 0,6025390625 0,552734375 0,6201171875 0,5 0,6201171875