24 0 0,2943729296875 0,1222913203125 0,267965474609375 0,0402686015625 0,017378212890625 0 0,024875173828125 0 0,2943729296875
20 0,121148646484375 0 0,028866869140625 0,0137746484375 0,100183390625 0,267978 0,22527725390625 0,24605071484375 0,1463283203125 0 0,121148646484375 0
19 0,136427283203125 0 0,200948697265625 0,246080763671875 0,33650148828125 0,217534525390625 0,2708175703125 0 0,136427283203125 0
8 0,299589435546875 0 0,321782373046875 0,20431698046875 0,46758932421875 0,188725111328125 0,409679513671875 0 0,299589435546875 0
7 0,395182064453125 0 0,4457095703125 0,19236626171875 0,542698138671875 0,171761751953125 0,526157591796875 0 0,395182064453125 0
11 0,578041078125 0,112631701171875 0,5244140625 0,1125312265625 0,5244140625 0,1972373671875 0,553390294921875 0,267292294921875 0,6357494609375 0,267769568359375 0,60792429296875 0,191111828125 0,578041078125 0,112631701171875
30 0,702662111328125 0,288288064453125 0,663635916015625 0,134171658203125 0,5669304375 0,122080330078125 0,617917849609375 0,280082861328125 0,702662111328125 0,288288064453125
0 0,805312376953125 0,314567837890625 0,75782434765625 0,152581328125 0,6699865703125 0,1443388046875 0,711012720703125 0,296034150390625 0,805312376953125 0,314567837890625
0 0,875394142578125 0,329069529296875 0,8321478515625 0,1601396328125 0,741239435546875 0,15470673828125 0,780062716796875 0,313517845703125 0,875394142578125 0,329069529296875
4 0,848468189453125 0,32746585546875 0,949066669921875 0,343829501953125 0,926658109375 0,2192502578125 0,9135604296875 0,177710548828125 0,821961369140625 0,179569076171875 0,848468189453125 0,32746585546875
46 0,5537109375 0,68614707421875 0,346996076171875 0,70893882421875 0,364188455078125 0,81501484375 0,5537109375 0,795063474609375 0,5537109375 0,68614707421875
42 0,5537109375 0,786964423828125 0,36388528125 0,813128703125 0,382743427734375 0,925321623046875 0,5537109375 0,897506478515625 0,5537109375 0,786964423828125
46 0,4818563828125 1 0,5537109375 0,98609090625 0,5537109375 0,884097064453125 0,382061625 0,907554154296875 0,399203515625 1 0,4818563828125 1
44 0,892578125 0,53515625 1 0,53515625 1 0,619140625 0,892578125 0,619140625
21 0,7255859375 0,5361328125 0,8681640625 0,5361328125 0,8681640625 0,6591796875 0,7255859375 0,6591796875
17 0,6611328125 0,5361328125 0,8017578125 0,5361328125 0,8017578125 0,6748046875 0,6611328125 0,6748046875
41 0,7900390625 0,5361328125 0,9404296875 0,5361328125 0,9404296875 0,6455078125 0,7900390625 0,6455078125