20 0,344457185546875 0 0,411757396484375 0,073649474609375 0,401710447265625 0,180398685546875 0,512468984375 0,142062099609375 0,467502212890625 0 0,344457185546875 0
16 0,327000646484375 0 0,2514626328125 0,02836034375 0,33209094140625 0,214082625 0,425486896484375 0,179188880859375 0,361808134765625 0 0,327000646484375 0
33 0,26926242578125 0,028950974609375 0,157158255859375 0,071378701171875 0,230868580078125 0,153398205078125 0,24649333984375 0,252157064453125 0,346964748046875 0,214234810546875 0,26926242578125 0,028950974609375
5 0,2272496875 0,26592434375 0,1427051796875 0,087573275390625 0,0319511328125 0,116407474609375 0,12491652734375 0,303293541015625 0,2272496875 0,26592434375
8 0 0,261238169921875 0,038092056640625 0,340774494140625 0,14158023046875 0,306230251953125 0,045148583984375 0,119574240234375 0 0,137653109375 0 0,261238169921875
6 0,662550636574074 0,00542534722222221 0,890617766203704 0,00542534722222221 0,890617766203704 0,330251736111111 0,662550636574074 0,330251736111111
2 0,78515625 0,048828125 1 0,048828125 1 0,357421875 0,78515625 0,357421875
4 0,900390625 0,083984375 1 0,083984375 1 0,392578125 0,900390625 0,392578125
30 0,5537109375 0,6596978203125 0,516019001953125 0,6558535546875 0,466523623046875 0,76417982421875 0,5537109375 0,77088515234375 0,5537109375 0,6596978203125
18 0,4882776953125 0,76701824609375 0,525071564453125 0,65918898828125 0,4403588359375 0,648895376953125 0,394831705078125 0,759052994140625 0,4882776953125 0,76701824609375
12 0,41729725390625 0,76316604296875 0,455557322265625 0,655797859375 0,357747638671875 0,64309030078125 0,31889703125 0,75163176953125 0,41729725390625 0,76316604296875
1 0,303764236328125 0,754358359375 0,347418935546875 0,6476738046875 0,274438798828125 0,637635171875 0,211647328125 0,74754300390625 0,303764236328125 0,754358359375
6 0,240398509765625 0,7550269609375 0,266819681640625 0,645291978515625 0,18601676953125 0,62890228125 0,144826375 0,74408919921875 0,240398509765625 0,7550269609375
2 0,16716645703125 0,751135640625 0,19903134765625 0,6410941640625 0,115583630859375 0,631466859375 0,067203978515625 0,741306798828125 0,16716645703125 0,751135640625
28 0,822265625 0,80078125 1 0,80078125 1 1 0,822265625 1
15 0,693359375 0,759765625 0,953125 0,759765625 0,953125 1 0,693359375 1
5 0,547252259765625 1 0,64061892578125 0,722508029296875 0,5244140625 0,706025451171875 0,5244140625 1 0,547252259765625 1
2 0,5234375 0,712890625 0,787109375 0,712890625 0,787109375 1 0,5234375 1