28 0,174877025462963 0,234859664351852 0,345305266203704 0,234859664351852 0,345305266203704 0,471274594907407 0,174877025462963 0,471274594907407
35 0,0859013310185185 0,255635127314815 0,262333622685185 0,255635127314815 0,262333622685185 0,496129918981482 0,0859013310185185 0,496129918981482
23 0,0009765625 0,280432581018519 0,17552806712963 0,280432581018519 0,17552806712963 0,522822627314815 0,0009765625 0,522822627314815
4 0 0,3125 0,0546875 0,3125 0,0546875 0,556640625 0 0,556640625
6 0,474609375 0,330078125 0,56640625 0,330078125 0,56640625 0,53515625 0,474609375 0,53515625
3 0,484845196759259 0,304398148148148 0,652669270833333 0,304398148148148 0,652669270833333 0,523177083333333 0,484845196759259 0,523177083333333
36 0,607204861111111 0,289489293981481 0,764829282407407 0,289489293981481 0,764829282407407 0,496260127314815 0,607204861111111 0,496260127314815
20 0,764033564814815 0,257067418981481 0,929976851851852 0,257067418981481 0,929976851851852 0,477741608796296 0,764033564814815 0,477741608796296
50 0,68359375 0,271267361111111 0,841362847222222 0,271267361111111 0,841362847222222 0,481944444444444 0,68359375 0,481944444444444
28 0,358100955078125 0,5859375 0,227425572265625 0,5859375 0,242701990234375 0,648040337890625 0,268840392578125 0,7799103359375 0,38167180859375 0,770316865234375 0,358100955078125 0,5859375
23 0,1247617109375 0,5859375 0,181549001953125 0,81684242578125 0,292660673828125 0,796204484375 0,250542470703125 0,5859375 0,1247617109375 0,5859375
13 0,14077403515625 0,5859375 0,10397243359375 0,5859375 0,0164973984375 0,603281400390625 0,082084068359375 0,842449359375 0,19964921875 0,82523641015625 0,14077403515625 0,5859375
14 1 0,64193438671875 0,986093603515625 0,590867447265625 0,806047697265625 0,63065268359375 0,913424826171875 0,99194055078125 1 0,98075898046875 1 0,64193438671875
14 0,918329302734375 1 0,81831476171875 0,635376544921875 0,815909359375 0,63143493359375 0,648848623046875 0,655098634765625 0,740043982421875 1 0,918329302734375 1
0 0,695367630859375 1 0,592096451171875 0,670444443359375 0,595086876953125 0,6683630546875 0,474609375 0,692346064453125 0,474609375 0,832745154296875 0,524719935546875 1 0,695367630859375 1