5 0,363815521484375 0 0,345948388671875 0,04305058984375 0,44032125390625 0,074656771484375 0,47483332421875 0 0,363815521484375 0
29 0,727625868055556 0,323676215277778 0,776294849537037 0,323676215277778 0,776294849537037 0,385525173611111 0,727625868055556 0,385525173611111
25 0,748249421296296 0,326678240740741 0,800882523148148 0,326678240740741 0,800882523148148 0,390625 0,748249421296296 0,390625
14 0,772808159722222 0,330584490740741 0,827452256944444 0,330584490740741 0,827452256944444 0,396556712962963 0,772808159722222 0,396556712962963
6 0,805266203703704 0,337203414351852 0,859968171296296 0,337203414351852 0,859968171296296 0,405128761574074 0,805266203703704 0,405128761574074
8 0,8328125 0,343171296296296 0,883550347222222 0,343171296296296 0,883550347222222 0,408998842592593 0,8328125 0,408998842592593
2 0,855475983796296 0,349103009259259 0,908109085648148 0,349103009259259 0,908109085648148 0,413049768518518 0,855475983796296 0,413049768518518
21 0,278320890625 0,458984375 0,3750467734375 0,546928146484375 0,429005552734375 0,483415337890625 0,398330826171875 0,458984375 0,278320890625 0,458984375
22 0,27058635546875 0,458984375 0,181802505859375 0,458984375 0,154011546875 0,490174037109375 0,318459345703125 0,61554058203125 0,3716251015625 0,546053984375 0,27058635546875 0,458984375
12 0,256390134765625 0,678060873046875 0,313854623046875 0,610345439453125 0,161476630859375 0,490292392578125 0,105553404296875 0,559212134765625 0,256390134765625 0,678060873046875
6 0 0,731075953125 0,139270873046875 0,82718720703125 0,195439783203125 0,755294869140625 0,01671941796875 0,66206086328125 0 0,6797223515625 0 0,731075953125
0 0 0,8328440390625 0,08868849609375 0,895862712890625 0,14499756640625 0,822416 0 0,737183697265625 0 0,8328440390625