35 0 0 0 0,1574282265625 0,053985875 0,166497869140625 0,078773513671875 0 0 0
23 0,05122336328125 0 0,028779568359375 0,171445095703125 0,131410640625 0,192798876953125 0,158967359375 0 0,05122336328125 0
20 0,12954364453125 0 0,101246994140625 0,197695861328125 0,20716194921875 0,22068691796875 0,191744517578125 0,12034223046875 0,249723736328125 0,019275517578125 0,16175355078125 0 0,12954364453125 0
6 0,319567509765625 0,26012509765625 0,356074572265625 0,0539894296875 0,260138908203125 0,037871697265625 0,201757498046875 0,2268255546875 0,319567509765625 0,26012509765625
6 0,402255607421875 0,288378583984375 0,4414265546875 0,07653158984375 0,340397015625 0,05633940234375 0,2877554296875 0,259515458984375 0,402255607421875 0,288378583984375
6 0,505859375 0,255272548828125 0,505859375 0,099858232421875 0,426278572265625 0,085234220703125 0,372767857421875 0,284160302734375 0,49355845703125 0,316496427734375 0,505859375 0,255272548828125
28 0,60808338671875 0,241655669921875 0,71200826171875 0,251618150390625 0,73821357421875 0,054953607421875 0,628730314453125 0,03998215234375 0,60808338671875 0,241655669921875
20 0,69324006640625 0,25382207421875 0,80737088671875 0,267534517578125 0,7811450234375 0,165523587890625 0,836625087890625 0,06353871875 0,715706640625 0,055540326171875 0,69324006640625 0,25382207421875
16 0,891287833984375 0,28451833984375 0,924112390625 0,0840835 0,814127287109375 0,065030349609375 0,78449172265625 0,269551873046875 0,891287833984375 0,28451833984375
7 1 0,095977662109375 0,9352018125 0,090528681640625 0,913325865234375 0,280870330078125 0,995629333984375 0,29170405078125 1 0,282629748046875 1 0,095977662109375
28 0 0,785836185546875 0,05546618359375 0,5673828125 0 0,5673828125 0 0,785836185546875
14 0,08614775390625 0,5673828125 0,03702565234375 0,5673828125 0,001159232421875 0,8164199765625 0,138046958984375 0,830610880859375 0,1643726171875 0,58023153515625 0,08614775390625 0,5673828125
5 0,271269025390625 0,8484511640625 0,308677912109375 0,598235416015625 0,1774387265625 0,58627762109375 0,1433200546875 0,834031474609375 0,271269025390625 0,8484511640625
3 0,3691369609375 0,857524302734375 0,418046029296875 0,618595966796875 0,291799921875 0,599160419921875 0,249181625 0,8486014140625 0,3691369609375 0,857524302734375
5 0,505859375 0,70615022265625 0,505859375 0,630078099609375 0,40107291015625 0,61653477734375 0,34157226171875 0,859926423828125 0,464033619140625 0,865401765625 0,505859375 0,70615022265625
16 0,5207730703125 0,972941021484375 0,470703125 0,9676061953125 0,470703125 0,999859236328125 0,5207730703125 0,972941021484375