20 0,46484375 0,280497248046875 0,46484375 0,021586783203125 0,449242689453125 0,023241044921875 0,44999062890625 0,144617478515625 0,35218562109375 0,2556979453125 0,46484375 0,280497248046875
19 0,3399879609375 0 0,25697832421875 0,22207548046875 0,378754826171875 0,245644892578125 0,42474573046875 0,174911068359375 0,432557658203125 0,00861398828125 0,382435203125 0 0,3399879609375 0
8 0,184880271484375 0 0,1213581328125 0,172679548828125 0,253740611328125 0,215426380859375 0,306202904296875 0 0,184880271484375 0
7 0,072687865234375 0 0,041290734375 0,165748259765625 0,155145671875 0,18506780859375 0,2064380546875 0 0,072687865234375 0
9 0 0 0 0,15705053125 0,07249320703125 0,169240029296875 0,099086822265625 0 0 0
10 0,567716033203125 0,36203879296875 0,63858128125 0,1937688515625 0,5997559609375 0,18496204296875 0,524609130859375 0,3446542734375 0,567716033203125 0,36203879296875
11 0,534834947265625 0,34739662890625 0,60897875390625 0,1823060390625 0,559831837890625 0,169136763671875 0,490561203125 0,33420835546875 0,534834947265625 0,34739662890625
20 0,573615259765625 0,17101437890625 0,51854724609375 0,156661689453125 0,504378736328125 0,247821611328125 0,4509855 0,317115015625 0,503762888671875 0,3359847890625 0,573615259765625 0,17101437890625
5 0,45938136328125 0,19323640625 0,43359375 0,24178029296875 0,43359375 0,309239921875 0,448076533203125 0,3138517734375 0,526266521484375 0,1582192265625 0,475795365234375 0,14350970703125 0,45938136328125 0,19323640625
8 0,49100214453125 0,146216677734375 0,43359375 0,13528172265625 0,43359375 0,239630166015625 0,49100214453125 0,146216677734375
4 0,590104166666667 0,552372685185185 0,699059606481481 0,552372685185185 0,699059606481481 0,695471643518519 0,590104166666667 0,695471643518519
1 0,646846064814815 0,55865162037037 0,747583912037037 0,55865162037037 0,747583912037037 0,693880208333333 0,646846064814815 0,693880208333333
3 0,539626736111111 0,550043402777778 0,64252025462963 0,550043402777778 0,64252025462963 0,689192708333333 0,539626736111111 0,689192708333333
25 0,832306134259259 0,574681712962963 0,935300925925926 0,574681712962963 0,935300925925926 0,715784143518519 0,832306134259259 0,715784143518519
22 0,775868055555556 0,568402777777778 0,88482349537037 0,568402777777778 0,88482349537037 0,711501736111111 0,775868055555556 0,711501736111111
20 0,72369068287037 0,563129340277778 0,826482928240741 0,563129340277778 0,826482928240741 0,700325520833333 0,72369068287037 0,700325520833333