16 0,67790402734375 0,2522259921875 0,650464107421875 0,11719529296875 0,573906724609375 0,134225873046875 0,607122099609375 0,26990796484375 0,67790402734375 0,2522259921875
16 0,61428833984375 0,27191325 0,580830001953125 0,1377597109375 0,506616013671875 0,159274591796875 0,544135208984375 0,290932513671875 0,61428833984375 0,27191325
25 0,441825810185185 0,159396701388889 0,552314814814815 0,159396701388889 0,552314814814815 0,3134765625 0,441825810185185 0,3134765625
2 0,4668545859375 0,3170837265625 0,419417162109375 0,19386204296875 0,34912255078125 0,213074505859375 0,391610236328125 0,33831657421875 0,4668545859375 0,3170837265625
6 0,401391482421875 0,338017509765625 0,350134478515625 0,211559982421875 0,276886861328125 0,23020794921875 0,333278396484375 0,358180431640625 0,401391482421875 0,338017509765625
2 0,2727782578125 0,37890625 0,27644919921875 0,37890625 0,342353806640625 0,361418208984375 0,284876779296875 0,231633638671875 0,21229019140625 0,254485376953125 0,2727782578125 0,37890625
1 1 0,156719646484375 0,9611601171875 0,009035240234375 0,86801164453125 0,0223774609375 0,922134583984375 0,32927377734375 1 0,309495759765625 1 0,156719646484375
0 0,924061353515625 0,3390215234375 0,8478929609375 0,034197806640625 0,72210298828125 0,069976427734375 0,816231205078125 0,361290017578125 0,924061353515625 0,3390215234375
32 0,6025390625 0,37890625 0,7041015625 0,37890625 0,7041015625 0,5390625 0,6025390625 0,5390625
22 0,5048828125 0,37890625 0,6630859375 0,37890625 0,6630859375 0,5703125 0,5048828125 0,5703125
10 0,4150390625 0,37890625 0,5673828125 0,37890625 0,5673828125 0,591796875 0,4150390625 0,591796875
7 0,297605613425926 0,387876157407407 0,447764756944444 0,387876157407407 0,447764756944444 0,625434027777778 0,297605613425926 0,625434027777778
8 0,202097800925926 0,417570891203704 0,358130787037037 0,417570891203704 0,358130787037037 0,657298900462963 0,202097800925926 0,657298900462963
4 0,112434895833333 0,445529513888889 0,262594039351852 0,445529513888889 0,262594039351852 0,683087384259259 0,112434895833333 0,683087384259259
29 0,6988903671875 0,37890625 0,713129978515625 0,470317873046875 0,770967634765625 0,46202433203125 0,76521909765625 0,37890625 0,6988903671875 0,37890625