0 0 0,41796875 0,1029147734375 0,41796875 0,03383141015625 0,26835363671875 0 0,280548205078125 0 0,41796875
3 0,08584907421875 0,41796875 0,16109520703125 0,41796875 0,192525380859375 0,405333619140625 0,11614379296875 0,226431263671875 0,017450953125 0,266760333984375 0,08584907421875 0,41796875
8 0,27081531640625 0,370316044921875 0,19400948046875 0,1990097578125 0,1047538125 0,22454978125 0,175838109375 0,403628169921875 0,27081531640625 0,370316044921875
12 0,6806640625 0,001953125 0,9755859375 0,001953125 0,9755859375 0,1015625 0,6806640625 0,1015625
40 0,685894097222222 0,0793981481481482 0,963802083333333 0,0793981481481482 0,963802083333333 0,203356481481482 0,685894097222222 0,203356481481482
31 0,683268229166667 0,182060185185185 0,947504340277778 0,182060185185185 0,947504340277778 0,305208333333333 0,683268229166667 0,305208333333333
2 0,6708984375 0,3203125 0,9482421875 0,3203125 0,9482421875 0,41796875 0,6708984375 0,41796875
46 0,208506944444444 0,56328125 0,289019097222222 0,56328125 0,289019097222222 0,669690393518519 0,208506944444444 0,669690393518519
41 0,251475694444444 0,560387731481482 0,338064236111111 0,560387731481482 0,338064236111111 0,676909722222222 0,251475694444444 0,676909722222222
47 0,300303819444445 0,557494212962963 0,387065972222222 0,557494212962963 0,387065972222222 0,681828703703704 0,300303819444445 0,681828703703704
1 0,359309895833333 0,572808159722222 0,441905381944444 0,572808159722222 0,441905381944444 0,685192418981481 0,359309895833333 0,685192418981481
3 0,4072265625 0,5703125 0,4541015625 0,5703125 0,4541015625 0,681640625 0,4072265625 0,681640625
38 1 0,421875 0,858870583984375 0,421875 0,9080277109375 0,60147794140625 1 0,57580694140625 1 0,421875
6 0,68365151953125 0,421875 0,75352878125 0,64103780859375 0,880249001953125 0,615168865234375 0,82278466015625 0,421875 0,68365151953125 0,421875
1 0,577477900390625 0,421875 0,64607706640625 0,67652272265625 0,756396400390625 0,657944671875 0,692801951171875 0,421875 0,577477900390625 0,421875
7 0,5358313671875 0,7180460625 0,632688775390625 0,69783616015625 0,571355150390625 0,432225583984375 0,424972380859375 0,450482494140625 0,5358313671875 0,7180460625