22 0 0,501953125 0,109191115234375 0,501953125 0,08488583984375 0,28916556640625 0 0,299388056640625 0 0,501953125
23 0,219563181640625 0,501953125 0,19420144140625 0,265695544921875 0,0608125 0,287149744140625 0,084269736328125 0,501953125 0,219563181640625 0,501953125
10 0,18756209375 0,501953125 0,32199116015625 0,501953125 0,3313769453125 0,500165509765625 0,253489306640625 0,24791909765625 0,1764253125 0,2612659375 0,18756209375 0,501953125
5 0,47902628515625 0,473437015625 0,4447953671875 0,22241724609375 0,3121524296875 0,239225751953125 0,349445974609375 0,499346759765625 0,47902628515625 0,473437015625
7 0,572621388671875 0,4615256875 0,549506076171875 0,2027578125 0,423879513671875 0,2189248046875 0,453442423828125 0,474988484375 0,572621388671875 0,4615256875
3 0,59375 0,1922443984375 0,5298925703125 0,198918255859375 0,560255541015625 0,4625647578125 0,59375 0,4592950390625 0,59375 0,1922443984375
18 0,75732998046875 0,4918195859375 0,854552365234375 0,482173603515625 0,834125513671875 0,28594497265625 0,722723482421875 0,290678767578125 0,75732998046875 0,4918195859375
29 0,83726792578125 0,477778578125 0,94006884375 0,4743668671875 0,937632208984375 0,280972666015625 0,8141560234375 0,287921515625 0,83726792578125 0,477778578125
27 1 0,278713556640625 0,911441517578125 0,280621787109375 0,921324166015625 0,475315330078125 1 0,47315336328125 1 0,278713556640625
12 0,233854166666667 0,705729166666667 0,318836805555556 0,705729166666667 0,318836805555556 0,846209490740741 0,233854166666667 0,846209490740741
24 0,285568576388889 0,699652777777778 0,374500868055555 0,699652777777778 0,374500868055555 0,842375578703704 0,285568576388889 0,842375578703704
32 0,340190972222222 0,692961516203704 0,425217013888889 0,692961516203704 0,425217013888889 0,835394965277778 0,340190972222222 0,835394965277778
2 0,413411458333333 0,68627025462963 0,502300347222222 0,68627025462963 0,502300347222222 0,827039930555556 0,413411458333333 0,827039930555556
0 0,468012152777778 0,678313078703704 0,55703125 0,678313078703704 0,55703125 0,82494212962963 0,468012152777778 0,82494212962963
4 0,5234375 0,673828125 0,59375 0,673828125 0,59375 0,8125 0,5234375 0,8125
17 0,881879340277778 0,877025462962963 0,945724826388889 0,877025462962963 0,945724826388889 0,943793402777778 0,881879340277778 0,943793402777778
13 0,914084201388889 0,873661747685185 0,977886284722222 0,873661747685185 0,977886284722222 0,9384765625 0,914084201388889 0,9384765625
29 0,943359375 0,8671875 1 0,8671875 1 0,93359375 0,943359375 0,93359375