10 0,299213814453125 0 0,3051053203125 0,140922998046875 0,470134857421875 0,11813516796875 0,4164247265625 0 0,299213814453125 0
12 0,126953125 0 0,349609375 0 0,349609375 0,162109375 0,126953125 0,162109375
2 0 0 0,169921875 0 0,169921875 0,212890625 0 0,212890625
31 0,9488068828125 0,044564880859375 0,826655966796875 0,0672910625 0,907322759765625 0,2859086015625 0,993657916015625 0,27422596875 0,9488068828125 0,044564880859375
22 0,912593720703125 0,2815484921875 0,831738021484375 0,06769641015625 0,717958228515625 0,080595740234375 0,776822671875 0,298634130859375 0,912593720703125 0,2815484921875
29 0,72699673828125 0,079012919921875 0,612620546875 0,10193328125 0,71143322265625 0,309718435546875 0,788697486328125 0,298142482421875 0,72699673828125 0,079012919921875
2 0,67480296484375 0,31403026953125 0,59522475 0,111588189453125 0,482805490234375 0,1241866640625 0,560290681640625 0,337248099609375 0,67480296484375 0,31403026953125
8 0,4765625 0,342106232421875 0,575650958984375 0,336949103515625 0,48206625 0,121708376953125 0,4765625 0,122694646484375 0,4765625 0,342106232421875
5 0,0176866319444444 0,540270543981482 0,28423755787037 0,540270543981482 0,28423755787037 0,932501446759259 0,0176866319444444 0,932501446759259
1 0 0,57421875 0,142578125 0,57421875 0,142578125 0,98046875 0 0,98046875
20 0,359375 0,5 0,5 0,5 0,5 0,8359375 0,359375 0,8359375
12 0,203125 0,5 0,46484375 0,5 0,46484375 0,865234375 0,203125 0,865234375
7 0,81244212962963 0,799037905092593 0,948596643518518 0,799037905092593 0,948596643518518 0,988187210648148 0,81244212962963 0,988187210648148
5 0,87109375 0,771484375 1 0,771484375 1 0,962890625 0,87109375 0,962890625
1 0,744140625 0,8125 0,876953125 0,8125 0,876953125 1 0,744140625 1