14 0 0,3255459921875 0,04202182421875 0,325985826171875 0,0583389140625 0,17066895703125 0 0,17032398828125 0 0,3255459921875
27 0,115917541015625 0,327370974609375 0,122385384765625 0,175750021484375 0,042101779296875 0,170240359375 0,0277414375 0,32437587890625 0,115917541015625 0,327370974609375
29 0,16016930078125 0,3280033125 0,19487280859375 0,17484109375 0,107015330078125 0,17116689453125 0,096182470703125 0,3249271328125 0,16016930078125 0,3280033125
0 0,274989169921875 0,33792680859375 0,284760392578125 0,1803122890625 0,202617859375 0,180841951171875 0,1872798046875 0,33116904296875 0,274989169921875 0,33792680859375
1 0,249848090277778 0,179506655092593 0,3513671875 0,179506655092593 0,3513671875 0,348603877314815 0,249848090277778 0,348603877314815
4 0,317317708333333 0,180504918981481 0,420703125 0,180504918981481 0,420703125 0,345724826388889 0,317317708333333 0,345724826388889
28 0,0401414609375 0,4111328125 0,04276778125 0,4804161640625 0,15306833203125 0,512846298828125 0,1502957421875 0,4111328125 0,0401414609375 0,4111328125
27 0,128681533203125 0,4111328125 0,137024568359375 0,544688615234375 0,255795775390625 0,570615060546875 0,242006484375 0,4111328125 0,128681533203125 0,4111328125
12 0,22624232421875 0,4111328125 0,232030904296875 0,5755288203125 0,35618148046875 0,628905353515625 0,3411330703125 0,4111328125 0,22624232421875 0,4111328125
3 0,447575541015625 0,4111328125 0,363197357421875 0,4111328125 0,376728068359375 0,651574341796875 0,498642755859375 0,704461306640625 0,49621055859375 0,427120865234375 0,447575541015625 0,4111328125
24 0,810253333984375 0,840409248046875 0,793486990234375 0,58863144140625 0,660927734375 0,59709008203125 0,683523904296875 0,848001513671875 0,810253333984375 0,840409248046875
20 0,925814619140625 0,83204383203125 0,87698928515625 0,712927693359375 0,912492943359375 0,597635142578125 0,861483123046875 0,58230773828125 0,775638162109375 0,583825791015625 0,78979981640625 0,842932390625 0,925814619140625 0,83204383203125
19 1 0,58738739453125 0,924063203125 0,587854068359375 0,8824191328125 0,746782828125 0,905953607421875 0,82106974609375 1 0,81860641796875 1 0,58738739453125