3 0 0,017578125 0,1015625 0,017578125 0,1015625 0,20703125 0 0,20703125
33 0,598721748046875 0,153464931640625 0,654791947265625 0,001953125 0,567847607421875 0,001953125 0,520172474609375 0,13742672265625 0,598721748046875 0,153464931640625
35 0,670744619140625 0,162116033203125 0,738183935546875 0,0031449453125 0,732442423828125 0,001953125 0,651297283203125 0,001953125 0,593951712890625 0,149768078125 0,670744619140625 0,162116033203125
21 0,7490319609375 0,1744714765625 0,783246216796875 0,010182970703125 0,738090017578125 0,0046471640625 0,666834869140625 0,1653796875 0,7490319609375 0,1744714765625
2 0,83257269140625 0,191075005859375 0,899152990234375 0,042679806640625 0,829935373046875 0,02540965625 0,758034982421875 0,175900109375 0,83257269140625 0,191075005859375
6 0,885053171875 0,201254333984375 0,955983826171875 0,058087455078125 0,892615380859375 0,043087021484375 0,82346360546875 0,188063638671875 0,885053171875 0,201254333984375
9 1 0,07042816796875 0,95493958984375 0,060396525390625 0,87602926953125 0,203514677734375 0,931440623046875 0,211727759765625 1 0,092635853515625 1 0,07042816796875
12 0 0,638671875 0,072265625 0,638671875 0,072265625 0,75390625 0 0,75390625
6 0,0408998842592593 0,660221354166667 0,135503472222222 0,660221354166667 0,135503472222222 0,774544270833333 0,0408998842592593 0,774544270833333
9 0,0879412615740741 0,673177083333333 0,178870081018519 0,673177083333333 0,178870081018519 0,791145833333333 0,0879412615740741 0,791145833333333
5 0,13509837962963 0,6861328125 0,224189814814815 0,6861328125 0,224189814814815 0,805924479166667 0,13509837962963 0,805924479166667