18 0,3291015625 0,208984375 0,4541015625 0,208984375 0,4541015625 0,431640625 0,3291015625 0,431640625
2 0,201916956018519 0,1953125 0,353436053240741 0,1953125 0,353436053240741 0,419921875 0,201916956018519 0,419921875
8 0,116550925925926 0,1884765625 0,262094907407407 0,1884765625 0,262094907407407 0,4111328125 0,116550925925926 0,4111328125
2 0,0260127314814815 0,1767578125 0,177647569444444 0,1767578125 0,177647569444444 0,4033203125 0,0260127314814815 0,4033203125
46 1 0,18716542578125 0,9023241328125 0,20166825 0,95807625390625 0,427562369140625 1 0,425339943359375 1 0,18716542578125
39 0,9320638671875 0,183676623046875 0,799800005859375 0,204950892578125 0,859748072265625 0,42647613671875 0,965513541015625 0,418602654296875 0,9320638671875 0,183676623046875
4 0,778415720703125 0,214697 0,6619517890625 0,226924421875 0,727886806640625 0,45971808984375 0,82245819921875 0,43985615625 0,778415720703125 0,214697
8 0,677406494140625 0,226217181640625 0,569349322265625 0,23906823828125 0,619983390625 0,491281580078125 0,7446561171875 0,46674929296875 0,677406494140625 0,226217181640625
3 0,58248040234375 0,22739833984375 0,455918353515625 0,24892412109375 0,540636525390625 0,499219091796875 0,6387074453125 0,482736205078125 0,58248040234375 0,22739833984375
28 0,919921875 0,716796875 1 0,716796875 1 0,82421875 0,919921875 0,82421875
18 0,883767361111111 0,712890625 0,96412037037037 0,712890625 0,96412037037037 0,82421875 0,883767361111111 0,82421875
29 0,843265335648148 0,705078125 0,929477719907407 0,705078125 0,929477719907407 0,81640625 0,843265335648148 0,81640625
5 0,790299479166667 0,701171875 0,874327256944444 0,701171875 0,874327256944444 0,80859375 0,790299479166667 0,80859375
9 0,746983506944444 0,6953125 0,835149016203704 0,6953125 0,835149016203704 0,806640625 0,746983506944444 0,806640625
5 0,708723958333333 0,6923828125 0,794704861111111 0,6923828125 0,794704861111111 0,7998046875 0,708723958333333 0,7998046875