33 0,267578125 0 0,416015625 0 0,416015625 0,193359375 0,267578125 0,193359375
35 0,146484375 0 0,3046875 0 0,3046875 0,20703125 0,146484375 0,20703125
21 0,03515625 0 0,193359375 0 0,193359375 0,212890625 0,03515625 0,212890625
46 0,8564453125 0,166818576388889 0,965559895833333 0,166818576388889 0,965559895833333 0,346882233796296 0,8564453125 0,346882233796296
49 0,7943359375 0,171556712962963 0,902018229166667 0,171556712962963 0,902018229166667 0,35931712962963 0,7943359375 0,35931712962963
43 0,7271484375 0,181235532407407 0,837174479166667 0,181235532407407 0,837174479166667 0,374971064814815 0,7271484375 0,374971064814815
9 0,6376953125 0,198394097222222 0,744596354166667 0,198394097222222 0,744596354166667 0,374435763888889 0,6376953125 0,374435763888889
3 0,567447916666667 0,204340277777778 0,677083333333333 0,204340277777778 0,677083333333333 0,392216435185185 0,567447916666667 0,392216435185185
0 0,502018229166667 0,212355324074074 0,607486979166667 0,212355324074074 0,607486979166667 0,39609375 0,502018229166667 0,39609375
16 0,947265625 0,626953125 1 0,626953125 1 0,873046875 0,947265625 0,873046875
24 0,7318359375 0,639952256944444 0,927018229166667 0,639952256944444 0,927018229166667 0,885423900462963 0,7318359375 0,885423900462963
29 0,597981770833333 0,640133101851852 0,776236979166667 0,640133101851852 0,776236979166667 0,894328703703704 0,597981770833333 0,894328703703704
10 0,465234375 0,64966724537037 0,648177083333333 0,64966724537037 0,648177083333333 0,915813078703704 0,465234375 0,915813078703704