18 0 0,09375 0,11328125 0,09375 0,11328125 0,408203125 0 0,408203125
11 0 0,1020700234375 0,096294212890625 0,369428935546875 0,241668615234375 0,341011888671875 0,134761490234375 0,0693912421875 0 0,09973393359375 0 0,1020700234375
27 0,372033783203125 0,319172177734375 0,298381341796875 0,20844505859375 0,311003876953125 0,0798636953125 0,234477732421875 0,030210107421875 0,121148728515625 0,06440185546875 0,222772794921875 0,348809857421875 0,372033783203125 0,319172177734375
0 0,384974724609375 0 0,303159208984375 0,0098236953125 0,395290767578125 0,301948130859375 0,5454874609375 0,276972423828125 0,461820072265625 0 0,384974724609375 0
1 0,444983234375 0 0,54837869921875 0,272336630859375 0,5517578125 0,2718870546875 0,5517578125 0 0,444983234375 0
0 0,736400462962963 0,0480758101851851 0,940031828703704 0,0480758101851851 0,940031828703704 0,294155092592593 0,736400462962963 0,294155092592593
44 0,837890625 0,029296875 1 0,029296875 1 0,26953125 0,837890625 0,26953125
44 0,927734375 0 1 0 1 0,25 0,927734375 0,25
46 0,517650462962963 0,112760416666667 0,711516203703704 0,112760416666667 0,711516203703704 0,358333333333333 0,517650462962963 0,358333333333333
47 0,5068359375 0,1337890625 0,6162109375 0,1337890625 0,6162109375 0,3896484375 0,5068359375 0,3896484375
12 0,611762152777778 0,0910445601851853 0,80931712962963 0,0910445601851853 0,80931712962963 0,330960648148148 0,611762152777778 0,330960648148148