20 0,4365234375 0,09375 0,5361328125 0,09375 0,5361328125 0,357421875 0,4365234375 0,357421875
2 0,5046875 0,111906828703704 0,673683449074074 0,111906828703704 0,673683449074074 0,357667824074074 0,5046875 0,357667824074074
1 0,618250868055556 0,121412037037037 0,769900173611111 0,121412037037037 0,769900173611111 0,370818865740741 0,618250868055556 0,370818865740741
9 0,717686631944444 0,129723668981481 0,894495081018518 0,129723668981481 0,894495081018518 0,375600405092593 0,717686631944444 0,375600405092593
28 0 0,55598806640625 0,0187717109375 0,55508834375 0,05800930078125 0,4522273203125 0 0,453202603515625 0 0,55598806640625
22 0 0,5546870703125 0,076151796875 0,542992623046875 0,10661584765625 0,44140625 0,09743213671875 0,44140625 0,02330396875 0,452947701171875 0 0,5359226640625 0 0,5546870703125
30 0,077145998046875 0,44140625 0,0425763515625 0,5394925078125 0,125761310546875 0,527019771484375 0,1517059140625 0,44140625 0,077145998046875 0,44140625
6 0,13508946875 0,44140625 0,10498627734375 0,518993873046875 0,174618529296875 0,5129425625 0,20979651953125 0,44140625 0,13508946875 0,44140625
6 0,232562548828125 0,476185560546875 0,2360661640625 0,45008580859375 0,242724892578125 0,44140625 0,18402661328125 0,44140625 0,17295946875 0,457043591796875 0,145703966796875 0,50969076171875 0,197192947265625 0,5097455234375 0,232562548828125 0,476185560546875
2 0,2640788515625 0,4684854453125 0,27982871875 0,44140625 0,21277717578125 0,44140625 0,2091140703125 0,46828128125 0,18078456640625 0,50241259375 0,251168498046875 0,4974873984375 0,2640788515625 0,4684854453125
21 0,629939548828125 0,84409404296875 0,62694006640625 0,788190994140625 0,55330828515625 0,787015572265625 0,5488976015625 0,843637005859375 0,629939548828125 0,84409404296875
30 0,658438373046875 0,84323967578125 0,66828552734375 0,787295787109375 0,589253767578125 0,787336650390625 0,585553830078125 0,84364328125 0,658438373046875 0,84323967578125
13 0,693469349609375 0,84222840625 0,703414630859375 0,78787130859375 0,63148200390625 0,786577724609375 0,62057687890625 0,843083787109375 0,693469349609375 0,84222840625
6 0,7415095234375 0,844017970703125 0,753483810546875 0,789496072265625 0,6821429453125 0,78751365625 0,6698443984375 0,843291888671875 0,7415095234375 0,844017970703125
4 0,777915283203125 0,84564916015625 0,787086466796875 0,790803384765625 0,716830525390625 0,78903821484375 0,70545568359375 0,8440492265625 0,777915283203125 0,84564916015625
8 0,812260248046875 0,84684612890625 0,824544318359375 0,79238654296875 0,750110275390625 0,7910876796875 0,739648142578125 0,8444640390625 0,812260248046875 0,84684612890625