8 0,512863099609375 0,014488357421875 0,508914748046875 0,001953125 0,469938765625 0,001953125 0,473796404296875 0,0190711015625 0,512863099609375 0,014488357421875
9 0,489148013671875 0,02038443359375 0,484620814453125 0,001953125 0,446503103515625 0,001953125 0,454440236328125 0,022562154296875 0,489148013671875 0,02038443359375
6 0,46548621875 0,024648501953125 0,45881818359375 0,001953125 0,419052302734375 0,001953125 0,42663182421875 0,027723037109375 0,46548621875 0,024648501953125
10 0,4287109375 0,452502900390625 0,30746346484375 0,46070783984375 0,318365125 0,759951087890625 0,4287109375 0,752764537109375 0,4287109375 0,452502900390625
16 0,32865153125 0,757363755859375 0,305755138671875 0,4826033203125 0,16990946875 0,50931564453125 0,201291529296875 0,772195521484375 0,32865153125 0,757363755859375
5 0 0,5556894453125 0,066145060546875 0,802921681640625 0,1746954609375 0,77553671484375 0,141588138671875 0,507808244140625 0 0,51065180859375 0 0,5556894453125
9 0 0,80969825390625 0,067332771484375 0,794521388671875 0 0,5736196015625 0 0,80969825390625
29 0,90234375 0,517578125 1 0,517578125 1 0,783203125 0,90234375 0,783203125
6 0,744813368055556 0,577712673611111 0,898676215277778 0,577712673611111 0,898676215277778 0,814084201388889 0,744813368055556 0,814084201388889
7 0,644914641203704 0,599891493055555 0,794900173611111 0,599891493055555 0,794900173611111 0,838042534722222 0,644914641203704 0,838042534722222
1 0,563512731481482 0,623980034722222 0,692071759259259 0,623980034722222 0,692071759259259 0,865082465277778 0,563512731481482 0,865082465277778
2 0,442013888888889 0,651236979166667 0,605787037037037 0,651236979166667 0,605787037037037 0,897808159722222 0,442013888888889 0,897808159722222