2 0,521484375 0,4456083828125 0,521484375 0,42708628125 0,4832413515625 0,311160771484375 0,4220444921875 0,330289466796875 0,458054654296875 0,465233017578125 0,521484375 0,4456083828125
6 0,46268176953125 0,464601017578125 0,42174821875 0,333363234375 0,362735712890625 0,34553732421875 0,4019833984375 0,481286447265625 0,46268176953125 0,464601017578125
6 0,406406900390625 0,48240780078125 0,36201282421875 0,347549595703125 0,3059940078125 0,365787373046875 0,34802996875 0,496709376953125 0,406406900390625 0,48240780078125
19 0,93119212962963 0,129405381944444 0,961299189814815 0,129405381944444 0,961299189814815 0,157877604166667 0,93119212962963 0,157877604166667
9 0,859389467592593 0,1482421875 0,889496527777778 0,1482421875 0,889496527777778 0,176714409722222 0,859389467592593 0,176714409722222
7 0,838049768518519 0,153993055555556 0,870109953703704 0,153993055555556 0,870109953703704 0,182552083333333 0,838049768518519 0,182552083333333
3 0,816710069444444 0,159917534722222 0,84681712962963 0,159917534722222 0,84681712962963 0,188389756944444 0,816710069444444 0,188389756944444
24 0,909852430555556 0,13515625 0,941912615740741 0,13515625 0,941912615740741 0,163715277777778 0,909852430555556 0,163715277777778
21 0,887507233796296 0,140060763888889 0,919567418981482 0,140060763888889 0,919567418981482 0,168619791666667 0,887507233796296 0,168619791666667
21 0,100471095703125 0,86714562109375 0,0897255234375 0,922210478515625 0,286810572265625 0,933996818359375 0,291223646484375 0,8859644140625 0,100471095703125 0,86714562109375
43 0,29150852734375 0,87987475 0,3036976796875 0,81400038671875 0,1085366328125 0,811293935546875 0,0983858515625 0,8684135234375 0,29150852734375 0,87987475
21 0,11761191015625 0,75369290234375 0,108042439453125 0,812867220703125 0,302586595703125 0,818035322265625 0,3033207890625 0,76513402734375 0,11761191015625 0,75369290234375
4 0,3102399921875 0,68668069921875 0,132109509765625 0,684088986328125 0,129353419921875 0,740543767578125 0,304103958984375 0,73669330859375 0,3102399921875 0,68668069921875
0 0,317681265625 0,644405556640625 0,132435640625 0,6350191640625 0,128805853515625 0,68579120703125 0,313767056640625 0,69154958984375 0,317681265625 0,644405556640625
3 0,324580564453125 0,58984375 0,295959921875 0,58984375 0,1416062109375 0,590763818359375 0,13538898046875 0,637833328125 0,322252267578125 0,642296412109375 0,324580564453125 0,58984375
9 0,718918009765625 0,58984375 0,7947860859375 0,741009673828125 0,85766416015625 0,667173830078125 0,834029568359375 0,58984375 0,718918009765625 0,58984375
9 0,558475015625 0,58984375 0,682642779296875 0,83925167578125 0,781913091796875 0,7599444609375 0,715301275390625 0,58984375 0,558475015625 0,58984375
4 0,5398084765625 0,58984375 0,517578125 0,58984375 0,517578125 0,900418916015625 0,5429804921875 0,973046455078125 0,675264603515625 0,877788033203125 0,5398084765625 0,58984375