20 0 0,48828125 0,050948421875 0,48828125 0,03242129296875 0,3757492265625 0 0,37623735546875 0 0,48828125
20 0,126342123046875 0,48828125 0,116807306640625 0,367549607421875 0,012298693359375 0,37552004296875 0,01758185546875 0,48828125 0,126342123046875 0,48828125
3 0,22098433203125 0,48828125 0,20969169140625 0,361685310546875 0,105828515625 0,37107547265625 0,117700474609375 0,48828125 0,22098433203125 0,48828125
6 0,275523783203125 0,48828125 0,2862332890625 0,366446560546875 0,183410798828125 0,361456126953125 0,18314776171875 0,48828125 0,275523783203125 0,48828125
2 0,33732084765625 0,48828125 0,34156443359375 0,364659181640625 0,25060929296875 0,36933340625 0,243512205078125 0,48828125 0,33732084765625 0,48828125
28 0,4404296875 0 0,4404296875 0,12359288671875 0,52038228515625 0,117984271484375 0,4985250078125 0 0,4404296875 0
10 0,475200259765625 0 0,48329221484375 0,12233516015625 0,5938303203125 0,111341912109375 0,528918478515625 0 0,475200259765625 0
0 0,556522 0 0,57745232421875 0,1066228515625 0,66957234375 0,09750764453125 0,649422880859375 0 0,556522 0
1 0,621078212890625 0 0,6408620703125 0,101202923828125 0,72974729296875 0,096190087890625 0,69459232421875 0 0,621078212890625 0
3 0,676905265625 0 0,702952974609375 0,093711837890625 0,787082017578125 0,089135068359375 0,775754345703125 0 0,676905265625 0
14 0 0,78125 0,095703125 0,78125 0,095703125 1 0 1
21 0,0361328125 0,783203125 0,2080078125 0,783203125 0,2080078125 1 0,0361328125 1
18 0,1630859375 0,771484375 0,3173828125 0,771484375 0,3173828125 1 0,1630859375 1
9 0,3134765625 0,75390625 0,4775390625 0,75390625 0,4775390625 1 0,3134765625 1
26 0,4404296875 0,544921875 0,5341796875 0,544921875 0,5341796875 0,84765625 0,4404296875 0,84765625
15 0,481662326388889 0,538100405092593 0,667802372685185 0,538100405092593 0,667802372685185 0,8466796875 0,481662326388889 0,8466796875
31 0,614185474537037 0,531423611111111 0,788722511574074 0,531423611111111 0,788722511574074 0,841782407407407 0,614185474537037 0,841782407407407
9 0,774688946759259 0,534794560185185 0,957038483796296 0,534794560185185 0,957038483796296 0,845269097222222 0,774688946759259 0,845269097222222
4 0,90625 0,52734375 1 0,52734375 1 0,83984375 0,90625 0,83984375