29 0 0,458984375 0,080779490234375 0,458984375 0,1137562578125 0,371907330078125 0 0,348738251953125 0 0,458984375
2 0,230282220703125 0,458984375 0,245736962890625 0,397988810546875 0,124352888671875 0,382489986328125 0,102542451171875 0,458984375 0,230282220703125 0,458984375
8 0,318583505859375 0,458984375 0,32919870703125 0,4166615234375 0,22582767578125 0,395564109375 0,208073974609375 0,458984375 0,318583505859375 0,458984375
15 0 0,458984375 0,048828125 0,458984375 0,048828125 0,71875 0 0,71875
21 0 0,470703125 0,15234375 0,470703125 0,15234375 0,740234375 0 0,740234375
6 0,115610532407407 0,506315104166667 0,294690393518519 0,506315104166667 0,294690393518519 0,767643229166667 0,115610532407407 0,767643229166667
2 0,21392505787037 0,525520833333333 0,394017650462963 0,525520833333333 0,394017650462963 0,806380208333333 0,21392505787037 0,806380208333333
4 0,3115234375 0,55078125 0,4619140625 0,55078125 0,4619140625 0,818359375 0,3115234375 0,818359375
44 0,8916015625 0,458984375 0,9716796875 0,458984375 0,9716796875 0,517578125 0,8916015625 0,517578125
44 0,927734375 0,458984375 1 0,458984375 1 0,525390625 0,927734375 0,525390625
44 0,8466796875 0,458984375 0,9326171875 0,458984375 0,9326171875 0,5078125 0,8466796875 0,5078125
20 0,7958984375 0,458984375 0,8759765625 0,458984375 0,8759765625 0,49609375 0,7958984375 0,49609375
49 0,7080078125 0,458984375 0,7958984375 0,458984375 0,7958984375 0,48046875 0,7080078125 0,48046875
17 0,7490234375 0,458984375 0,8388671875 0,458984375 0,8388671875 0,490234375 0,7490234375 0,490234375