29 0,310159466796875 0 0,28911651171875 0,2263957578125 0,390625 0,2297703046875 0,390625 0 0,310159466796875 0
20 0,197980849609375 0 0,184454150390625 0,243349361328125 0,342260712890625 0,230998376953125 0,33885508203125 0 0,197980849609375 0
20 0,190745013671875 0 0,086308423828125 0,003131716796875 0,08998115625 0,240977263671875 0,2306370703125 0,238569283203125 0,238688947265625 0 0,190745013671875 0
7 0 0 0 0,247398783203125 0,087377802734375 0,2458263671875 0,088897126953125 0 0 0
29 0,796694155092593 0,0432725694444445 0,861552372685185 0,0432725694444445 0,861552372685185 0,106727430555555 0,796694155092593 0,106727430555555
29 0,774225983796296 0,0432074652777779 0,841022858796296 0,0432074652777779 0,841022858796296 0,104796006944444 0,774225983796296 0,104796006944444
16 0,751750578703704 0,0422526041666667 0,818547453703704 0,0422526041666667 0,818547453703704 0,103841145833333 0,751750578703704 0,103841145833333
4 0,723430266203704 0,0435980902777777 0,788274016203704 0,0435980902777777 0,788274016203704 0,105099826388889 0,723430266203704 0,105099826388889
9 0,700962094907407 0,0435329861111111 0,767758969907407 0,0435329861111111 0,767758969907407 0,105121527777778 0,700962094907407 0,105121527777778
0 0,677510127314815 0,0426215277777777 0,744307002314815 0,0426215277777777 0,744307002314815 0,104210069444444 0,677510127314815 0,104210069444444
17 0,100571469907407 0,691449652777778 0,17915943287037 0,691449652777778 0,17915943287037 0,763324652777778 0,100571469907407 0,763324652777778
13 0,0693214699074074 0,692925347222222 0,145941840277778 0,692925347222222 0,145941840277778 0,762760416666667 0,0693214699074074 0,762760416666667
29 0,0380570023148148 0,692361111111111 0,114691840277778 0,692361111111111 0,114691840277778 0,764149305555556 0,0380570023148148 0,764149305555556
8 0 0,697265625 0,068359375 0,697265625 0,068359375 0,763671875 0 0,763671875
8 0 0,701171875 0,03515625 0,701171875 0,03515625 0,767578125 0 0,767578125
35 0,94433511328125 0,53362376171875 0,953238185546875 0,348674908203125 0,827354654296875 0,345214814453125 0,8368326328125 0,535355478515625 0,94433511328125 0,53362376171875
10 0,755953414351852 0,344292534722222 0,872576678240741 0,344292534722222 0,872576678240741 0,542816840277778 0,755953414351852 0,542816840277778
24 0,681727430555556 0,346267361111111 0,806119791666667 0,346267361111111 0,806119791666667 0,539279513888889 0,681727430555556 0,539279513888889
0 0,57622974537037 0,346961805555556 0,702589699074074 0,346961805555556 0,702589699074074 0,542013888888889 0,57622974537037 0,542013888888889
8 0,50298755787037 0,350390625 0,625426793981481 0,350390625 0,625426793981481 0,543315972222222 0,50298755787037 0,543315972222222
8 0,424855324074074 0,352712673611111 0,551215277777778 0,352712673611111 0,551215277777778 0,547764756944444 0,424855324074074 0,547764756944444