29 0,353515625 0,189453125 0,40625 0,189453125 0,40625 0,33984375 0,353515625 0,33984375
33 0,25390625 0,1875 0,380859375 0,1875 0,380859375 0,33984375 0,25390625 0,33984375
10 0,150390625 0,19140625 0,27734375 0,19140625 0,27734375 0,33984375 0,150390625 0,33984375
2 0,01171875 0,197265625 0,140625 0,197265625 0,140625 0,33984375 0,01171875 0,33984375
30 0,9507629140625 0,33984375 0,9547927421875 0,27116875 0,894503615234375 0,2686484375 0,892743609375 0,33984375 0,9507629140625 0,33984375
23 0,9069013828125 0,33984375 0,90857215234375 0,267928125 0,849815220703125 0,261809375 0,84852659765625 0,33984375 0,9069013828125 0,33984375
20 0,82655479296875 0,3143640625 0,8142521015625 0,33984375 0,863316515625 0,33984375 0,865088923828125 0,26145 0,864075439453125 0,2607296875 0,8044525703125 0,2610890625 0,82655479296875 0,3143640625
0 0,74306718359375 0,33984375 0,801283828125 0,33984375 0,8070861796875 0,26036875 0,807065052734375 0,260009375 0,74668569921875 0,2535296875 0,74306718359375 0,33984375
2 0,755698005859375 0,33984375 0,758563888671875 0,253890625 0,700381521484375 0,25065 0,694192451171875 0,33984375 0,755698005859375 0,33984375
8 0,707462296875 0,33984375 0,711967951171875 0,250290625 0,6568969296875 0,24705 0,65449019921875 0,33984375 0,707462296875 0,33984375
41 0,171666919921875 0,53647438671875 0,080073158203125 0,565635966796875 0,184346283203125 0,7684991328125 0,260299076171875 0,73173018359375 0,171666919921875 0,53647438671875
47 0,096103171875 0,57197544140625 0,003097857421875 0,602404916015625 0,109442578125 0,78878544921875 0,18160507421875 0,758355974609375 0,096103171875 0,57197544140625
27 0 0,7931843671875 0,018897458984375 0,8255543984375 0,116914263671875 0,78624966015625 0,00498248828125 0,608744388671875 0 0,61026370703125 0 0,7931843671875
5 0,712152777777778 0,5810546875 0,817274305555556 0,5810546875 0,817274305555556 0,7490234375 0,712152777777778 0,7490234375
4 0,782638888888889 0,5849609375 0,871701388888889 0,5849609375 0,871701388888889 0,7431640625 0,782638888888889 0,7431640625
3 0,842296006944444 0,5869140625 0,942816840277778 0,5869140625 0,942816840277778 0,7392578125 0,842296006944444 0,7392578125
12 0,931640625 0,5859375 1 0,5859375 1 0,7421875 0,931640625 0,7421875