32 0,21175502734375 0,45586086328125 0,304433548828125 0,477995517578125 0,353760412109375 0,243484728515625 0,246135505859375 0,21678956640625 0,21175502734375 0,45586086328125
23 0,4150390625 0,257300912109375 0,35355927734375 0,244757736328125 0,307456490234375 0,470785751953125 0,4150390625 0,490309818359375 0,4150390625 0,257300912109375
13 0,4013671875 0,50628841015625 0,5031499296875 0,495499072265625 0,48183263671875 0,19755358203125 0,4013671875 0,2057687265625 0,4013671875 0,50628841015625
11 0,635262453125 0,47976823828125 0,604926732421875 0,1943407578125 0,4637448671875 0,20466855859375 0,494755615234375 0,497891537109375 0,635262453125 0,47976823828125
5 0,805242373046875 0,484530994140625 0,809453740234375 0,187428810546875 0,65405854296875 0,197385673828125 0,66352658984375 0,4869598125 0,805242373046875 0,484530994140625
5 0,91882569140625 0,484538455078125 0,9400014921875 0,184896634765625 0,791624767578125 0,19173969140625 0,783259837890625 0,490452015625 0,91882569140625 0,484538455078125
2 1 0,189523515625 0,93074841015625 0,1978888203125 0,905700576171875 0,4846418125 1 0,481639447265625 1 0,189523515625
18 0,2392578125 0,974609375 0,2861328125 0,974609375 0,2861328125 1 0,2392578125 1
23 0,2705078125 0,97265625 0,3212890625 0,97265625 0,3212890625 1 0,2705078125 1
35 0,3017578125 0,966796875 0,3544921875 0,966796875 0,3544921875 1 0,3017578125 1
6 0,3486328125 0,96484375 0,3974609375 0,96484375 0,3974609375 1 0,3486328125 1
9 0,3798828125 0,962890625 0,4150390625 0,962890625 0,4150390625 1 0,3798828125 1
31 0,648480902777778 0,735460069444444 0,748090277777778 0,735460069444444 0,748090277777778 0,914713541666667 0,648480902777778 0,914713541666667
38 0,717556423611111 0,726085069444445 0,827018229166667 0,726085069444445 0,827018229166667 0,907725694444445 0,717556423611111 0,907725694444445
37 0,793511284722222 0,717990451388889 0,899066840277778 0,717990451388889 0,899066840277778 0,899457465277778 0,793511284722222 0,899457465277778
7 0,889800347222222 0,704991319444444 0,993229166666667 0,704991319444444 0,993229166666667 0,882465277777778 0,889800347222222 0,882465277777778
4 0,96484375 0,693359375 1 0,693359375 1 0,87109375 0,96484375 0,87109375