27 0,478515625 0 0,595703125 0 0,595703125 0,162109375 0,478515625 0,162109375
12 0,38671875 0 0,525390625 0 0,525390625 0,13671875 0,38671875 0,13671875
13 0,287109375 0 0,435546875 0 0,435546875 0,12109375 0,287109375 0,12109375
5 0,158203125 0 0,32421875 0 0,32421875 0,09765625 0,158203125 0,09765625
4 0,068359375 0 0,2109375 0 0,2109375 0,076171875 0,068359375 0,076171875
9 0 0 0,123046875 0 0,123046875 0,05859375 0 0,05859375
20 0,44540312890625 0,884356978515625 0,471278583984375 0,78619528515625 0,40265143359375 0,75364157421875 0,38098120703125 0,854640330078125 0,44540312890625 0,884356978515625
10 0,39092555078125 0,856353927734375 0,408228658203125 0,750225900390625 0,354836296875 0,736079494140625 0,329921423828125 0,824264703125 0,39092555078125 0,856353927734375
23 0,337641017578125 0,824673150390625 0,359567140625 0,72821021875 0,28911401953125 0,697397361328125 0,279314201171875 0,798477177734375 0,337641017578125 0,824673150390625
0 0,26883355078125 0,78599008203125 0,28006055859375 0,68269847265625 0,21725237109375 0,6593719375 0,21020125390625 0,756714046875 0,26883355078125 0,78599008203125
0 0,219712193359375 0,758219646484375 0,227749078125 0,650937375 0,167517998046875 0,637375751953125 0,161916775390625 0,7326270625 0,219712193359375 0,758219646484375
5 0,174224123046875 0,733204369140625 0,17723542578125 0,629529568359375 0,11533024609375 0,603595373046875 0,118771888671875 0,709176767578125 0,174224123046875 0,733204369140625
6 0,869140625 0,4375 1 0,4375 1 0,81640625 0,869140625 0,81640625
8 0,740234375 0,4384765625 0,94140625 0,4384765625 0,94140625 0,7998046875 0,740234375 0,7998046875
2 0,607421875 0,4384765625 0,81640625 0,4384765625 0,81640625 0,7998046875 0,607421875 0,7998046875