20 0 0,134765625 0,01953125 0,134765625 0,01953125 0,21875 0 0,21875
32 0,00498408564814812 0,1375 0,058326099537037 0,1375 0,058326099537037 0,222395833333333 0,00498408564814812 0,222395833333333
3 0,0548177083333333 0,1388671875 0,10619212962963 0,1388671875 0,10619212962963 0,2216796875 0,0548177083333333 0,2216796875
2 0,0899522569444444 0,13828125 0,143323206018519 0,13828125 0,143323206018519 0,227083333333333 0,0899522569444444 0,227083333333333
6 0,12513744212963 0,138671875 0,178493923611111 0,138671875 0,178493923611111 0,225520833333333 0,12513744212963 0,225520833333333
35 0,354470486111111 0,1080078125 0,441623263888889 0,1080078125 0,441623263888889 0,2771484375 0,354470486111111 0,2771484375
10 0,421875 0,1056640625 0,503197337962963 0,1056640625 0,503197337962963 0,2783203125 0,421875 0,2783203125
25 0,482472511574074 0,102864583333333 0,575513599537037 0,102864583333333 0,575513599537037 0,276302083333333 0,482472511574074 0,276302083333333
6 0,581148726851852 0,109440104166667 0,674146412037037 0,109440104166667 0,674146412037037 0,277018229166667 0,581148726851852 0,277018229166667
1 0,658275462962963 0,111653645833333 0,733738425925926 0,111653645833333 0,733738425925926 0,283919270833333 0,658275462962963 0,283919270833333
1 0,727640335648148 0,114322916666667 0,801135706018518 0,114322916666667 0,801135706018518 0,284505208333333 0,727640335648148 0,284505208333333
30 0 0,529296875 0,076171875 0,529296875 0,076171875 0,869140625 0 0,869140625
20 0,0380859375 0,529296875 0,1904296875 0,529296875 0,1904296875 0,869140625 0,0380859375 0,869140625
1 0,1962890625 0,529296875 0,3466796875 0,529296875 0,3466796875 0,86328125 0,1962890625 0,86328125
5 0,3037109375 0,529296875 0,3544921875 0,529296875 0,3544921875 0,8515625 0,3037109375 0,8515625
20 0,3447265625 0,529296875 0,4443359375 0,529296875 0,4443359375 1 0,3447265625 1
17 0,3701171875 0,529296875 0,5634765625 0,529296875 0,5634765625 1 0,3701171875 1
30 0,4990234375 0,529296875 0,6962890625 0,529296875 0,6962890625 1 0,4990234375 1
0 0,7548828125 0,529296875 0,9423828125 0,529296875 0,9423828125 1 0,7548828125 1
0 0,880859375 0,529296875 1 0,529296875 1 0,998046875 0,880859375 0,998046875