20 0,515034943359375 0,01799875390625 0,478878 0,015651203125 0,479361423828125 0,098929013671875 0,5139698828125 0,102263201171875 0,515034943359375 0,01799875390625
24 0,481013953125 0,09861710546875 0,48025172265625 0,0147444609375 0,44679080859375 0,013789609375 0,44428785546875 0,096211591796875 0,481013953125 0,09861710546875
24 0,446053337890625 0,09790914453125 0,448600728515625 0,01407253515625 0,412129658203125 0,00827191015625 0,409445720703125 0,095788267578125 0,446053337890625 0,09790914453125
0 0,39520816796875 0,09388172265625 0,400294564453125 0,00659737890625 0,366876634765625 0,00677578125 0,3618115703125 0,093492720703125 0,39520816796875 0,09388172265625
4 0,362656693359375 0,095670736328125 0,365991298828125 0,007080796875 0,329342359375 0,003826505859375 0,328441240234375 0,09179951953125 0,362656693359375 0,095670736328125
2 0,328848609375 0,093352166015625 0,330120396484375 0,003427650390625 0,2935353515625 0,001587986328125 0,290243234375 0,0893291484375 0,328848609375 0,093352166015625
15 0,908203125 0,26171875 1 0,26171875 1 0,515625 0,908203125 0,515625
21 0,807537615740741 0,248560474537037 0,945703125 0,248560474537037 0,945703125 0,504289641203704 0,807537615740741 0,504289641203704
6 0,666203703703704 0,232805266203704 0,80201099537037 0,232805266203704 0,80201099537037 0,480692997685185 0,666203703703704 0,480692997685185
2 0,6376953125 0,216796875 0,7001953125 0,216796875 0,7001953125 0,484375 0,6376953125 0,484375
12 0,6396484375 0,643931572265625 0,633250087890625 0,642035314453125 0,602659490234375 0,8350229765625 0,6396484375 0,8458168125 0,6396484375 0,643931572265625
23 0,599258734375 0,8446227265625 0,62444504296875 0,642114052734375 0,531232775390625 0,6257174296875 0,512925654296875 0,83093415234375 0,599258734375 0,8446227265625
10 0,508628505859375 0,82830340625 0,520578740234375 0,6285060859375 0,446270263671875 0,618067048828125 0,42745358984375 0,814149677734375 0,508628505859375 0,82830340625
7 0,37251148046875 0,80112001953125 0,39170180078125 0,601563494140625 0,299636583984375 0,587945900390625 0,29353998828125 0,786595333984375 0,37251148046875 0,80112001953125
3 0,290996181640625 0,783937494140625 0,297638849609375 0,58607986328125 0,2110036484375 0,57670374609375 0,20446781640625 0,77161996875 0,290996181640625 0,783937494140625
7 0,198491583984375 0,771564681640625 0,204714490234375 0,573790953125 0,1177553515625 0,565745125 0,12228348828125 0,753646111328125 0,198491583984375 0,771564681640625
28 0,889894386574074 0,65703125 0,910843460648148 0,65703125 0,910843460648148 0,684635416666667 0,889894386574074 0,684635416666667
15 0,875245949074074 0,656814236111111 0,89609375 0,656814236111111 0,89609375 0,682465277777778 0,875245949074074 0,682465277777778
29 0,857566550925926 0,654600694444444 0,880367476851852 0,654600694444444 0,880367476851852 0,680280671296296 0,857566550925926 0,680280671296296
2 0,833977141203704 0,651323784722222 0,85482494212963 0,651323784722222 0,85482494212963 0,676974826388889 0,833977141203704 0,676974826388889
5 0,818250868055556 0,649139178240741 0,83919994212963 0,649139178240741 0,83919994212963 0,676743344907407 0,818250868055556 0,676743344907407
13 0,801598668981481 0,647916666666667 0,824500868055556 0,647916666666667 0,824500868055556 0,675549768518518 0,801598668981481 0,675549768518518