27 0 0,584658734375 0,0029910546875 0,5966796875 0,0596131328125 0,5966796875 0,048311880859375 0,555335296875 0 0,559298650390625 0 0,584658734375
20 0,09621415234375 0,5966796875 0,084081046875 0,55223934375 0,028963548828125 0,55677012890625 0,03855777734375 0,5966796875 0,09621415234375 0,5966796875
32 0,13015087890625 0,5966796875 0,122626384765625 0,54873915234375 0,064950818359375 0,553295259765625 0,0761776875 0,5966796875 0,13015087890625 0,5966796875
3 0,180630873046875 0,5966796875 0,173677083984375 0,54429269921875 0,113587119140625 0,549230361328125 0,122323306640625 0,5966796875 0,180630873046875 0,5966796875
2 0,216279865234375 0,5966796875 0,206440583984375 0,541797228515625 0,15004634375 0,546141603515625 0,157149669921875 0,5966796875 0,216279865234375 0,5966796875
6 0,251766013671875 0,5966796875 0,24611303515625 0,538101326171875 0,185695482421875 0,539358736328125 0,19391530859375 0,5966796875 0,251766013671875 0,5966796875
32 0,633714326171875 0,089159126953125 0,611187853515625 0,0029296875 0,5771484375 0,0029296875 0,5771484375 0,096894923828125 0,633714326171875 0,089159126953125
19 0,5869140625 0,0029296875 0,6865234375 0,0029296875 0,6865234375 0,0830078125 0,5869140625 0,0830078125
1 0,6669921875 0,0029296875 0,7666015625 0,0029296875 0,7666015625 0,0615234375 0,6669921875 0,0615234375
8 0,7177734375 0,0029296875 0,8232421875 0,0029296875 0,8232421875 0,0537109375 0,7177734375 0,0537109375
9 0,7744140625 0,0029296875 0,8798828125 0,0029296875 0,8798828125 0,0400390625 0,7744140625 0,0400390625
30 0,231105324074074 0,689330150462963 0,280570023148148 0,689330150462963 0,280570023148148 0,726786747685185 0,231105324074074 0,726786747685185
35 0,247750289351852 0,688136574074074 0,295232928240741 0,688136574074074 0,295232928240741 0,723611111111111 0,247750289351852 0,723611111111111
23 0,263433159722222 0,683998842592593 0,310915798611111 0,683998842592593 0,310915798611111 0,71947337962963 0,263433159722222 0,71947337962963
4 0,2859375 0,680736400462963 0,333420138888889 0,680736400462963 0,333420138888889 0,7162109375 0,2859375 0,7162109375
0 0,302582465277778 0,677560763888889 0,350065104166667 0,677560763888889 0,350065104166667 0,713035300925926 0,302582465277778 0,713035300925926
9 0,317274305555556 0,6744140625 0,364756944444445 0,6744140625 0,364756944444445 0,709888599537037 0,317274305555556 0,709888599537037