21 0,232552083333333 0,0954427083333333 0,318098958333333 0,0954427083333333 0,318098958333333 0,191391782407407 0,232552083333333 0,191391782407407
10 0,2013671875 0,0982711226851852 0,287044270833333 0,0982711226851852 0,287044270833333 0,196173321759259 0,2013671875 0,196173321759259
31 0,168294270833333 0,102191840277778 0,253841145833333 0,102191840277778 0,253841145833333 0,198140914351852 0,168294270833333 0,198140914351852
2 0,122721354166667 0,109447337962963 0,214388020833333 0,109447337962963 0,214388020833333 0,209649884259259 0,122721354166667 0,209649884259259
2 0,0907552083333333 0,115379050925926 0,180338541666667 0,115379050925926 0,180338541666667 0,213512731481481 0,0907552083333333 0,213512731481481
3 0,0586588541666667 0,119357638888889 0,1462890625 0,119357638888889 0,1462890625 0,217375578703704 0,0586588541666667 0,217375578703704
8 0,890625 0,08203125 1 0,08203125 1 0,279296875 0,890625 0,279296875
8 0,818424479166667 0,0903067129629629 0,9552734375 0,0903067129629629 0,9552734375 0,284620949074074 0,818424479166667 0,284620949074074
6 0,411588541666667 0,696412037037037 0,58671875 0,696412037037037 0,58671875 0,939684606481481 0,411588541666667 0,939684606481481
7 0,314713541666667 0,714033564814815 0,488802083333333 0,714033564814815 0,488802083333333 0,970862268518519 0,314713541666667 0,970862268518519
1 0,220638020833333 0,729991319444444 0,384830729166667 0,729991319444444 0,384830729166667 0,984288194444444 0,220638020833333 0,984288194444444
2 0,115104166666667 0,749045138888889 0,29453125 0,749045138888889 0,29453125 0,998408564814815 0,115104166666667 0,998408564814815