14 0,55457278515625 0,616618806640625 0,581438896484375 0,429113169921875 0,48619207421875 0,424144220703125 0,46025649609375 0,63348514453125 0,55457278515625 0,616618806640625
34 0,466227623046875 0,6237600546875 0,494675583984375 0,428087349609375 0,3975494609375 0,434064125 0,394909564453125 0,633049017578125 0,466227623046875 0,6237600546875
10 0,40047509375 0,63546262890625 0,40454203515625 0,43242227734375 0,3291534921875 0,436125849609375 0,292693611328125 0,63432448828125 0,40047509375 0,63546262890625
2 0,299768037109375 0,439086162109375 0,301150517578125 0,43639215625 0,20092714453125 0,42586630859375 0,183892123046875 0,64359854296875 0,27967210546875 0,63084381640625 0,299768037109375 0,439086162109375
9 0,197296177734375 0,638062984375 0,204100109375 0,432356306640625 0,102818130859375 0,43141513671875 0,109023751953125 0,6455973671875 0,197296177734375 0,638062984375
4 0,114228892578125 0,64664951953125 0,10675370703125 0,435161703125 0,0211685703125 0,4290844453125 0,002049189453125 0,657678158203125 0,114228892578125 0,64664951953125
26 0,919921875 0,51953125 1 0,51953125 1 0,708984375 0,919921875 0,708984375
14 0,845551215277778 0,517332175925926 0,949327256944444 0,517332175925926 0,949327256944444 0,705439814814815 0,845551215277778 0,705439814814815
27 0,769444444444444 0,51498119212963 0,871267361111111 0,51498119212963 0,871267361111111 0,703074363425926 0,769444444444444 0,703074363425926
6 0,658203125 0,509917534722222 0,763975694444444 0,509917534722222 0,763975694444444 0,699992766203704 0,658203125 0,699992766203704
8 0,6201171875 0,51171875 0,6865234375 0,51171875 0,6865234375 0,697265625 0,6201171875 0,697265625