27 0,340280755859375 0,219775763671875 0,294884939453125 0,2022491796875 0,2312794296875 0,273298046875 0,277578962890625 0,29413983203125 0,340280755859375 0,219775763671875
20 0,309541302734375 0,202787130859375 0,257580783203125 0,181365412109375 0,19809506640625 0,2520611484375 0,248030234375 0,2756209765625 0,309541302734375 0,202787130859375
32 0,276826935546875 0,18318762890625 0,22630996875 0,162509986328125 0,1688321875 0,23527591796875 0,2142361640625 0,256093974609375 0,276826935546875 0,18318762890625
3 0,234952232421875 0,157873720703125 0,17896205078125 0,135806419921875 0,127618619140625 0,214182220703125 0,166175064453125 0,233413740234375 0,234952232421875 0,157873720703125
2 0,19858712109375 0,13738009765625 0,15360005078125 0,12161862890625 0,09097165234375 0,1950108203125 0,14529772265625 0,218389154296875 0,19858712109375 0,13738009765625
6 0,159656015625 0,117407767578125 0,118877380859375 0,101069810546875 0,062795078125 0,1782183828125 0,11257956640625 0,198875759765625 0,159656015625 0,117407767578125
15 0,77734375 0 0,994140625 0 0,994140625 0,318359375 0,77734375 0,318359375
10 0,646484375 0 0,8515625 0 0,8515625 0,333984375 0,646484375 0,333984375
20 0,55859375 0 0,72265625 0 0,72265625 0,337890625 0,55859375 0,337890625
16 0,49609375 0,4921875 0,59765625 0,4921875 0,59765625 0,955078125 0,49609375 0,955078125
30 0,364366319444444 0,491637731481481 0,571657986111111 0,491637731481481 0,571657986111111 0,956872106481482 0,364366319444444 0,956872106481482
2 0,173285590277778 0,503450520833333 0,392035590277778 0,503450520833333 0,392035590277778 0,957139756944444 0,173285590277778 0,957139756944444
1 0,0610677083333334 0,505692997685185 0,248654513888889 0,505692997685185 0,248654513888889 0,962825520833333 0,0610677083333334 0,962825520833333
0 0 0,51171875 0,125 0,51171875 0,125 0,9609375 0 0,9609375
5 1 0,882547833984375 0,948327341796875 0,88353001171875 0,962179435546875 0,990378783203125 1 0,991798287109375 1 0,882547833984375