29 0,13671875 0,101381655092593 0,1875 0,101381655092593 0,1875 0,1669921875 0,13671875 0,1669921875
10 0,1611328125 0,10912181712963 0,2119140625 0,10912181712963 0,2119140625 0,174732349537037 0,1611328125 0,174732349537037
29 0,1865234375 0,112015335648148 0,2392578125 0,112015335648148 0,2392578125 0,175745081018518 0,1865234375 0,175745081018518
4 0,2216796875 0,120153356481482 0,2744140625 0,120153356481482 0,2744140625 0,183883101851852 0,2216796875 0,183883101851852
7 0,2470703125 0,1240234375 0,2978515625 0,1240234375 0,2978515625 0,189633969907407 0,2470703125 0,189633969907407
0 0,2705078125 0,127821180555556 0,3212890625 0,127821180555556 0,3212890625 0,195384837962963 0,2705078125 0,195384837962963
28 0,75399055078125 0,47349909765625 0,798688494140625 0,476808939453125 0,80137528515625 0,4212234453125 0,757699287109375 0,41802023828125 0,75399055078125 0,47349909765625
15 0,82223284765625 0,474331205078125 0,827717826171875 0,421041375 0,78612555859375 0,419195541015625 0,782361521484375 0,474705291015625 0,82223284765625 0,474331205078125
29 0,83850633203125 0,475723126953125 0,85543773828125 0,423701255859375 0,80978444921875 0,420237828125 0,80858152734375 0,47461803125 0,83850633203125 0,475723126953125
2 0,894452015625 0,47954893359375 0,8937408203125 0,425132779296875 0,850437283203125 0,421263259765625 0,846129330078125 0,477007224609375 0,894452015625 0,47954893359375
5 0,915784447265625 0,480065640625 0,918446638671875 0,425890328125 0,875763955078125 0,425198494140625 0,875696640625 0,47948185546875 0,915784447265625 0,480065640625
13 0,942022150390625 0,481381205078125 0,944452515625 0,42885788671875 0,90220092578125 0,427235279296875 0,898298765625 0,48277062109375 0,942022150390625 0,481381205078125
31 0 0,49609375 0,1015625 0,49609375 0,1015625 0,787109375 0 0,787109375
34 0,05078125 0,4970703125 0,2421875 0,4970703125 0,2421875 0,8193359375 0,05078125 0,8193359375
0 0,25390625 0,4970703125 0,44921875 0,4970703125 0,44921875 0,8466796875 0,25390625 0,8466796875
0 0,388671875 0,4970703125 0,458984375 0,4970703125 0,458984375 0,8779296875 0,388671875 0,8779296875
22 0,6884765625 0,82154224537037 0,7490234375 0,82154224537037 0,7490234375 0,889467592592593 0,6884765625 0,889467592592593
33 0,72265625 0,826714409722222 0,78125 0,826714409722222 0,78125 0,896520543981482 0,72265625 0,896520543981482
32 0,755859375 0,832826967592593 0,81640625 0,832826967592593 0,81640625 0,902705439814815 0,755859375 0,902705439814815
2 0,802734375 0,837492766203704 0,86328125 0,837492766203704 0,86328125 0,911277488425926 0,802734375 0,911277488425926
4 0,8369140625 0,842664930555556 0,8974609375 0,842664930555556 0,8974609375 0,916449652777778 0,8369140625 0,916449652777778
8 0,87109375 0,850766782407407 0,9296875 0,850766782407407 0,9296875 0,922526041666667 0,87109375 0,922526041666667