15 0,044921875 0 0,14453125 0 0,14453125 0,03125 0,044921875 0,03125
31 0,087890625 0 0,1875 0 0,1875 0,03515625 0,087890625 0,03515625
2 0,14453125 0 0,248046875 0 0,248046875 0,044921875 0,14453125 0,044921875
7 0,1875 0 0,29296875 0 0,29296875 0,052734375 0,1875 0,052734375
5 0,234375 0 0,337890625 0 0,337890625 0,056640625 0,234375 0,056640625
33 0,731047453703704 0,35287181712963 0,821976273148148 0,35287181712963 0,821976273148148 0,454796006944444 0,731047453703704 0,454796006944444
19 0,766420717592593 0,357884837962963 0,863208912037037 0,357884837962963 0,863208912037037 0,46015625 0,766420717592593 0,46015625
10 0,80787037037037 0,366174768518518 0,898365162037037 0,366174768518518 0,898365162037037 0,462239583333333 0,80787037037037 0,462239583333333
3 0,860894097222222 0,373206018518519 0,953631365740741 0,373206018518519 0,953631365740741 0,473292824074074 0,860894097222222 0,473292824074074
2 0,899124710648148 0,377416087962963 0,992006655092593 0,377416087962963 0,992006655092593 0,479456018518518 0,899124710648148 0,479456018518518
2 0,93359375 0,380859375 1 0,380859375 1 0,48046875 0,93359375 0,48046875
21 0,0553747106481481 0,62025462962963 0,232602719907407 0,62025462962963 0,232602719907407 0,863411458333333 0,0553747106481481 0,863411458333333
15 0,161422164351852 0,63431712962963 0,322301793981482 0,63431712962963 0,322301793981482 0,866782407407407 0,161422164351852 0,866782407407407
11 0,258463541666667 0,644929108796296 0,417679398148148 0,644929108796296 0,417679398148148 0,881184895833333 0,258463541666667 0,881184895833333
6 0,3876953125 0,6591796875 0,5517578125 0,6591796875 0,5517578125 0,8974609375 0,3876953125 0,8974609375
30 0,5068359375 0,875863357421875 0,62055812890625 0,880699521484375 0,600607607421875 0,593497228515625 0,5068359375 0,58830298828125 0,5068359375 0,875863357421875
32 0,7269586328125 0,898031001953125 0,734996732421875 0,617027998046875 0,564675623046875 0,5987766953125 0,5878233125 0,886408654296875 0,7269586328125 0,898031001953125
26 0,859336048828125 0,9112051640625 0,85410484765625 0,638284421875 0,69768264453125 0,622607337890625 0,69199858984375 0,89327916015625 0,859336048828125 0,9112051640625
4 1 0,65860943359375 0,870949021484375 0,64679781640625 0,85416751953125 0,913956638671875 1 0,929628865234375 1 0,65860943359375