29 0,49168844921875 0,071232029296875 0,390450244140625 0,05709259765625 0,383864109375 0,22081215234375 0,46106383203125 0,237319517578125 0,49168844921875 0,071232029296875
35 0,387331384765625 0,05373633203125 0,285969314453125 0,045253392578125 0,284122607421875 0,21843416796875 0,378022787109375 0,23048396484375 0,387331384765625 0,05373633203125
34 0,298826689453125 0,044514 0,2002332578125 0,03715137109375 0,22855846484375 0,2059580234375 0,2862306953125 0,21165580859375 0,298826689453125 0,044514
6 0,183881197265625 0,18693812109375 0,180120298828125 0,03274078515625 0,0916775390625 0,022928494140625 0,104576421875 0,177652908203125 0,183881197265625 0,18693812109375
3 0,09053114453125 0,019274916015625 0,007468455078125 0,01467843359375 0,03841923046875 0,1718716796875 0,11252184765625 0,18018617578125 0,09053114453125 0,019274916015625
9 0 0,166765685546875 0,04820228515625 0,169865654296875 0,01373696875 0,018478333984375 0 0,01700994921875 0 0,166765685546875
8 0,908637152777778 0,227763310185185 0,988454861111111 0,227763310185185 0,988454861111111 0,354456018518518 0,908637152777778 0,354456018518518
7 0,907709041015625 0,35634344921875 0,904388634765625 0,238845146484375 0,830242693359375 0,2466278203125 0,84642819921875 0,36142101171875 0,907709041015625 0,35634344921875
0 0,852303724609375 0,3617016953125 0,831370724609375 0,2441193125 0,75654007421875 0,2612649375 0,782559462890625 0,371795220703125 0,852303724609375 0,3617016953125
44 0 0,775390625 0,04296875 0,775390625 0,04296875 0,921875 0 0,921875
44 0,0288122106481482 0,772099247685185 0,109150752314815 0,772099247685185 0,109150752314815 0,916370081018519 0,0288122106481482 0,916370081018519
31 0,234866898148148 0,753703703703704 0,313483796296296 0,753703703703704 0,313483796296296 0,905685763888889 0,234866898148148 0,905685763888889
22 0,171419270833333 0,75787037037037 0,251931423611111 0,75787037037037 0,251931423611111 0,908000578703704 0,171419270833333 0,908000578703704
31 0,111675347222222 0,768771701388889 0,19212962962963 0,768771701388889 0,19212962962963 0,916948784722222 0,111675347222222 0,916948784722222
20 0,723249421296296 0,779181134259259 0,918952546296296 0,779181134259259 0,918952546296296 0,999638310185185 0,723249421296296 0,999638310185185
0 0,81529224537037 0,732769097222222 0,986631944444444 0,732769097222222 0,986631944444444 0,92076099537037 0,81529224537037 0,92076099537037
17 0,814884810546875 1 0,845530373046875 0,976099296875 0,736316767578125 0,845886466796875 0,67562575 0,88876690625 0,76762256640625 1 0,814884810546875 1
39 0,751405490234375 1 0,678184787109375 0,885215947265625 0,618135357421875 0,927972640625 0,679947150390625 1 0,751405490234375 1
7 1 0,77449065625 0,933680734375 0,687793732421875 0,86638654296875 0,737211158203125 0,99016736328125 0,863695505859375 1 0,857048162109375 1 0,77449065625
8 1 0,664145650390625 0,988144560546875 0,649082974609375 0,933251537109375 0,69109720703125 1 0,788638791015625 1 0,664145650390625