13 0,300099013671875 0,27609956640625 0,348014513671875 0,2822869140625 0,348728650390625 0,201863123046875 0,302819080078125 0,19685966015625 0,300099013671875 0,27609956640625
17 0,332485412109375 0,28136422265625 0,3855646796875 0,285516529296875 0,38249400390625 0,20484265234375 0,335943859375 0,20131250390625 0,332485412109375 0,28136422265625
31 0,367950751953125 0,284914939453125 0,40616687109375 0,2878358515625 0,420325517578125 0,211920373046875 0,36802866796875 0,204802416015625 0,367950751953125 0,284914939453125
3 0,4098511015625 0,2934941875 0,462172427734375 0,29626295703125 0,46411467578125 0,220409576171875 0,412299310546875 0,211908349609375 0,4098511015625 0,2934941875
7 0,490514634765625 0,30538608984375 0,499545400390625 0,222074671875 0,44882229296875 0,22106097265625 0,44955467578125 0,298477333984375 0,490514634765625 0,30538608984375
7 0,479461763671875 0,30460414453125 0,52028044921875 0,3136984140625 0,535181197265625 0,23008491796875 0,486675390625 0,223839580078125 0,479461763671875 0,30460414453125
2 0,611328125 0,18656814453125 0,65504628515625 0,178536962890625 0,634167765625 0,130279154296875 0,611328125 0,13421515234375 0,611328125 0,18656814453125
15 0,682142171875 0,17102694921875 0,667960146484375 0,12146069140625 0,626478822265625 0,129632732421875 0,645979392578125 0,178513126953125 0,682142171875 0,17102694921875
11 0 0,89161663671875 0,1219908046875 0,858321927734375 0,088128826171875 0,595154056640625 0 0,61671159375 0 0,89161663671875
19 0,22767014453125 0,82076797265625 0,204595853515625 0,5711391796875 0,084448630859375 0,59929616796875 0,10953275390625 0,854119404296875 0,22767014453125 0,82076797265625
9 0,374331009765625 0,800890134765625 0,368604326171875 0,536198828125 0,235244833984375 0,564942220703125 0,263140802734375 0,822099736328125 0,374331009765625 0,800890134765625
6 0,48939213671875 0,785104884765625 0,467377287109375 0,514638599609375 0,35685625390625 0,537015490234375 0,368314140625 0,807717150390625 0,48939213671875 0,785104884765625
4 0,568014806640625 0,509765625 0,5665001171875 0,509765625 0,460148693359375 0,526018763671875 0,47093469921875 0,792693216796875 0,59373932421875 0,7670458203125 0,568014806640625 0,509765625
9 0,611328125 0,8125 0,650390625 0,8125 0,650390625 0,8828125 0,611328125 0,8828125
6 0,619596354166667 0,808123553240741 0,688606770833333 0,808123553240741 0,688606770833333 0,878291377314815 0,619596354166667 0,878291377314815