44 0,3671875 0,203125 0,560546875 0,203125 0,560546875 0,423828125 0,3671875 0,423828125
44 0,462890625 0,177734375 0,65625 0,177734375 0,65625 0,423828125 0,462890625 0,423828125
43 0,785843460648148 0,0958839699074074 0,968569155092593 0,0958839699074074 0,968569155092593 0,348777488425926 0,785843460648148 0,348777488425926
25 0,685727719907407 0,118959780092593 0,872142650462963 0,118959780092593 0,872142650462963 0,366138599537037 0,685727719907407 0,366138599537037
1 0,561414930555556 0,155888310185185 0,743995949074074 0,155888310185185 0,743995949074074 0,404875578703704 0,561414930555556 0,404875578703704
47 0,880859375 0,056640625 1 0,056640625 1 0,337890625 0,880859375 0,337890625
15 0,145366041015625 0,66999666796875 0,15917252734375 0,611942962890625 0,091394537109375 0,608717224609375 0,086385896484375 0,66589566796875 0,145366041015625 0,66999666796875
13 0,123890482421875 0,667768966796875 0,1315935625 0,610172001953125 0,067860408203125 0,609269416015625 0,057936900390625 0,664978888671875 0,123890482421875 0,667768966796875
27 0,092475966796875 0,666035001953125 0,10607293359375 0,608522654296875 0,0460299765625 0,607328193359375 0,02675351953125 0,664420447265625 0,092475966796875 0,666035001953125
6 0 0,662654919921875 0,0511147265625 0,664308587890625 0,05807093359375 0,609238541015625 0 0,6036017421875 0 0,662654919921875
1 0 0,66010144140625 0,03011787890625 0,60436083203125 0 0,604165771484375 0 0,66010144140625
10 0,819065513671875 0,416015625 0,77998827734375 0,64090867578125 0,914196599609375 0,64049453125 0,940578708984375 0,416015625 0,819065513671875 0,416015625
10 0,731852568359375 0,416015625 0,698684302734375 0,651756732421875 0,818241140625 0,633570771484375 0,839011046875 0,416015625 0,731852568359375 0,416015625
37 0,595124822265625 0,416015625 0,582790720703125 0,6558862734375 0,7281378046875 0,6427366953125 0,750999228515625 0,416015625 0,595124822265625 0,416015625
4 0,468687333984375 0,416015625 0,453981427734375 0,660198994140625 0,580213359375 0,6517359453125 0,591720392578125 0,416015625 0,468687333984375 0,416015625
5 0,336493736328125 0,416015625 0,3422491953125 0,673985951171875 0,4973574296875 0,658214470703125 0,499927150390625 0,416015625 0,336493736328125 0,416015625
6 0,3740363203125 0,416015625 0,2945003671875 0,416015625 0,237428767578125 0,418632099609375 0,24799996484375 0,6726123984375 0,378369103515625 0,66333852734375 0,3740363203125 0,416015625