4 0 0,472249861328125 0,092783794921875 0,489801755859375 0,092420017578125 0,262702083984375 0 0,26082841015625 0 0,472249861328125
2 0,077214552734375 0,49313091796875 0,207690662109375 0,5152730078125 0,228047513671875 0,29600872265625 0,084121607421875 0,270281240234375 0,077214552734375 0,49313091796875
19 0,730461516203704 0,464048032407407 0,781025752314815 0,464048032407407 0,781025752314815 0,518200231481482 0,730461516203704 0,518200231481482
23 0,751974826388889 0,463910590277778 0,80259693287037 0,463910590277778 0,80259693287037 0,520015914351852 0,751974826388889 0,520015914351852
30 0,773603877314815 0,467679398148148 0,824110243055556 0,467679398148148 0,824110243055556 0,519878472222222 0,773603877314815 0,519878472222222
5 0,80298755787037 0,469089988425926 0,853551793981482 0,469089988425926 0,853551793981482 0,5232421875 0,80298755787037 0,5232421875
4 0,824558738425926 0,471006944444444 0,873169849537037 0,471006944444444 0,873169849537037 0,52505787037037 0,824558738425926 0,52505787037037
0 0,846129918981481 0,472721354166667 0,896694155092593 0,472721354166667 0,896694155092593 0,526873553240741 0,846129918981481 0,526873553240741
22 0,0776620370370371 0,764040798611111 0,14615162037037 0,764040798611111 0,14615162037037 0,830823206018519 0,0776620370370371 0,830823206018519
33 0,114916087962963 0,766999421296296 0,183405671296296 0,766999421296296 0,183405671296296 0,833781828703704 0,114916087962963 0,833781828703704
32 0,151135706018518 0,768055555555556 0,219625289351852 0,768055555555556 0,219625289351852 0,834837962962963 0,151135706018518 0,834837962962963
5 0,204072627314815 0,772157118055556 0,272504340277778 0,772157118055556 0,272504340277778 0,836986400462963 0,204072627314815 0,836986400462963
8 0,24224537037037 0,773213252314815 0,308781828703704 0,773213252314815 0,308781828703704 0,839894386574074 0,24224537037037 0,839894386574074
6 0,278464988425926 0,774168113425926 0,346954571759259 0,774168113425926 0,346954571759259 0,840950520833333 0,278464988425926 0,840950520833333
0 0,5537109375 0,6513671875 0,7255859375 0,6513671875 0,7255859375 0,8271484375 0,5537109375 0,8271484375
42 0,36075947265625 0,6513671875 0,337482935546875 0,681145154296875 0,403759 0,7088432421875 0,450071359375 0,6513671875 0,36075947265625 0,6513671875
52 0,429921109375 0,6513671875 0,379772333984375 0,71437529296875 0,4407346875 0,738374001953125 0,510544966796875 0,6513671875 0,429921109375 0,6513671875
38 0,49976926171875 0,6513671875 0,432132681640625 0,74135875 0,493262345703125 0,7673335390625 0,58189723046875 0,6513671875 0,49976926171875 0,6513671875
6 0,589142341796875 0,6513671875 0,513115185546875 0,763999873046875 0,568606994140625 0,785336875 0,6748451484375 0,6513671875 0,589142341796875 0,6513671875
4 0,666915123046875 0,834784185546875 0,77356855859375 0,693944970703125 0,72282633984375 0,67579832421875 0,61798048828125 0,816743734375 0,666915123046875 0,834784185546875