29 0,236328125 0,001953125 0,357421875 0,001953125 0,357421875 0,078125 0,236328125 0,078125
35 0,2890625 0,001953125 0,462890625 0,001953125 0,462890625 0,0625 0,2890625 0,0625
24 0,39453125 0,001953125 0,572265625 0,001953125 0,572265625 0,0546875 0,39453125 0,0546875
29 0,26068431712963 0,247417534722222 0,43373119212963 0,247417534722222 0,43373119212963 0,455447048611111 0,26068431712963 0,455447048611111
35 0,365444155092593 0,234526909722222 0,538389756944444 0,234526909722222 0,538389756944444 0,440603298611111 0,365444155092593 0,440603298611111
24 0,468352141203704 0,22357494212963 0,639142071759259 0,22357494212963 0,639142071759259 0,425730613425926 0,468352141203704 0,425730613425926
5 0,612847222222222 0,205121527777778 0,787340856481481 0,205121527777778 0,787340856481481 0,403399884259259 0,612847222222222 0,403399884259259
8 0,718482349537037 0,190285011574074 0,88998119212963 0,190285011574074 0,88998119212963 0,40611255787037 0,718482349537037 0,40611255787037
8 0,822164351851852 0,175434027777778 0,987398726851852 0,175434027777778 0,987398726851852 0,383405671296296 0,822164351851852 0,383405671296296
12 0,20031631640625 0,807104353515625 0,227340552734375 0,802182318359375 0,195523529296875 0,7636898359375 0,1687231640625 0,7684495546875 0,20031631640625 0,807104353515625
32 0,217449802734375 0,800525345703125 0,239020228515625 0,7971051875 0,21185334375 0,757948078125 0,183261318359375 0,7628834296875 0,217449802734375 0,800525345703125
27 0,226434076171875 0,795730791015625 0,254029017578125 0,79025658203125 0,221931986328125 0,753391400390625 0,197319921875 0,7580699375 0,226434076171875 0,795730791015625
4 0,263671875 0,78459234375 0,263671875 0,76400557421875 0,244393451171875 0,7456421484375 0,218396794921875 0,74866823046875 0,24548303515625 0,78716090625 0,263671875 0,78459234375
22 0,3003156015625 0,53125 0,354908744140625 0,696668052734375 0,47895753515625 0,66680351171875 0,433630962890625 0,53125 0,3003156015625 0,53125
23 0,41477335546875 0,53125 0,46055253515625 0,66471323046875 0,581746376953125 0,633861146484375 0,546747076171875 0,53125 0,41477335546875 0,53125
10 0,52646834375 0,53125 0,55628471875 0,636944521484375 0,686688943359375 0,603074642578125 0,64654905859375 0,53125 0,52646834375 0,53125
5 0,679500462890625 0,53125 0,70612886328125 0,597777953125 0,828455056640625 0,56634415234375 0,814680298828125 0,53125 0,679500462890625 0,53125