28 0,02684011328125 0,4221054453125 0,090564466796875 0,423597158203125 0,08322694140625 0,309045423828125 0,020102724609375 0,30810394140625 0,02684011328125 0,4221054453125
27 0,142720810546875 0,429297279296875 0,136329619140625 0,309706615234375 0,074047912109375 0,30936658203125 0,076644197265625 0,428155037109375 0,142720810546875 0,429297279296875
24 0,19499141796875 0,432956787109375 0,191271541015625 0,3120183359375 0,12543575390625 0,31037488671875 0,12919069921875 0,430811146484375 0,19499141796875 0,432956787109375
2 0,2014048046875 0,4359687890625 0,268182376953125 0,439724447265625 0,262072376953125 0,316520619140625 0,1978003828125 0,313469404296875 0,2014048046875 0,4359687890625
8 0,2634684609375 0,440426365234375 0,322014947265625 0,44302630078125 0,31502630859375 0,32330415234375 0,25157815625 0,317791798828125 0,2634684609375 0,440426365234375
2 0,31163067578125 0,442828673828125 0,378406419921875 0,4465826484375 0,375332359375 0,32563911328125 0,308024423828125 0,320327603515625 0,31163067578125 0,442828673828125
24 0,4423828125 0,3642578125 0,4853515625 0,3642578125 0,4853515625 0,5517578125 0,4423828125 0,5517578125
9 0,483043981481482 0,378739872685185 0,575636574074074 0,378739872685185 0,575636574074074 0,56459056712963 0,483043981481482 0,56459056712963
3 0,545601851851852 0,384497974537037 0,644169560185185 0,384497974537037 0,644169560185185 0,578334780092593 0,545601851851852 0,578334780092593
0 0,6142578125 0,4072265625 0,7080078125 0,4072265625 0,7080078125 0,5888671875 0,6142578125 0,5888671875
36 0,545753761574074 0,687825520833333 0,58970630787037 0,687825520833333 0,58970630787037 0,753146701388889 0,545753761574074 0,753146701388889
31 0,515407986111111 0,682045717592593 0,561371527777778 0,682045717592593 0,561371527777778 0,751331018518518 0,515407986111111 0,751331018518518
3 0,576041666666667 0,689699074074074 0,627951388888889 0,689699074074074 0,627951388888889 0,765017361111111 0,576041666666667 0,765017361111111
2 0,604463252314815 0,697374131944444 0,654361979166667 0,697374131944444 0,654361979166667 0,768728298611111 0,604463252314815 0,768728298611111
5 0,630888310185185 0,702061631944445 0,678833912037037 0,702061631944445 0,678833912037037 0,773357928240741 0,630888310185185 0,773357928240741
7 0,660286458333333 0,709765625 0,704267939814815 0,709765625 0,704267939814815 0,777039930555556 0,660286458333333 0,777039930555556
20 0,9609375 0,740234375 1 0,740234375 1 0,80078125 0,9609375 0,80078125
1 0,902662037037037 0,597858796296296 0,956409143518518 0,597858796296296 0,956409143518518 0,665422453703704 0,902662037037037 0,665422453703704
9 0,93002025462963 0,599645543981481 0,985807291666667 0,599645543981481 0,985807291666667 0,673126446759259 0,93002025462963 0,673126446759259