29 0,49733151171875 0,4296875 0,51943975 0,390097802734375 0,399291994140625 0,359233115234375 0,38521769140625 0,4296875 0,49733151171875 0,4296875
4 0,334818501953125 0,4296875 0,35869118359375 0,349336646484375 0,277348990234375 0,3275466640625 0,234934017578125 0,4296875 0,334818501953125 0,4296875
1 0,2267297109375 0,4296875 0,268497271484375 0,320422208984375 0,1768201171875 0,30159774609375 0,1199141015625 0,4296875 0,2267297109375 0,4296875
8 0 0,4296875 0,110720341796875 0,4296875 0,170115421875 0,29550670703125 0,051214505859375 0,27079808203125 0 0,42179696484375 0 0,4296875
17 1 0,256441435546875 0,992448201171875 0,254790572265625 0,9615093828125 0,2704243515625 0,94084893359375 0,256441720703125 0,92385343359375 0,261528150390625 0,922472521484375 0,35002582421875 0,9061092265625 0,4296875 0,963954091796875 0,4296875 0,98720864453125 0,428124515625 1 0,323390630859375 1 0,256441435546875
16 0,8622664921875 0,259302140625 0,852943390625 0,29487342578125 0,83823300390625 0,367974341796875 0,84219787109375 0,419530978515625 0,855721255859375 0,4296875 0,914702654296875 0,4296875 0,915771806640625 0,429540185546875 0,9284102890625 0,369920501953125 0,932940427734375 0,2599502734375 0,8622664921875 0,259302140625
10 0,85265695703125 0,4296875 0,841397373046875 0,25633652734375 0,808952279296875 0,255631466796875 0,76047472265625 0,4296875 0,85265695703125 0,4296875
5 0,75051246875 0,4296875 0,764691869140625 0,260519505859375 0,67190626953125 0,25730551953125 0,664638623046875 0,4296875 0,75051246875 0,4296875
1 0,623046875 0,4296875 0,672979701171875 0,4296875 0,677019654296875 0,26028511328125 0,623046875 0,254607232421875 0,623046875 0,4296875
15 0,388404224537037 0,857313368055556 0,437188946759259 0,857313368055556 0,437188946759259 0,923068576388889 0,388404224537037 0,923068576388889
10 0,351381655092593 0,853009259259259 0,402119502314815 0,853009259259259 0,402119502314815 0,918836805555556 0,351381655092593 0,918836805555556
33 0,316312210648148 0,850730613425926 0,3650390625 0,850730613425926 0,3650390625 0,914532696759259 0,316312210648148 0,914532696759259
0 0,267513020833333 0,847945601851852 0,316239872685185 0,847945601851852 0,316239872685185 0,911747685185185 0,267513020833333 0,911747685185185
9 0,231380208333333 0,844654224537037 0,282118055555556 0,844654224537037 0,282118055555556 0,910481770833333 0,231380208333333 0,910481770833333
2 0,194299768518519 0,842303240740741 0,246990740740741 0,842303240740741 0,246990740740741 0,908203125 0,194299768518519 0,908203125