30 0,03671875 0,478269675925926 0,10234375 0,478269675925926 0,10234375 0,584910300925926 0,03671875 0,584910300925926
10 0,0785951967592592 0,476851851851852 0,142267071759259 0,476851851851852 0,142267071759259 0,583376736111111 0,0785951967592592 0,583376736111111
26 0,120442708333333 0,474457465277778 0,186067708333333 0,474457465277778 0,186067708333333 0,581098090277778 0,120442708333333 0,581098090277778
6 0,176880787037037 0,470978009259259 0,242505787037037 0,470978009259259 0,242505787037037 0,577618634259259 0,176880787037037 0,577618634259259
2 0,218757233796296 0,469560185185185 0,284440104166667 0,469560185185185 0,284440104166667 0,578153935185185 0,218757233796296 0,578153935185185
9 0,2615234375 0,465270543981481 0,32525318287037 0,465270543981481 0,32525318287037 0,573748553240741 0,2615234375 0,573748553240741
10 0,5498046875 0,2900390625 0,6943359375 0,2900390625 0,6943359375 0,5009765625 0,5498046875 0,5009765625
36 0,6494140625 0,2900390625 0,7919921875 0,2900390625 0,7919921875 0,4873046875 0,6494140625 0,4873046875
6 0,7861328125 0,2900390625 0,9306640625 0,2900390625 0,9306640625 0,4833984375 0,7861328125 0,4833984375
1 0,8828125 0,2890625 1 0,2890625 1 0,48046875 0,8828125 0,48046875
27 0,4521484375 0,2900390625 0,5986328125 0,2900390625 0,5986328125 0,5087890625 0,4521484375 0,5087890625