22 0 0,318359375 0,092311517578125 0,318359375 0,081518650390625 0,219080080078125 0 0,206969994140625 0 0,318359375
29 0,0805247109375 0,318359375 0,178337900390625 0,318359375 0,1945322265625 0,227719767578125 0,066235888671875 0,219276107421875 0,06631005859375 0,220852455078125 0,0805247109375 0,318359375
4 0,33252564453125 0,318359375 0,334578923828125 0,2590436640625 0,248598958984375 0,248540943359375 0,225583958984375 0,318359375 0,33252564453125 0,318359375
1 0,43613238671875 0,318359375 0,4371131796875 0,279068521484375 0,322850677734375 0,261877115234375 0,321889431640625 0,318359375 0,43613238671875 0,318359375
21 0,542815337890625 0 0,551201205078125 0,186320365234375 0,708555537109375 0,225567701171875 0,700111115234375 0 0,542815337890625 0
5 0,73773792578125 0 0,737463794921875 0,248836453125 0,89103873828125 0,2813861015625 0,89620528515625 0 0,73773792578125 0
2 0,88169761328125 0 0,869457390625 0,29432698046875 0,9545443359375 0,318359375 1 0,318359375 1 0 0,88169761328125 0
46 0,364517302734375 0,5715590234375 0,35673395703125 0,468296126953125 0,09121107421875 0,44991993359375 0,09042618359375 0,55123190625 0,364517302734375 0,5715590234375
42 0,344744115234375 0,665689193359375 0,343822138671875 0,564299484375 0,092160052734375 0,554434111328125 0,0916370859375 0,661995017578125 0,344744115234375 0,665689193359375
46 0,343286369140625 0,748254359375 0,3291698515625 0,658740607421875 0,0958487578125 0,64973036328125 0,096839716796875 0,752682306640625 0,343286369140625 0,748254359375
4 0,079465546875 0,870323720703125 0,339127005859375 0,89776235546875 0,346995392578125 0,803010275390625 0,090808318359375 0,77728934765625 0,079465546875 0,870323720703125
4 0,09725490234375 0,975615283203125 0,344524173828125 0,99157411328125 0,35042249609375 0,890495359375 0,08290570703125 0,878290365234375 0,09725490234375 0,975615283203125
26 0,60596824609375 0,775145677734375 0,68876128515625 0,774181486328125 0,66323678515625 0,615051310546875 0,582524490234375 0,611857111328125 0,60596824609375 0,775145677734375
15 0,75519687890625 0,77141863671875 0,738372685546875 0,60415338671875 0,649968240234375 0,61156816015625 0,673708068359375 0,77971205078125 0,75519687890625 0,77141863671875
34 0,82189369921875 0,775333373046875 0,82078457421875 0,602025298828125 0,724599751953125 0,60860626953125 0,746655041015625 0,77969494140625 0,82189369921875 0,775333373046875
4 0,921713189453125 0,7754383125 0,9140846328125 0,6109636640625 0,821845576171875 0,612824751953125 0,8310377109375 0,773725162109375 0,921713189453125 0,7754383125
0 0,99427544140625 0,777826220703125 0,97959395703125 0,6130797265625 0,89613946484375 0,612875146484375 0,90666746484375 0,776249470703125 0,99427544140625 0,777826220703125
5 1 0,613743767578125 0,9663946796875 0,614542990234375 0,97894011328125 0,77964755859375 1 0,77894596484375 1 0,613743767578125