19 0,912098125 0,27276937109375 0,935573568359375 0,272937494140625 0,93607075390625 0,246671708984375 0,92172856640625 0,2488807890625 0,91284337109375 0,2481776484375 0,912098125 0,27276937109375
24 0,956343361328125 0,272707212890625 0,95697916015625 0,2469913359375 0,9347015546875 0,247471470703125 0,933002212890625 0,27317916796875 0,956343361328125 0,272707212890625
21 0,977835005859375 0,272145138671875 0,977900666015625 0,265802623046875 0,96466193359375 0,2644322734375 0,963901521484375 0,246634814453125 0,9554269765625 0,2470586484375 0,95410448828125 0,272963544921875 0,977835005859375 0,272145138671875
9 1 0,24707312109375 0,983489181640625 0,247992572265625 0,983314119140625 0,25697328125 0,98731624609375 0,261126267578125 0,980918732421875 0,271467908203125 1 0,271579263671875 1 0,24707312109375
13 0 0,863663759765625 0,022704453125 0,876131857421875 0,048611609375 0,8219340078125 0,019815833984375 0,802628130859375 0 0,83090764453125 0 0,863663759765625
2 0,06515175 0,90585555859375 0,097835259765625 0,852398033203125 0,060683962890625 0,836355552734375 0,03086700390625 0,88408231640625 0,06515175 0,90585555859375
2 0,100132732421875 0,92890262109375 0,129729064453125 0,877016294921875 0,099263751953125 0,8539693046875 0,064534720703125 0,90758049609375 0,100132732421875 0,92890262109375
5 0,132278013671875 0,94745723828125 0,166115134765625 0,899906298828125 0,13206364453125 0,87814409765625 0,100178138671875 0,930662390625 0,132278013671875 0,94745723828125
14 0,393598090277778 0,615198206018519 0,553103298611111 0,615198206018519 0,553103298611111 0,916731770833333 0,393598090277778 0,916731770833333
21 0,50859375 0,625144675925926 0,665451388888889 0,625144675925926 0,665451388888889 0,9109375 0,50859375 0,9109375
18 0,637717013888889 0,623430266203704 0,776649305555556 0,623430266203704 0,776649305555556 0,900368923611111 0,637717013888889 0,900368923611111
9 0,7892578125 0,617209201388889 0,9482421875 0,617209201388889 0,9482421875 0,907024016203704 0,7892578125 0,907024016203704
6 0,904296875 0,61328125 1 0,61328125 1 0,896484375 0,904296875 0,896484375