23 0,4658203125 0,308376546875 0,41052965234375 0,308721451171875 0,4629725703125 0,4261716953125 0,4658203125 0,426071802734375 0,4658203125 0,308376546875
20 0,407567193359375 0,37054389453125 0,396770412109375 0,427783927734375 0,463705353515625 0,423378822265625 0,4332044296875 0,3083907578125 0,431869158203125 0,307736630859375 0,366690458984375 0,315567337890625 0,407567193359375 0,37054389453125
0 0,378770044921875 0,31625291015625 0,378631958984375 0,315864451171875 0,30822502734375 0,316519017578125 0,33633729296875 0,430305646484375 0,402545158203125 0,42729284765625 0,378770044921875 0,31625291015625
2 0,357459412109375 0,429553154296875 0,3287152109375 0,317264794921875 0,2621016171875 0,32115684375 0,287674234375 0,438634490234375 0,357459412109375 0,429553154296875
8 0,3109158671875 0,43696036328125 0,28233190234375 0,320877638671875 0,21998943359375 0,32410654296875 0,251889634765625 0,44143662890625 0,3109158671875 0,43696036328125
31 0,83984375 0,00390625 1 0,00390625 1 0,380859375 0,83984375 0,380859375
34 0,702293113425926 0,0216290509259259 0,962217881944444 0,0216290509259259 0,962217881944444 0,404224537037037 0,702293113425926 0,404224537037037
0 0,4951171875 0,0595703125 0,7626953125 0,0595703125 0,7626953125 0,4443359375 0,4951171875 0,4443359375
0 0,4326171875 0,0791015625 0,6259765625 0,0791015625 0,6259765625 0,4443359375 0,4326171875 0,4443359375
1 0,433704908203125 0,67282136328125 0,3109655546875 0,682260412109375 0,345447599609375 0,9920773359375 0,46537401953125 0,979810376953125 0,433704908203125 0,67282136328125
2 0,361040708984375 1 0,331053193359375 0,687825833984375 0,177092904296875 0,705367849609375 0,214635109375 1 0,361040708984375 1
42 0,1908015234375 1 0,1755710390625 0,711491080078125 0,17872536328125 0,70947298046875 0,019460017578125 0,724220818359375 0,05693280859375 1 0,1908015234375 1
20 0 1 0,0662321171875 1 0,02566975 0,723872349609375 0 0,725996052734375 0 1
33 0,725593171296296 0,809606481481482 0,817317708333333 0,809606481481482 0,817317708333333 0,918981481481482 0,725593171296296 0,918981481481482
19 0,687051504629629 0,816948784722222 0,782682291666667 0,816948784722222 0,782682291666667 0,926468460648148 0,687051504629629 0,926468460648148
10 0,653508391203704 0,82642505787037 0,742932581018519 0,82642505787037 0,742932581018519 0,929868344907407 0,653508391203704 0,929868344907407
3 0,600434027777778 0,835177951388889 0,693995949074074 0,835177951388889 0,693995949074074 0,942672164351852 0,600434027777778 0,942672164351852
2 0,564764178240741 0,841652199074074 0,656488715277778 0,841652199074074 0,656488715277778 0,951027199074074 0,564764178240741 0,951027199074074
2 0,528117766203704 0,848090277777778 0,6197265625 0,848090277777778 0,6197265625 0,955512152777778 0,528117766203704 0,955512152777778