33 1 0,303003984375 0,964861666015625 0,17530911328125 0,80861524609375 0,206521474609375 0,90978921484375 0,550090927734375 1 0,5341619453125 1 0,303003984375
20 0,825697861328125 0,207431396484375 0,672786505859375 0,236053943359375 0,78666210546875 0,400019087890625 0,764161119140625 0,577437021484375 0,920139623046875 0,545801603515625 0,825697861328125 0,207431396484375
12 0,782618404296875 0,58373521875 0,6908860234375 0,2368455234375 0,5422425546875 0,2540547265625 0,631954046875 0,609345794921875 0,782618404296875 0,58373521875
5 0,48046875 0,6181640625 0,603345068359375 0,6181640625 0,491931837890625 0,26949540625 0,48046875 0,270896115234375 0,48046875 0,6181640625
43 0,321614583333333 0,798828125 0,429774305555556 0,798828125 0,429774305555556 0,908203125 0,321614583333333 0,908203125
9 0,208449074074074 0,80078125 0,314424189814815 0,80078125 0,314424189814815 0,90625 0,208449074074074 0,90625
9 0,157667824074074 0,80078125 0,265827546296296 0,80078125 0,265827546296296 0,91015625 0,157667824074074 0,91015625
7 0,110619212962963 0,7978515625 0,216362847222222 0,7978515625 0,216362847222222 0,8994140625 0,110619212962963 0,8994140625
31 0,371419270833333 0,798828125 0,485785590277778 0,798828125 0,485785590277778 0,9140625 0,371419270833333 0,9140625
42 0,268995949074074 0,80078125 0,378877314814815 0,80078125 0,378877314814815 0,90625 0,268995949074074 0,90625
8 0,96484375 0,654296875 1 0,654296875 1 0,787109375 0,96484375 0,787109375
0 0,921875 0,658203125 1 0,658203125 1 0,783203125 0,921875 0,783203125
5 0,878002025462963 0,6572265625 0,981459780092593 0,6572265625 0,981459780092593 0,7861328125 0,878002025462963 0,7861328125