27 0,0703703703703704 0,189416956018519 0,129513888888889 0,189416956018519 0,129513888888889 0,277162905092593 0,0703703703703704 0,277162905092593
11 0,102242476851852 0,19701244212963 0,161284722222222 0,19701244212963 0,161284722222222 0,282805266203704 0,102242476851852 0,282805266203704
14 0,134063946759259 0,203559027777778 0,19505931712963 0,203559027777778 0,19505931712963 0,289424189814815 0,134063946759259 0,289424189814815
3 0,178631365740741 0,21263744212963 0,239424189814815 0,21263744212963 0,239424189814815 0,294596354166667 0,178631365740741 0,294596354166667
6 0,211226851851852 0,219292534722222 0,270269097222222 0,219292534722222 0,270269097222222 0,305085358796296 0,211226851851852 0,305085358796296
7 0,243098958333333 0,22486255787037 0,304094328703704 0,22486255787037 0,304094328703704 0,310727719907407 0,243098958333333 0,310727719907407
19 0,383939677734375 0,71043921875 0,403867671875 0,642819423828125 0,374439701171875 0,639307345703125 0,353536751953125 0,7065446953125 0,383939677734375 0,71043921875
28 0,411344666015625 0,713278373046875 0,4298866875 0,647923822265625 0,400929873046875 0,64365944921875 0,381442125 0,709726296875 0,411344666015625 0,713278373046875
10 0,4373794921875 0,719997705078125 0,4554962578125 0,65088457421875 0,430212205078125 0,64848168359375 0,4089210078125 0,714429318359375 0,4373794921875 0,719997705078125
8 0,475284353515625 0,7246864765625 0,49410253515625 0,65914611328125 0,466574806640625 0,654791044921875 0,446122158203125 0,71989321875 0,475284353515625 0,7246864765625
3 0,503751212890625 0,7286452734375 0,521740986328125 0,663880439453125 0,493054373046875 0,659725857421875 0,473661919921875 0,72437906640625 0,503751212890625 0,7286452734375
1 0,5283152890625 0,733281955078125 0,54595781640625 0,670006837890625 0,522122005859375 0,665673134765625 0,5034363125 0,72930287890625 0,5283152890625 0,733281955078125
44 0,776613136574074 0,573423032407407 0,9033203125 0,573423032407407 0,9033203125 0,761140046296296 0,776613136574074 0,761140046296296
44 0,7060546875 0,568359375 0,8369140625 0,568359375 0,8369140625 0,751953125 0,7060546875 0,751953125
44 0,7060546875 0,568359375 0,7685546875 0,568359375 0,7685546875 0,744140625 0,7060546875 0,744140625