27 0,1637282890625 0,258487052734375 0,211000294921875 0,26301015234375 0,2099060703125 0,181893232421875 0,165058171875 0,175888546875 0,1637282890625 0,258487052734375
11 0,2422385703125 0,265865654296875 0,24351087109375 0,189776560546875 0,19933112890625 0,183030984375 0,1985202265625 0,182959146484375 0,19851700390625 0,183242029296875 0,19762438671875 0,261630103515625 0,2422385703125 0,265865654296875
14 0,23236380078125 0,266013798828125 0,2804920078125 0,27036176953125 0,269418849609375 0,228003291015625 0,280187203125 0,19073285546875 0,233235958984375 0,18790860546875 0,23236380078125 0,266013798828125
3 0,32286723046875 0,270977146484375 0,325267439453125 0,196127341796875 0,2757046796875 0,1930157421875 0,27877535546875 0,2714803203125 0,32286723046875 0,270977146484375
6 0,359092572265625 0,279430708984375 0,356792359375 0,20103796875 0,31562891796875 0,19616792578125 0,310401857421875 0,27416225 0,359092572265625 0,279430708984375
7 0,38397669921875 0,284825931640625 0,3913237109375 0,20531390625 0,344622564453125 0,200862841796875 0,35015585546875 0,281807552734375 0,38397669921875 0,284825931640625
4 0,6806640625 0 0,7646484375 0 0,7646484375 0,14453125 0,6806640625 0,14453125
1 0,6513671875 0 0,7080078125 0 0,7080078125 0,130859375 0,6513671875 0,130859375
3 0,738107638888889 0,00947627314814814 0,818402777777778 0,00947627314814814 0,818402777777778 0,150679976851852 0,738107638888889 0,150679976851852
44 0,5185546875 0,94140625 0,6357421875 0,94140625 0,6357421875 1 0,5185546875 1
0 0,4326171875 0,9375 0,5478515625 0,9375 0,5478515625 1 0,4326171875 1
36 0,2294921875 0,912109375 0,3505859375 0,912109375 0,3505859375 1 0,2294921875 1
48 0,3212890625 0,923828125 0,4365234375 0,923828125 0,4365234375 1 0,3212890625 1
12 0,1533203125 0,908203125 0,2685546875 0,908203125 0,2685546875 1 0,1533203125 1