30 0 0,052734375 0,111328125 0,052734375 0,111328125 0,408203125 0 0,408203125
2 0,03515625 0,0361328125 0,30078125 0,0361328125 0,30078125 0,4091796875 0,03515625 0,4091796875
1 0,1796875 0,0185546875 0,412109375 0,0185546875 0,412109375 0,4091796875 0,1796875 0,4091796875
0 0,30078125 0,0029296875 0,4921875 0,0029296875 0,4921875 0,4091796875 0,30078125 0,4091796875
22 0,4453125 0 0,546875 0 0,546875 0,189453125 0,4453125 0,189453125
0 0,494140625 0 0,673828125 0 0,673828125 0,166015625 0,494140625 0,166015625
6 0,587890625 0 0,76171875 0 0,76171875 0,158203125 0,587890625 0,158203125
5 0,6796875 0 0,853515625 0 0,853515625 0,142578125 0,6796875 0,142578125
28 0,272424768518519 0,726526331018518 0,347873263888889 0,726526331018518 0,347873263888889 0,772388599537037 0,272424768518519 0,772388599537037
15 0,293789359375 0,72674492578125 0,317561353515625 0,770134583984375 0,36757772265625 0,766400595703125 0,350082357421875 0,72284666015625 0,293789359375 0,72674492578125
29 0,391700466796875 0,7608995390625 0,373048521484375 0,718490693359375 0,31600826953125 0,72227691015625 0,335486501953125 0,765049634765625 0,391700466796875 0,7608995390625
2 0,36987634765625 0,759410689453125 0,427988755859375 0,755727654296875 0,403913755859375 0,711790353515625 0,35036322265625 0,716316111328125 0,35068165234375 0,716299623046875 0,36987634765625 0,759410689453125
5 0,448441494140625 0,75228128125 0,42714585546875 0,709034619140625 0,3733427578125 0,71249091015625 0,397555078125 0,755324158203125 0,448441494140625 0,75228128125
13 0,47171471875 0,74863347265625 0,4506492109375 0,7057718828125 0,39411260546875 0,708561537109375 0,417441734375 0,75386775390625 0,47171471875 0,74863347265625
13 0,789702978515625 0,868561109375 0,85033245703125 0,86229323828125 0,8279768984375 0,811290423828125 0,7621576875 0,816464890625 0,789702978515625 0,868561109375
16 0,81930835546875 0,86206263671875 0,880573978515625 0,856484908203125 0,85640910546875 0,804875255859375 0,792911123046875 0,811036154296875 0,81930835546875 0,86206263671875
25 0,84962025390625 0,85648105859375 0,90856484765625 0,850700630859375 0,886702380859375 0,79959926953125 0,823559890625 0,804899287109375 0,84962025390625 0,85648105859375
0 0,95301798046875 0,843325685546875 0,929254458984375 0,79079601953125 0,864594521484375 0,79665344140625 0,88850459765625 0,84890008984375 0,95301798046875 0,843325685546875
7 0,921574087890625 0,84309616015625 0,980108505859375 0,839010068359375 0,961460484375 0,787436982421875 0,89570019921875 0,791569171875 0,921574087890625 0,84309616015625
3 1 0,803418875 0,991984732421875 0,782438982421875 0,925466560546875 0,78700290625 0,9471401328125 0,8382089921875 1 0,834502640625 1 0,803418875