23 0,913328126953125 0,337026703125 0,90715237890625 0,271226501953125 0,837097775390625 0,271648126953125 0,8436205234375 0,338199154296875 0,913328126953125 0,337026703125
23 0,94671302734375 0,336561134765625 0,9412066484375 0,271652888671875 0,8709460078125 0,271457431640625 0,876505365234375 0,3377352109375 0,94671302734375 0,336561134765625
35 0,980084876953125 0,337081244140625 0,975656677734375 0,272634615234375 0,904571916015625 0,271941509765625 0,910003779296875 0,337110458984375 0,980084876953125 0,337081244140625
2 1 0,27319989453125 0,95339441796875 0,272556462890625 0,957263984375 0,33748450390625 1 0,3379857109375 1 0,27319989453125
19 0,0211226851851852 0,4365234375 0,121021412037037 0,4365234375 0,121021412037037 0,5576171875 0,0211226851851852 0,5576171875
26 0,0691550925925926 0,44140625 0,167173032407407 0,44140625 0,167173032407407 0,564453125 0,0691550925925926 0,564453125
21 0,115270543981482 0,447265625 0,219509548611111 0,447265625 0,219509548611111 0,580078125 0,115270543981482 0,580078125
5 0,190791377314815 0,4560546875 0,294958043981482 0,4560546875 0,294958043981482 0,5869140625 0,190791377314815 0,5869140625
4 0,24193431712963 0,4658203125 0,345883969907407 0,4658203125 0,345883969907407 0,5908203125 0,24193431712963 0,5908203125
6 0,293149594907407 0,4775390625 0,400933159722222 0,4775390625 0,400933159722222 0,6005859375 0,293149594907407 0,6005859375
21 0,5283203125 0,365234375 0,6650390625 0,365234375 0,6650390625 0,650390625 0,5283203125 0,650390625
2 0,649486400462963 0,375 0,830041956018518 0,375 0,830041956018518 0,669921875 0,649486400462963 0,669921875
1 0,766999421296296 0,3837890625 0,933738425925926 0,3837890625 0,933738425925926 0,6748046875 0,766999421296296 0,6748046875
0 0,875 0,400390625 1 0,400390625 1 0,68359375 0,875 0,68359375