19 0 0 0,08984375 0 0,08984375 0,228515625 0 0,228515625
33 0 0 0,205078125 0 0,205078125 0,224609375 0 0,224609375
31 0,10546875 0 0,31640625 0 0,31640625 0,203125 0,10546875 0,203125
3 0,2890625 0 0,490234375 0 0,490234375 0,185546875 0,2890625 0,185546875
2 0,390625 0 0,533203125 0 0,533203125 0,15625 0,390625 0,15625
24 0,832725599609375 0,4208984375 0,790535603515625 0,392926220703125 0,734041927734375 0,420043265625 0,73563899609375 0,4208984375 0,832725599609375 0,4208984375
15 0,805020275390625 0,4208984375 0,861549404296875 0,4208984375 0,868720271484375 0,41568591015625 0,8068400703125 0,36707901171875 0,760936966796875 0,39047557421875 0,805020275390625 0,4208984375
8 0,904577056640625 0,379113802734375 0,8386880390625 0,335786810546875 0,7986091328125 0,353481990234375 0,865573994140625 0,402925123046875 0,904577056640625 0,379113802734375
0 0,924322896484375 0,36026890234375 0,859328107421875 0,311769529296875 0,821017609375 0,33205463671875 0,886315640625 0,3814900078125 0,924322896484375 0,36026890234375
17 0,94266890625 0,33959813671875 0,8815365 0,290015259765625 0,841482294921875 0,31113873828125 0,9060578828125 0,360297125 0,94266890625 0,33959813671875
31 0 0,673828125 0,064453125 0,673828125 0,064453125 0,87890625 0 0,87890625
22 0 0,666015625 0,140625 0,666015625 0,140625 0,873046875 0 0,873046875
11 0,0629991319444444 0,664076967592593 0,212868923611111 0,664076967592593 0,212868923611111 0,864655671296296 0,0629991319444444 0,864655671296296
5 0,171267361111111 0,652119502314815 0,323090277777778 0,652119502314815 0,323090277777778 0,852799479166667 0,171267361111111 0,852799479166667
0 0,245377604166667 0,641319444444445 0,399168113425926 0,641319444444445 0,399168113425926 0,844053819444444 0,245377604166667 0,844053819444444
2 0,321469907407407 0,634526909722222 0,475260416666667 0,634526909722222 0,475260416666667 0,837261284722222 0,321469907407407 0,837261284722222
9 0,557552083333333 0,884729456018518 0,633955439814815 0,884729456018518 0,633955439814815 0,919451678240741 0,557552083333333 0,919451678240741
7 0,581951678240741 0,88404224537037 0,658355034722222 0,88404224537037 0,658355034722222 0,918764467592593 0,581951678240741 0,918764467592593
3 0,608289930555556 0,88150318287037 0,684693287037037 0,88150318287037 0,684693287037037 0,916225405092593 0,608289930555556 0,916225405092593
19 0,486328125 0,8916015625 0,55078125 0,8916015625 0,55078125 0,9248046875 0,486328125 0,9248046875
24 0,499992766203704 0,889554398148148 0,576396122685185 0,889554398148148 0,576396122685185 0,924276620370371 0,499992766203704 0,924276620370371
21 0,524377893518518 0,8869140625 0,60078125 0,8869140625 0,60078125 0,921636284722222 0,524377893518518 0,921636284722222