5 0,00876736111111109 0,095703125 0,148350694444444 0,095703125 0,148350694444444 0,301403356481482 0,00876736111111109 0,301403356481482
8 0,114207175925926 0,1 0,253877314814815 0,1 0,253877314814815 0,311559606481481 0,114207175925926 0,311559606481481
8 0,221759259259259 0,115154803240741 0,353472222222222 0,115154803240741 0,353472222222222 0,316485821759259 0,221759259259259 0,316485821759259
0 0,78129594140625 0,4326171875 0,777591890625 0,37427693359375 0,699058853515625 0,389205076171875 0,7035546328125 0,4326171875 0,78129594140625 0,4326171875
0 0,83082477734375 0,4326171875 0,8272983828125 0,361321228515625 0,751634080078125 0,365998388671875 0,756157734375 0,4326171875 0,83082477734375 0,4326171875
5 0,8744287578125 0,4326171875 0,880002578125 0,336860017578125 0,802283181640625 0,354321173828125 0,80346867578125 0,4326171875 0,8744287578125 0,4326171875
20 0 0,615234375 0,0625 0,615234375 0,0625 0,935546875 0 0,935546875
0 0,0843388310185185 0,620023148148148 0,256792534722222 0,620023148148148 0,256792534722222 0,936950231481481 0,0843388310185185 0,936950231481481
1 0,216030092592592 0,618070023148148 0,394574652777778 0,618070023148148 0,394574652777778 0,950969328703704 0,216030092592592 0,950969328703704
4 0,357421875 0,6142578125 0,4921875 0,6142578125 0,4921875 0,9560546875 0,357421875 0,9560546875
19 0,46484375 0,5732421875 0,5234375 0,5732421875 0,5234375 0,7041015625 0,46484375 0,7041015625
8 0,524283854166667 0,580186631944444 0,619827835648148 0,580186631944444 0,619827835648148 0,71107494212963 0,524283854166667 0,71107494212963
7 0,6863572578125 0,71340159375 0,698307861328125 0,591575318359375 0,602431197265625 0,587888662109375 0,607220619140625 0,71178073828125 0,6863572578125 0,71340159375
0 0,748234193359375 0,719786482421875 0,77235063671875 0,6020717734375 0,67851266796875 0,588669515625 0,661204712890625 0,71347916015625 0,748234193359375 0,719786482421875