12 0,046875 0,12158203125 0,17578125 0,12158203125 0,17578125 0,37646484375 0,046875 0,37646484375
34 0,1865234375 0,12109375 0,3115234375 0,12109375 0,3115234375 0,373046875 0,1865234375 0,373046875
24 0,32177734375 0,12109375 0,45166015625 0,12109375 0,45166015625 0,373046875 0,32177734375 0,373046875
2 0,5126953125 0,1318359375 0,6591796875 0,1318359375 0,6591796875 0,3759765625 0,5126953125 0,3759765625
9 0,65673828125 0,12890625 0,80615234375 0,12890625 0,80615234375 0,376953125 0,65673828125 0,376953125
3 0,80712890625 0,12646484375 0,95654296875 0,12646484375 0,95654296875 0,37744140625 0,80712890625 0,37744140625
10 0,046875 0,6201171875 0,17578125 0,6201171875 0,17578125 0,8623046875 0,046875 0,8623046875
34 0,17236328125 0,6181640625 0,30419921875 0,6181640625 0,30419921875 0,8623046875 0,17236328125 0,8623046875
25 0,3046875 0,61474609375 0,431640625 0,61474609375 0,431640625 0,86181640625 0,3046875 0,86181640625
7 0,52294921875 0,61279296875 0,66845703125 0,61279296875 0,66845703125 0,86962890625 0,52294921875 0,86962890625
1 0,6591796875 0,61279296875 0,7919921875 0,61279296875 0,7919921875 0,86767578125 0,6591796875 0,86767578125
10 0,79248046875 0,611328125 0,93603515625 0,611328125 0,93603515625 0,869140625 0,79248046875 0,869140625