26 0,673271755859375 0,248193234375 0,6884765625 0,182428642578125 0,6884765625 0,001953125 0,526024806640625 0,001953125 0,502446392578125 0,243575388671875 0,673271755859375 0,248193234375
5 0,477048982421875 0,23444931640625 0,50805605859375 0,001953125 0,31211265625 0,001953125 0,309756171875 0,23265782421875 0,477048982421875 0,23444931640625
4 0,336948708984375 0,22506256640625 0,353075234375 0,001953125 0,1830249140625 0,001953125 0,1739843984375 0,21833091015625 0,336948708984375 0,22506256640625
9 0,21320103125 0,22001245703125 0,2176573984375 0,001953125 0,027514103515625 0,001953125 0,048191984375 0,2281247421875 0,21320103125 0,22001245703125
8 0,264735243055556 0,801938657407407 0,377842881944444 0,801938657407407 0,377842881944444 0,968677662037037 0,264735243055556 0,968677662037037
46 0,5732421875 0,849609375 0,6884765625 0,849609375 0,6884765625 0,998046875 0,5732421875 0,998046875
43 0,5166015625 0,84375 0,6396484375 0,84375 0,6396484375 0,998046875 0,5166015625 0,998046875
49 0,4580078125 0,828125 0,5849609375 0,828125 0,5849609375 0,998046875 0,4580078125 0,998046875
2 0,317686631944444 0,809389467592593 0,440603298611111 0,809389467592593 0,440603298611111 0,978443287037037 0,317686631944444 0,978443287037037
46 0,373611111111111 0,819118923611111 0,494574652777778 0,819118923611111 0,494574652777778 0,988100405092593 0,373611111111111 0,988100405092593
29 1 0,615228310546875 0,849929046875 0,575331140625 0,801568974609375 0,80822048828125 0,937862587890625 0,845961640625 1 0,61681861328125 1 0,615228310546875
15 0,72662847265625 0,543837400390625 0,680343505859375 0,77570790625 0,820540958984375 0,822673 0,8706720078125 0,5790525 0,72662847265625 0,543837400390625
20 0,730628697265625 0,541015625 0,6513671875 0,541015625 0,6513671875 0,76723654296875 0,6973073984375 0,7737517109375 0,752639599609375 0,544904162109375 0,730628697265625 0,541015625