20 0 0 0,142578125 0 0,142578125 0,529296875 0 0,529296875
17 0,00390625 0 0,259765625 0 0,259765625 0,533203125 0,00390625 0,533203125
30 0,131597222222222 0,00231481481481488 0,391493055555556 0,00231481481481488 0,391493055555556 0,550434027777778 0,131597222222222 0,550434027777778
0 0,3837890625 0,0205078125 0,5029296875 0,0205078125 0,5029296875 0,5693359375 0,3837890625 0,5693359375
20 0,721498546875 0,45177430078125 0,757997638671875 0,450804041015625 0,77961834765625 0,385512578125 0,742380267578125 0,385032724609375 0,721498546875 0,45177430078125
28 0,79791008203125 0,4435288984375 0,8162666328125 0,384624302734375 0,782151181640625 0,382911435546875 0,758852365234375 0,44863398046875 0,79791008203125 0,4435288984375
8 0,8195549453125 0,437508697265625 0,838529990234375 0,377646583984375 0,803311361328125 0,381089017578125 0,78194667578125 0,442246896484375 0,8195549453125 0,437508697265625
2 0,839613455078125 0,43943478515625 0,85373608984375 0,377375033203125 0,823065208984375 0,375940912109375 0,79992198046875 0,438522037109375 0,839613455078125 0,43943478515625
9 0,851189376953125 0,437254134765625 0,871774103515625 0,375011595703125 0,837176654296875 0,37666575 0,81711140234375 0,43751759375 0,851189376953125 0,437254134765625
24 0,777877330078125 0,446031875 0,79737634765625 0,383050798828125 0,75976537109375 0,38620108203125 0,740498294921875 0,44983403125 0,777877330078125 0,446031875
28 0,79505822265625 0,44674882421875 0,815944919921875 0,381049353515625 0,778888341796875 0,383912072265625 0,7581411328125 0,448842044921875 0,79505822265625 0,44674882421875
50 0,0361328125 0,6572265625 0,1669921875 0,6572265625 0,1669921875 0,8076171875 0,0361328125 0,8076171875
52 0,1025390625 0,6572265625 0,2412109375 0,6572265625 0,2412109375 0,8369140625 0,1025390625 0,8369140625
39 0,1826171875 0,6572265625 0,3271484375 0,6572265625 0,3271484375 0,8427734375 0,1826171875 0,8427734375
9 0,272819408203125 0,863064 0,371234123046875 0,88554210546875 0,449965947265625 0,70624776171875 0,337860435546875 0,6746174453125 0,272819408203125 0,863064
4 0,5029296875 0,78186262890625 0,5029296875 0,715591056640625 0,42377884375 0,70324687109375 0,358457119140625 0,890087001953125 0,44950137890625 0,912496666015625 0,5029296875 0,78186262890625