16 0,478515625 0 0,572265625 0 0,572265625 0,162109375 0,478515625 0,162109375
9 0,27734375 0 0,478515625 0 0,478515625 0,17578125 0,27734375 0,17578125
9 0,12890625 0 0,31640625 0 0,31640625 0,18359375 0,12890625 0,18359375
1 0,01171875 0 0,169921875 0 0,169921875 0,19140625 0,01171875 0,19140625
10 0,54796659375 0,76370344921875 0,562103654296875 0,594501279296875 0,524958537109375 0,592468630859375 0,456250376953125 0,75581699609375 0,54796659375 0,76370344921875
5 0,446367025390625 0,748536373046875 0,463222154296875 0,711836943359375 0,490586734375 0,591467568359375 0,404999025390625 0,5839888984375 0,37473012890625 0,741875140625 0,402930638671875 0,750835490234375 0,446367025390625 0,748536373046875
7 0,38714170703125 0,744861052734375 0,42428891015625 0,5835963671875 0,33693728515625 0,576547080078125 0,321870408203125 0,742480953125 0,38714170703125 0,744861052734375
3 0,33839119921875 0,743460787109375 0,35950301171875 0,577158265625 0,279690666015625 0,566249853515625 0,24588755078125 0,734312650390625 0,33839119921875 0,743460787109375
44 0,714301215277778 0,488462094907407 0,814098668981481 0,488462094907407 0,814098668981481 0,647822627314815 0,714301215277778 0,647822627314815
44 0,770927372685185 0,485677083333333 0,864865451388889 0,485677083333333 0,864865451388889 0,644603587962963 0,770927372685185 0,644603587962963
44 0,824580439814815 0,486834490740741 0,928255208333333 0,486834490740741 0,928255208333333 0,64453125 0,824580439814815 0,64453125
22 0,962890625 0,486328125 1 0,486328125 1 0,6484375 0,962890625 0,6484375
31 0,90625 0,490234375 1 0,490234375 1 0,65234375 0,90625 0,65234375