30 0,009765625 0 0,263671875 0 0,263671875 0,095703125 0,009765625 0,095703125
2 0,19921875 0 0,4453125 0 0,4453125 0,12890625 0,19921875 0,12890625
1 0,337890625 0 0,55078125 0 0,55078125 0,14453125 0,337890625 0,14453125
0 0,451171875 0 0,607421875 0 0,607421875 0,171875 0,451171875 0,171875
18 0,728450520833333 0,0336443865740741 0,823271122685185 0,0336443865740741 0,823271122685185 0,180692997685185 0,728450520833333 0,180692997685185
33 0,778161168981482 0,0498191550925926 0,880765335648148 0,0498191550925926 0,880765335648148 0,193019386574074 0,778161168981482 0,193019386574074
14 0,837622974537037 0,0601200810185185 0,940256076388889 0,0601200810185185 0,940256076388889 0,2072265625 0,837622974537037 0,2072265625
1 0,912109375 0,08203125 1 0,08203125 1 0,22265625 0,912109375 0,22265625
3 0,962890625 0,091796875 1 0,091796875 1 0,240234375 0,962890625 0,240234375
22 0,808902552734375 1 0,681383111328125 0,90263880078125 0,5908203125 0,965429890625 0,5908203125 1 0,808902552734375 1
12 1 1 1 0,99736025 0,7845195859375 0,826787525390625 0,686414603515625 0,907479861328125 0,7922349921875 1 1 1
8 1 0,77065153125 0,927587486328125 0,721356091796875 0,845545763671875 0,807332498046875 1 0,93086245703125 1 0,77065153125