29 0,400245949074074 0,00588107638888891 0,490046296296296 0,00588107638888891 0,490046296296296 0,267513020833333 0,400245949074074 0,267513020833333
18 0,37095630787037 0,00555555555555554 0,43150318287037 0,00555555555555554 0,43150318287037 0,271744791666667 0,37095630787037 0,271744791666667
11 0,2958984375 0 0,4052734375 0 0,4052734375 0,28125 0,2958984375 0,28125
0 0,1474609375 0 0,2705078125 0 0,2705078125 0,302734375 0,1474609375 0,302734375
8 0,0439453125 0 0,1904296875 0 0,1904296875 0,318359375 0,0439453125 0,318359375
7 0 0 0,083984375 0 0,083984375 0,318359375 0 0,318359375
44 0,326142939814815 0,6833984375 0,415190972222222 0,6833984375 0,415190972222222 0,843467881944444 0,326142939814815 0,843467881944444
44 0,25787037037037 0,692078993055556 0,348871527777778 0,692078993055556 0,348871527777778 0,852235243055556 0,25787037037037 0,852235243055556
42 0,409997106481481 0,669552951388889 0,504875578703704 0,669552951388889 0,504875578703704 0,8259765625 0,409997106481481 0,8259765625
20 0,4794921875 0,65234375 0,5107421875 0,65234375 0,5107421875 0,81640625 0,4794921875 0,81640625
44 0,191608796296296 0,708658854166667 0,288454861111111 0,708658854166667 0,288454861111111 0,867122395833333 0,191608796296296 0,867122395833333
17 0,931138568359375 0,571503763671875 0,92205866796875 0,400385931640625 0,907686763671875 0,39858162890625 0,882662314453125 0,417259302734375 0,861989404296875 0,40544201953125 0,84767476953125 0,412219564453125 0,860801255859375 0,500376103515625 0,859066009765625 0,585262583984375 0,931138568359375 0,571503763671875
16 0,86234796875 0,5205406328125 0,848501150390625 0,4107129609375 0,785823126953125 0,4171649140625 0,783345001953125 0,453479109375 0,782191427734375 0,52765999609375 0,794073916015625 0,578538416015625 0,81690684765625 0,593193416015625 0,860839626953125 0,58110548046875 0,86234796875 0,5205406328125
10 0,797188298828125 0,59149325 0,7585169375 0,417444921875 0,729805130859375 0,4199889921875 0,7150184296875 0,60169927734375 0,797188298828125 0,59149325
5 0,698109564453125 0,606995490234375 0,68276843359375 0,4305590390625 0,599858240234375 0,43674966796875 0,622106873046875 0,615667259765625 0,698109564453125 0,606995490234375
1 0,6213405625 0,6163980703125 0,59601591015625 0,440372455078125 0,538241384765625 0,43930509765625 0,547860578125 0,62846215234375 0,6213405625 0,6163980703125
7 0,5087890625 0,63288942578125 0,543928630859375 0,630584986328125 0,5216483671875 0,448107986328125 0,5087890625 0,449020875 0,5087890625 0,63288942578125