19 0,2275390625 0,07177734375 0,3251953125 0,07177734375 0,3251953125 0,36767578125 0,2275390625 0,36767578125
20 0,326171875 0,0751953125 0,421875 0,0751953125 0,421875 0,3837890625 0,326171875 0,3837890625
34 0,41943359375 0,076171875 0,50830078125 0,076171875 0,50830078125 0,38671875 0,41943359375 0,38671875
1 0,54931640625 0,1064453125 0,63427734375 0,1064453125 0,63427734375 0,3876953125 0,54931640625 0,3876953125
2 0,6337890625 0,109375 0,7294921875 0,109375 0,7294921875 0,388671875 0,6337890625 0,388671875
3 0,72607421875 0,11181640625 0,81103515625 0,11181640625 0,81103515625 0,38427734375 0,72607421875 0,38427734375
15 0,21484375 0,57275390625 0,310546875 0,57275390625 0,310546875 0,88818359375 0,21484375 0,88818359375
35 0,3125 0,57421875 0,419921875 0,57421875 0,419921875 0,884765625 0,3125 0,884765625
29 0,4150390625 0,57861328125 0,5107421875 0,57861328125 0,5107421875 0,88427734375 0,4150390625 0,88427734375
5 0,54541015625 0,58544921875 0,64404296875 0,58544921875 0,64404296875 0,87353515625 0,54541015625 0,87353515625
0 0,6416015625 0,5869140625 0,7314453125 0,5869140625 0,7314453125 0,8662109375 0,6416015625 0,8662109375
3 0,72802734375 0,58056640625 0,82275390625 0,58056640625 0,82275390625 0,86669921875 0,72802734375 0,86669921875