18 0 0,22265625 0,0625 0,22265625 0,0625 0,619140625 0 0,619140625
10 0 0,2265625 0,15234375 0,2265625 0,15234375 0,62109375 0 0,62109375
22 0,0570891203703704 0,23619068287037 0,270732060185185 0,23619068287037 0,270732060185185 0,638751446759259 0,0570891203703704 0,638751446759259
6 0,256018518518518 0,240133101851852 0,465639467592593 0,240133101851852 0,465639467592593 0,64068287037037 0,256018518518518 0,64068287037037
5 0,363780381944445 0,251338252314815 0,565473090277778 0,251338252314815 0,565473090277778 0,649819155092593 0,363780381944445 0,649819155092593
0 0,466796875 0,259765625 0,580078125 0,259765625 0,580078125 0,666015625 0,466796875 0,666015625
24 0,537109375 0,00390625 0,75 0,00390625 0,75 0,46484375 0,537109375 0,46484375
6 0,695406539351852 0,0228587962962963 0,929058159722222 0,0228587962962963 0,929058159722222 0,466695601851852 0,695406539351852 0,466695601851852
8 0,8203125 0,0390625 1 0,0390625 1 0,517578125 0,8203125 0,517578125
2 0,9375 0,056640625 1 0,056640625 1 0,556640625 0,9375 0,556640625
8 0 0,860571123046875 0,00804715625 0,86108286328125 0,03311633984375 0,821322240234375 0 0,81962179296875 0 0,860571123046875