24 0,2333984375 0,0390625 0,3916015625 0,0390625 0,3916015625 0,517578125 0,2333984375 0,517578125
6 0,0615234375 0,1015625 0,3232421875 0,1015625 0,3232421875 0,517578125 0,0615234375 0,517578125
8 0 0,1171875 0,201171875 0,1171875 0,201171875 0,517578125 0 0,517578125
2 0 0,140625 0,07421875 0,140625 0,07421875 0,517578125 0 0,517578125
14 0,766818576388889 0,222395833333333 0,926685474537037 0,222395833333333 0,926685474537037 0,426388888888889 0,766818576388889 0,426388888888889
14 0,694878472222222 0,227973090277778 0,852719907407407 0,227973090277778 0,852719907407407 0,429926215277778 0,694878472222222 0,429926215277778
10 0,613172743055556 0,233116319444444 0,773328993055556 0,233116319444444 0,773328993055556 0,444921875 0,613172743055556 0,444921875
3 0,506546585648148 0,249826388888889 0,672345196759259 0,249826388888889 0,672345196759259 0,456032986111111 0,506546585648148 0,456032986111111
1 0,44165943287037 0,261566840277778 0,589735243055556 0,261566840277778 0,589735243055556 0,4630859375 0,44165943287037 0,4630859375
8 0,358072916666667 0,268576388888889 0,521556712962963 0,268576388888889 0,521556712962963 0,464930555555556 0,358072916666667 0,464930555555556
18 0,086009837962963 0,67734375 0,170211226851852 0,67734375 0,170211226851852 0,733680555555556 0,086009837962963 0,733680555555556
23 0,0549768518518519 0,681814236111111 0,143084490740741 0,681814236111111 0,143084490740741 0,738324652777778 0,0549768518518519 0,738324652777778
29 0,0248842592592593 0,6853515625 0,111038773148148 0,6853515625 0,111038773148148 0,741775173611111 0,0248842592592593 0,741775173611111
1 0 0,69140625 0,0703125 0,69140625 0,0703125 0,74609375 0 0,74609375
0 0 0,6953125 0,037109375 0,6953125 0,037109375 0,751953125 0 0,751953125
35 0,618923611111111 0,830967881944444 0,74291087962963 0,830967881944444 0,74291087962963 0,961219618055556 0,618923611111111 0,961219618055556
16 0,567599826388889 0,840386284722222 0,687463831018519 0,840386284722222 0,687463831018519 0,964605034722222 0,567599826388889 0,964605034722222
24 0,513201678240741 0,845768229166667 0,633138020833333 0,845768229166667 0,633138020833333 0,971940104166667 0,513201678240741 0,971940104166667
4 0,439525462962963 0,857118055555556 0,557508680555556 0,857118055555556 0,557508680555556 0,983203125 0,439525462962963 0,983203125
4 0,386176215277778 0,864496527777778 0,50415943287037 0,864496527777778 0,50415943287037 0,990581597222222 0,386176215277778 0,990581597222222
4 0,3466796875 0,873046875 0,4501953125 0,873046875 0,4501953125 0,998046875 0,3466796875 0,998046875