14 0,953036 0,317842375 0,919421810546875 0,11107780078125 0,818906796875 0,125512556640625 0,847560859375 0,3335375390625 0,953036 0,317842375
34 0,87203604296875 0,3275844609375 0,838812650390625 0,12932115234375 0,730644638671875 0,1437370546875 0,788421611328125 0,341761341796875 0,87203604296875 0,3275844609375
10 0,8052600390625 0,3507540703125 0,749344345703125 0,14706502734375 0,6602002890625 0,16083820703125 0,70204462890625 0,364593326171875 0,8052600390625 0,3507540703125
2 0,696330640625 0,37664094140625 0,6437329921875 0,17383726171875 0,54021962109375 0,1885510390625 0,588656724609375 0,397991564453125 0,696330640625 0,37664094140625
9 0,607911654296875 0,402781798828125 0,562206986328125 0,1936391484375 0,443872978515625 0,214179533203125 0,52999312109375 0,411689365234375 0,607911654296875 0,402781798828125
4 0,435546875 0,20703125 0,52734375 0,20703125 0,52734375 0,443359375 0,435546875 0,443359375
44 0,09375 0,5390625 0,216796875 0,5390625 0,216796875 0,6875 0,09375 0,6875
44 0,162109375 0,5390625 0,27734375 0,5390625 0,27734375 0,6796875 0,162109375 0,6796875
36 0,36328125 0,5390625 0,462890625 0,5390625 0,462890625 0,65234375 0,36328125 0,65234375
44 0,22265625 0,5390625 0,345703125 0,5390625 0,345703125 0,673828125 0,22265625 0,673828125
20 0,298828125 0,5390625 0,427734375 0,5390625 0,427734375 0,662109375 0,298828125 0,662109375
18 0,784765625 0,678211805555556 0,850086805555556 0,678211805555556 0,850086805555556 0,737905092592593 0,784765625 0,737905092592593
23 0,752611400462963 0,682139756944444 0,823820891203704 0,682139756944444 0,823820891203704 0,743959780092593 0,752611400462963 0,743959780092593
29 0,722439236111111 0,688078703703704 0,791666666666667 0,688078703703704 0,791666666666667 0,747887731481482 0,722439236111111 0,747887731481482
1 0,684454571759259 0,693786168981481 0,7498046875 0,693786168981481 0,7498046875 0,755432581018519 0,684454571759259 0,755432581018519
0 0,653334780092593 0,701649305555556 0,718655960648148 0,701649305555556 0,718655960648148 0,761342592592593 0,653334780092593 0,761342592592593
3 0,623148148148148 0,706611689814815 0,690422453703704 0,706611689814815 0,690422453703704 0,766362847222222 0,623148148148148 0,766362847222222