11 0,015625 0 0,30078125 0 0,30078125 0,154296875 0,015625 0,154296875
24 0,162109375 0 0,4375 0 0,4375 0,18359375 0,162109375 0,18359375
16 0,302734375 0 0,53125 0 0,53125 0,181640625 0,302734375 0,181640625
4 0,540104166666667 0,0719618055555555 0,6828125 0,0719618055555555 0,6828125 0,253993055555556 0,540104166666667 0,253993055555556
3 0,620377604166667 0,0874348958333334 0,779231770833333 0,0874348958333334 0,779231770833333 0,277625868055556 0,620377604166667 0,277625868055556
2 0,719075520833333 0,115690104166667 0,8720703125 0,115690104166667 0,8720703125 0,305750868055556 0,719075520833333 0,305750868055556
8 0,2552734375 0,529709201388889 0,3962890625 0,529709201388889 0,3962890625 0,715603298611111 0,2552734375 0,715603298611111
20 0 0,47265625 0,072265625 0,47265625 0,072265625 0,65625 0 0,65625
4 0,179947916666667 0,514583333333333 0,329427083333333 0,514583333333333 0,329427083333333 0,710416666666667 0,179947916666667 0,710416666666667
2 0,0999999999999999 0,503472222222222 0,257552083333333 0,503472222222222 0,257552083333333 0,703385416666667 0,0999999999999999 0,703385416666667
43 0,00703125000000004 0,487977430555556 0,161848958333333 0,487977430555556 0,161848958333333 0,676128472222222 0,00703125000000004 0,676128472222222
27 0,533749498046875 0,529310361328125 0,5068359375 0,527257234375 0,5068359375 0,82696158203125 0,53220515234375 0,830909048828125 0,510100015625 0,707839482421875 0,59080421875 0,600076880859375 0,533749498046875 0,529310361328125
0 0,71960277734375 0,867685126953125 0,764784513671875 0,587798181640625 0,62141469140625 0,54871229296875 0,578622259765625 0,83609733203125 0,71960277734375 0,867685126953125
1 0,8436123203125 0,892058427734375 0,874530974609375 0,597187904296875 0,75858804296875 0,58928350390625 0,70649690234375 0,86415492578125 0,8436123203125 0,892058427734375
4 1 0,620131185546875 0,890850384765625 0,6079274921875 0,8310794765625 0,89596738671875 0,9726195703125 0,927554783203125 1 0,792905802734375 1 0,620131185546875