1 0,1484375 0,390625 0,328125 0,390625 0,328125 0,439453125 0,1484375 0,439453125
2 0,26953125 0,37890625 0,45703125 0,37890625 0,45703125 0,439453125 0,26953125 0,439453125
3 0,392578125 0,3671875 0,568359375 0,3671875 0,568359375 0,439453125 0,392578125 0,439453125
27 0,708306130859375 0 0,68647026171875 0,049331458984375 0,824368091796875 0,108735689453125 0,8708918203125 0 0,708306130859375 0
22 0,858083884765625 0 0,80950334375 0,107045103515625 0,940822853515625 0,168583640625 1 0,0574588359375 1 0 0,858083884765625 0
35 0,270963541666667 0,6982421875 0,3390625 0,6982421875 0,3390625 0,7822265625 0,270963541666667 0,7822265625
27 0,3068359375 0,6943359375 0,375065104166667 0,6943359375 0,375065104166667 0,7802734375 0,3068359375 0,7802734375
22 0,342708333333333 0,6904296875 0,408854166666667 0,6904296875 0,408854166666667 0,7744140625 0,342708333333333 0,7744140625
4 0,389192708333333 0,6845703125 0,457421875 0,6845703125 0,457421875 0,7705078125 0,389192708333333 0,7705078125
0 0,424153645833333 0,681640625 0,4923828125 0,681640625 0,4923828125 0,767578125 0,424153645833333 0,767578125
8 0,460026041666667 0,677734375 0,528385416666667 0,677734375 0,528385416666667 0,765625 0,460026041666667 0,765625
37 0,548828125 0,439453125 0,548828125 0,836560599609375 0,646345451171875 0,84764454296875 0,65548114453125 0,439453125 0,548828125 0,439453125
8 0,6585506015625 0,439453125 0,6868030859375 0,85942428125 0,82900062109375 0,877903189453125 0,815826533203125 0,439453125 0,6585506015625 0,439453125
8 0,80256805078125 0,439453125 0,822034203125 0,873301021484375 0,9712127890625 0,89494691796875 0,956736978515625 0,439453125 0,80256805078125 0,439453125
9 1 0,4574182421875 0,91449000390625 0,4511448984375 0,94566989453125 0,897885861328125 1 0,904682841796875 1 0,4574182421875