12 0 0,00390625 0,0859375 0,00390625 0,0859375 0,125 0 0,125
34 0,060546875 0,00390625 0,220703125 0,00390625 0,220703125 0,12890625 0,060546875 0,12890625
24 0,1953125 0,00390625 0,361328125 0,00390625 0,361328125 0,13671875 0,1953125 0,13671875
2 0,38671875 0,00390625 0,513671875 0,00390625 0,513671875 0,154296875 0,38671875 0,154296875
10 0 0,3671875 0,083984375 0,3671875 0,083984375 0,564453125 0 0,564453125
34 0,044921875 0,373046875 0,212890625 0,373046875 0,212890625 0,564453125 0,044921875 0,564453125
25 0,177734375 0,376953125 0,33984375 0,376953125 0,33984375 0,564453125 0,177734375 0,564453125
7 0,396484375 0,388671875 0,513671875 0,388671875 0,513671875 0,564453125 0,396484375 0,564453125
25 0,486328125 0,2421875 0,63671875 0,2421875 0,63671875 0,564453125 0,486328125 0,564453125
20 0,59375 0,251953125 0,767578125 0,251953125 0,767578125 0,564453125 0,59375 0,564453125
0 0,76953125 0,25390625 0,947265625 0,25390625 0,947265625 0,564453125 0,76953125 0,564453125
4 0,90625 0,259765625 1 0,259765625 1 0,564453125 0,90625 0,564453125
22 0 0,740579728515625 0,086607603515625 0,739702412109375 0,087242595703125 0,572265625 0 0,572265625 0 0,740579728515625
16 0,061144455078125 0,572265625 0,057264779296875 0,73963445703125 0,194419765625 0,742102130859375 0,20509629296875 0,572265625 0,061144455078125 0,572265625
6 0,235112732421875 0,572265625 0,221158064453125 0,738457984375 0,3469846328125 0,74317676953125 0,372526552734375 0,572265625 0,235112732421875 0,572265625
5 0,35243603125 0,572265625 0,324231951171875 0,7521834296875 0,458334447265625 0,760211916015625 0,48842442578125 0,572265625 0,35243603125 0,572265625
0 0,513671875 0,572265625 0,476689177734375 0,572265625 0,42622360546875 0,76401934765625 0,513671875 0,765903353515625 0,513671875 0,572265625