32 0,378971354166667 0,154947916666667 0,496809895833333 0,154947916666667 0,496809895833333 0,395182291666667 0,378971354166667 0,395182291666667
32 0,297873263888889 0,148567708333333 0,416970486111111 0,148567708333333 0,416970486111111 0,373307291666667 0,297873263888889 0,373307291666667
10 0,220290798611111 0,133658854166667 0,329622395833333 0,133658854166667 0,329622395833333 0,357747395833333 0,220290798611111 0,357747395833333
4 0,115451388888889 0,118880208333333 0,21875 0,118880208333333 0,21875 0,338671875 0,115451388888889 0,338671875
8 0,0321831597222222 0,107486979166667 0,149066840277778 0,107486979166667 0,149066840277778 0,326236979166667 0,0321831597222222 0,326236979166667
4 0 0,09375 0,064453125 0,09375 0,064453125 0,314453125 0 0,314453125
28 0,943033854166667 0,530924479166667 0,991818576388889 0,530924479166667 0,991818576388889 0,575716145833333 0,943033854166667 0,575716145833333
15 0,920616319444444 0,530403645833333 0,965494791666667 0,530403645833333 0,965494791666667 0,574934895833333 0,920616319444444 0,574934895833333
29 0,897135416666667 0,527864583333333 0,942013888888889 0,527864583333333 0,942013888888889 0,572395833333333 0,897135416666667 0,572395833333333
2 0,860026041666667 0,525390625 0,906944444444444 0,525390625 0,906944444444444 0,572005208333333 0,860026041666667 0,572005208333333
5 0,834635416666667 0,523697916666667 0,881553819444444 0,523697916666667 0,881553819444444 0,5703125 0,834635416666667 0,5703125
13 0,811241319444444 0,523111979166667 0,858159722222222 0,523111979166667 0,858159722222222 0,5697265625 0,811241319444444 0,5697265625