12 0,470703125 0 0,677734375 0 0,677734375 0,33203125 0,470703125 0,33203125
35 0,33203125 0 0,59375 0 0,59375 0,33203125 0,33203125 0,33203125
27 0,203125 0 0,453125 0 0,453125 0,328125 0,203125 0,328125
2 0,009765625 0 0,271484375 0 0,271484375 0,3046875 0,009765625 0,3046875
6 0 0 0,12890625 0 0,12890625 0,2734375 0 0,2734375
18 0,491399016203704 0,494661458333333 0,606213831018519 0,494661458333333 0,606213831018519 0,647019675925926 0,491399016203704 0,647019675925926
33 0,431727430555555 0,490943287037037 0,554152199074074 0,490943287037037 0,554152199074074 0,639626736111111 0,431727430555555 0,639626736111111
14 0,371701388888889 0,480389178240741 0,492274305555556 0,480389178240741 0,492274305555556 0,630967881944444 0,371701388888889 0,630967881944444
1 0,298408564814815 0,477242476851852 0,412919560185185 0,477242476851852 0,412919560185185 0,623741319444444 0,298408564814815 0,623741319444444
3 0,235452835648148 0,4666015625 0,360033275462963 0,4666015625 0,360033275462963 0,619249131944444 0,235452835648148 0,619249131944444
7 0,179535590277778 0,460069444444444 0,295999710648148 0,460069444444444 0,295999710648148 0,606626157407407 0,179535590277778 0,606626157407407
13 0,943789986328125 0,658540001953125 0,9783233515625 0,52055080859375 0,876200421875 0,512430609375 0,8507016484375 0,64582180078125 0,943789986328125 0,658540001953125
10 0,88331055078125 0,65176911328125 0,897490630859375 0,509978462890625 0,81550541796875 0,499045623046875 0,78392141796875 0,63772827734375 0,88331055078125 0,65176911328125
10 0,819376986328125 0,6404831171875 0,834834384765625 0,49939376953125 0,75758746484375 0,489888095703125 0,717754623046875 0,62689768359375 0,819376986328125 0,6404831171875
6 0,6376953125 0,615086298828125 0,7288584921875 0,6253205078125 0,746616388671875 0,48308441015625 0,6376953125 0,4705609140625 0,6376953125 0,615086298828125