20 0,2919921875 0,12109375 0,4248046875 0,12109375 0,4248046875 0,3984375 0,2919921875 0,3984375
23 0,17318431712963 0,114518229166667 0,322547743055556 0,114518229166667 0,322547743055556 0,402018229166667 0,17318431712963 0,402018229166667
5 0,0329065393518518 0,111002604166667 0,176873553240741 0,111002604166667 0,176873553240741 0,405924479166667 0,0329065393518518 0,405924479166667
4 0 0,11328125 0,06640625 0,11328125 0,06640625 0,412109375 0 0,412109375
12 0,4150390625 0 0,6708984375 0 0,6708984375 0,048828125 0,4150390625 0,048828125
40 0,415162037037037 0,0295572916666667 0,673365162037037 0,0295572916666667 0,673365162037037 0,151171875 0,415162037037037 0,151171875
31 0,434852430555556 0,13203125 0,681452546296296 0,13203125 0,681452546296296 0,254817708333333 0,434852430555556 0,254817708333333
2 0,441232638888889 0,272526041666667 0,69771412037037 0,272526041666667 0,69771412037037 0,397916666666667 0,441232638888889 0,397916666666667
5 0,4404296875 0,373046875 0,7177734375 0,373046875 0,7177734375 0,439453125 0,4404296875 0,439453125
35 0,2919921875 0,4765625 0,4248046875 0,4765625 0,4248046875 0,927734375 0,2919921875 0,927734375
27 0,16353443287037 0,469661458333333 0,342267071759259 0,469661458333333 0,342267071759259 0,924479166666667 0,16353443287037 0,924479166666667
2 0 0,462890625 0,16015625 0,462890625 0,16015625 0,912109375 0 0,912109375
39 0,896484375 0,552734375 1 0,552734375 1 0,798828125 0,896484375 0,798828125
0 0,747800925925926 0,5580078125 0,888179976851852 0,5580078125 0,888179976851852 0,7923828125 0,747800925925926 0,7923828125
8 0,646296296296296 0,552213541666667 0,777372685185185 0,552213541666667 0,777372685185185 0,79375 0,646296296296296 0,79375
8 0,543988715277778 0,549283854166667 0,67748119212963 0,549283854166667 0,67748119212963 0,798763020833333 0,543988715277778 0,798763020833333