3 0,4384765625 0,072265625 0,5244140625 0,072265625 0,5244140625 0,33203125 0,4384765625 0,33203125
27 0,29681712962963 0,0880859374999999 0,38872974537037 0,0880859374999999 0,38872974537037 0,369162326388889 0,29681712962963 0,369162326388889
4 0,206944444444444 0,0821831597222222 0,292809606481481 0,0821831597222222 0,292809606481481 0,337738715277778 0,206944444444444 0,337738715277778
2 0,134642650462963 0,0756944444444444 0,224500868055556 0,0756944444444444 0,224500868055556 0,343055555555556 0,134642650462963 0,343055555555556
4 0,0662760416666667 0,0731987847222222 0,152213541666667 0,0731987847222222 0,152213541666667 0,338519965277778 0,0662760416666667 0,338519965277778
2 0 0,0703125 0,080078125 0,0703125 0,080078125 0,341796875 0 0,341796875
1 0,7919921875 0 0,9306640625 0 0,9306640625 0,11328125 0,7919921875 0,11328125
1 0,6708984375 0 0,7919921875 0 0,7919921875 0,115234375 0,6708984375 0,115234375
9 0,5361328125 0 0,6748046875 0 0,6748046875 0,125 0,5361328125 0,125
0 0 0,720703125 0,103515625 0,720703125 0,103515625 1 0 1
22 0,1240234375 0,72265625 0,2880859375 0,72265625 0,2880859375 1 0,1240234375 1
0 0,4111328125 0,734375 0,5244140625 0,734375 0,5244140625 1 0,4111328125 1
38 0,2626953125 0,72265625 0,4306640625 0,72265625 0,4306640625 1 0,2626953125 1
10 0,803696469907407 0,731380208333333 0,83138744212963 0,731380208333333 0,83138744212963 0,778645833333333 0,803696469907407 0,778645833333333
33 0,784157986111111 0,729969618055556 0,813802083333333 0,729969618055556 0,813802083333333 0,777278645833333 0,784157986111111 0,777278645833333
22 0,764626736111111 0,729535590277778 0,794270833333333 0,729535590277778 0,794270833333333 0,776844618055555 0,764626736111111 0,776844618055555
6 0,739236111111111 0,728971354166667 0,768865740740741 0,728971354166667 0,768865740740741 0,774327256944444 0,739236111111111 0,774327256944444
6 0,699189814814815 0,727105034722222 0,728833912037037 0,727105034722222 0,728833912037037 0,7744140625 0,699189814814815 0,7744140625
5 0,719697627314815 0,727560763888889 0,749341724537037 0,727560763888889 0,749341724537037 0,774869791666667 0,719697627314815 0,774869791666667