19 0 0,54296875 0,0546875 0,54296875 0,0546875 0,60546875 0 0,60546875
23 0 0,537109375 0,033203125 0,537109375 0,033203125 0,599609375 0 0,599609375
35 0,849103009259259 0,388519965277778 0,964409722222222 0,388519965277778 0,964409722222222 0,527669270833333 0,849103009259259 0,527669270833333
16 0,79955150462963 0,379398148148148 0,910517939814815 0,379398148148148 0,910517939814815 0,512572337962963 0,79955150462963 0,512572337962963
24 0,745876736111111 0,365393518518519 0,856987847222222 0,365393518518519 0,856987847222222 0,500520833333333 0,745876736111111 0,500520833333333
4 0,674913194444444 0,350014467592593 0,784071180555556 0,350014467592593 0,784071180555556 0,485083912037037 0,674913194444444 0,485083912037037
4 0,622142650462963 0,338910590277778 0,731300636574074 0,338910590277778 0,731300636574074 0,473980034722222 0,622142650462963 0,473980034722222
4 0,568250868055556 0,329730902777778 0,679361979166667 0,329730902777778 0,679361979166667 0,464858217592593 0,568250868055556 0,464858217592593
2 0,54437188671875 1 0,55650444921875 0,967773279296875 0,48557064453125 0,934819234375 0,458096501953125 1 0,54437188671875 1
0 0,472178822265625 1 0,5030168359375 0,927460041015625 0,43640003515625 0,894761349609375 0,397636634765625 1 0,472178822265625 1
2 0,40955248828125 1 0,449042833984375 0,893592009765625 0,386315625 0,856366720703125 0,3332573671875 1 0,40955248828125 1