29 0,16552734375 0,18310546875 0,27197265625 0,18310546875 0,27197265625 0,38330078125 0,16552734375 0,38330078125
35 0,27392578125 0,1865234375 0,38037109375 0,1865234375 0,38037109375 0,3837890625 0,27392578125 0,3837890625
24 0,38232421875 0,19189453125 0,49072265625 0,19189453125 0,49072265625 0,39208984375 0,38232421875 0,39208984375
5 0,533203125 0,19921875 0,638671875 0,19921875 0,638671875 0,390625 0,533203125 0,390625
8 0,638671875 0,1982421875 0,744140625 0,1982421875 0,744140625 0,3955078125 0,638671875 0,3955078125
8 0,74609375 0,20849609375 0,84375 0,20849609375 0,84375 0,39697265625 0,74609375 0,39697265625
29 0,1640625 0,56640625 0,26953125 0,56640625 0,26953125 0,763671875 0,1640625 0,763671875
35 0,2705078125 0,56982421875 0,3759765625 0,56982421875 0,3759765625 0,76416015625 0,2705078125 0,76416015625
24 0,37451171875 0,57373046875 0,47900390625 0,57373046875 0,47900390625 0,76416015625 0,37451171875 0,76416015625
5 0,521484375 0,57763671875 0,630859375 0,57763671875 0,630859375 0,76416015625 0,521484375 0,76416015625
8 0,62890625 0,578125 0,73046875 0,578125 0,73046875 0,783203125 0,62890625 0,783203125
8 0,734375 0,5791015625 0,83203125 0,5791015625 0,83203125 0,7763671875 0,734375 0,7763671875