12 0,01708984375 0,15625 0,08837890625 0,15625 0,08837890625 0,396484375 0,01708984375 0,396484375
34 0,08544921875 0,14453125 0,15283203125 0,14453125 0,15283203125 0,390625 0,08544921875 0,390625
24 0,1513671875 0,14453125 0,2197265625 0,14453125 0,2197265625 0,380859375 0,1513671875 0,380859375
2 0,24267578125 0,13037109375 0,31591796875 0,13037109375 0,31591796875 0,37548828125 0,24267578125 0,37548828125
9 0,3115234375 0,12353515625 0,3798828125 0,12353515625 0,3798828125 0,36279296875 0,3115234375 0,36279296875
3 0,37744140625 0,10546875 0,45458984375 0,10546875 0,45458984375 0,361328125 0,37744140625 0,361328125
31 0,04638671875 0,626953125 0,11962890625 0,626953125 0,11962890625 0,873046875 0,04638671875 0,873046875
12 0,1201171875 0,6259765625 0,1865234375 0,6259765625 0,1865234375 0,8759765625 0,1201171875 0,8759765625
14 0,18115234375 0,61572265625 0,25634765625 0,61572265625 0,25634765625 0,86865234375 0,18115234375 0,86865234375
4 0,2841796875 0,609375 0,3486328125 0,609375 0,3486328125 0,87109375 0,2841796875 0,87109375
2 0,349609375 0,611328125 0,423828125 0,611328125 0,423828125 0,873046875 0,349609375 0,873046875
6 0,42333984375 0,60205078125 0,49462890625 0,60205078125 0,49462890625 0,85498046875 0,42333984375 0,85498046875
10 0,53955078125 0,64013671875 0,60302734375 0,64013671875 0,60302734375 0,88330078125 0,53955078125 0,88330078125
34 0,59912109375 0,63818359375 0,66259765625 0,63818359375 0,66259765625 0,88134765625 0,59912109375 0,88134765625
25 0,6640625 0,63427734375 0,73046875 0,63427734375 0,73046875 0,88720703125 0,6640625 0,88720703125
7 0,76806640625 0,62890625 0,84521484375 0,62890625 0,84521484375 0,888671875 0,76806640625 0,888671875
1 0,84423828125 0,63427734375 0,90380859375 0,63427734375 0,90380859375 0,88916015625 0,84423828125 0,88916015625
10 0,900390625 0,63818359375 0,974609375 0,63818359375 0,974609375 0,88720703125 0,900390625 0,88720703125
27 0,52197265625 0,1259765625 0,59716796875 0,1259765625 0,59716796875 0,4033203125 0,52197265625 0,4033203125
4 0,61767578125 0,12353515625 0,68701171875 0,12353515625 0,68701171875 0,37646484375 0,61767578125 0,37646484375
2 0,685546875 0,11962890625 0,759765625 0,11962890625 0,759765625 0,38427734375 0,685546875 0,38427734375
4 0,75830078125 0,11962890625 0,82763671875 0,11962890625 0,82763671875 0,38232421875 0,75830078125 0,38232421875
2 0,8271484375 0,12109375 0,9013671875 0,12109375 0,9013671875 0,388671875 0,8271484375 0,388671875
7 0,89892578125 0,1240234375 0,97021484375 0,1240234375 0,97021484375 0,3818359375 0,89892578125 0,3818359375