31 0,162550853515625 0,27063361328125 0,21482341015625 0,272662423828125 0,21556352734375 0,12093747265625 0,16050976171875 0,12012624609375 0,162550853515625 0,27063361328125
30 0,208174939453125 0,12135767578125 0,211294951171875 0,260767208984375 0,2616998828125 0,255239931640625 0,264487525390625 0,11524123828125 0,208174939453125 0,12135767578125
28 0,309051068359375 0,248970736328125 0,30724064453125 0,1096477421875 0,257416443359375 0,11457114453125 0,255080494140625 0,25396974609375 0,309051068359375 0,248970736328125
1 0,3638239609375 0,246651357421875 0,35579794140625 0,110427470703125 0,3157804765625 0,112835689453125 0,31722726953125 0,248586919921875 0,3638239609375 0,246651357421875
2 0,40234375 0,24202815625 0,40234375 0,12993780859375 0,4005783828125 0,1071840234375 0,354766337890625 0,1126000390625 0,356303990234375 0,24425809375 0,40234375 0,24202815625
11 0,425745081018518 0,490972222222222 0,460973668981482 0,490972222222222 0,460973668981482 0,52845775462963 0,425745081018518 0,52845775462963
13 0,448256655092593 0,488375289351852 0,483586516203704 0,488375289351852 0,483586516203704 0,527813946759259 0,448256655092593 0,527813946759259
21 0,471795428240741 0,486769386574074 0,507125289351852 0,486769386574074 0,507125289351852 0,526208043981481 0,471795428240741 0,526208043981481
1 0,505150462962963 0,484331597222222 0,536574074074074 0,484331597222222 0,536574074074074 0,523712384259259 0,505150462962963 0,523712384259259
0 0,524681712962963 0,484620949074074 0,561964699074074 0,484620949074074 0,561964699074074 0,524088541666667 0,524681712962963 0,524088541666667
4 0,552025462962963 0,483072916666667 0,585503472222222 0,483072916666667 0,585503472222222 0,524435763888889 0,552025462962963 0,524435763888889
30 0 0,724954634765625 0,0501440625 0,7101313359375 0,048918544921875 0,6494140625 0 0,6494140625 0 0,724954634765625
26 0,047516490234375 0,6494140625 0,050106189453125 0,702224240234375 0,117524658203125 0,68109046484375 0,11770443359375 0,6494140625 0,047516490234375 0,6494140625
32 0,39453125 0,6494140625 0,39453125 0,9990234375 0,519992103515625 0,9990234375 0,504234970703125 0,6494140625 0,39453125 0,6494140625
5 0,53226473046875 0,6494140625 0,565616072265625 0,9911179140625 0,7132393125 0,961475095703125 0,698323546875 0,6494140625 0,53226473046875 0,6494140625
8 0,688014662109375 0,6494140625 0,712255509765625 0,9640334296875 0,8473300546875 0,934660408203125 0,820953294921875 0,6494140625 0,688014662109375 0,6494140625
9 0,813598625 0,6494140625 0,8302480234375 0,941778744140625 0,975229576171875 0,93761776171875 0,96335259375 0,6494140625 0,813598625 0,6494140625