37 0 0 0,205078125 0 0,205078125 0,369140625 0 0,369140625
8 0,197265625 0,072265625 0,40234375 0,072265625 0,40234375 0,369140625 0,197265625 0,369140625
8 0,353515625 0,083984375 0,529296875 0,083984375 0,529296875 0,369140625 0,353515625 0,369140625
8 0,48828125 0,107421875 0,55859375 0,107421875 0,55859375 0,369140625 0,48828125 0,369140625
1 0,58319440625 0 0,57095175 0,173361751953125 0,65819419140625 0,1783436484375 0,67383916796875 0 0,58319440625 0
0 0,674079849609375 0 0,65899888671875 0,18279418359375 0,74765262890625 0,208144208984375 0,785626431640625 0 0,674079849609375 0
4 0,781482259765625 0 0,74925908203125 0,19692158984375 0,838313021484375 0,20940373046875 0,8640250859375 0 0,781482259765625 0
20 0,158962673611111 0,439388020833333 0,283890335648148 0,439388020833333 0,283890335648148 0,656184895833333 0,158962673611111 0,656184895833333
30 0,254267939814815 0,464322916666667 0,384765625 0,464322916666667 0,384765625 0,673697916666667 0,254267939814815 0,673697916666667
23 0,355107060185185 0,480859375 0,487919560185185 0,480859375 0,487919560185185 0,700130208333333 0,355107060185185 0,700130208333333
1 0,490234375 0,5 0,55859375 0,5 0,55859375 0,728515625 0,490234375 0,728515625
31 0,55859375 0,3984375 0,60546875 0,3984375 0,60546875 0,71484375 0,55859375 0,71484375
3 0,635959201388889 0,436783854166667 0,780128761574074 0,436783854166667 0,780128761574074 0,752278645833333 0,635959201388889 0,752278645833333
2 0,740668402777778 0,453515625 0,886212384259259 0,453515625 0,886212384259259 0,753515625 0,740668402777778 0,753515625
1 0,84447337962963 0,477083333333333 0,964699074074074 0,477083333333333 0,964699074074074 0,77734375 0,84447337962963 0,77734375