10 0,166306216796875 0,312106146484375 0,12290640234375 0,2681371953125 0,094940939453125 0,2798751875 0,1312238125 0,334532189453125 0,166306216796875 0,312106146484375
24 0,194480611328125 0,29175578515625 0,164614552734375 0,244475228515625 0,1235114765625 0,26397612109375 0,162886875 0,311843060546875 0,194480611328125 0,29175578515625
15 0,22066049609375 0,27264868359375 0,193832875 0,222792404296875 0,157063310546875 0,240329462890625 0,1907248671875 0,292818498046875 0,22066049609375 0,27264868359375
8 0,264903982421875 0,242943158203125 0,234435744140625 0,19747723046875 0,20323891796875 0,210417162109375 0,232649740234375 0,26161003515625 0,264903982421875 0,242943158203125
0 0,289039158203125 0,227395025390625 0,26123044140625 0,177244181640625 0,23062445703125 0,19282329296875 0,25835649609375 0,243863634765625 0,289039158203125 0,227395025390625
17 0,31223333203125 0,209995365234375 0,287732181640625 0,159232533203125 0,255962712890625 0,17550630078125 0,282786982421875 0,226155744140625 0,31223333203125 0,209995365234375
15 0,8583984375 0,4873046875 0,9091796875 0,4873046875 0,9091796875 0,5185546875 0,8583984375 0,5185546875
32 0,8955078125 0,4892578125 0,9462890625 0,4892578125 0,9462890625 0,5185546875 0,8955078125 0,5185546875
34 0,9326171875 0,4892578125 0,9833984375 0,4892578125 0,9833984375 0,5185546875 0,9326171875 0,5185546875
10 0,2197265625 0,5205078125 0,3544921875 0,5205078125 0,3544921875 0,7060546875 0,2197265625 0,7060546875
16 0,3310546875 0,5205078125 0,4853515625 0,5205078125 0,4853515625 0,7041015625 0,3310546875 0,7041015625
5 0,4794921875 0,5205078125 0,5439453125 0,5205078125 0,5439453125 0,7001953125 0,4794921875 0,7001953125
23 0,08866583203125 0,5205078125 0,09982752734375 0,71699103515625 0,229779375 0,71432086328125 0,232830296875 0,5205078125 0,08866583203125 0,5205078125
17 1 0,712651703125 0,9873041796875 0,710886748046875 0,963463802734375 0,7780860234375 1 0,782911703125 1 0,712651703125
0 0,93290191015625 0,703056421875 0,91469711328125 0,76944498828125 0,968696669921875 0,77886685546875 0,99076334375 0,71113230078125 0,93290191015625 0,703056421875
8 0,887963486328125 0,69712665234375 0,863973095703125 0,760632076171875 0,919952685546875 0,769137876953125 0,939764642578125 0,7039457265625 0,887963486328125 0,69712665234375
15 0,8125063984375 0,68600041796875 0,794043193359375 0,749367228515625 0,83959090234375 0,755652998046875 0,866894583984375 0,6938307578125 0,8125063984375 0,68600041796875
24 0,765752193359375 0,679312794921875 0,751750076171875 0,74161693359375 0,801530923828125 0,74920169140625 0,819630482421875 0,6858586875 0,765752193359375 0,679312794921875
10 0,726760912109375 0,67210365234375 0,70883884375 0,733363416015625 0,759008947265625 0,742621376953125 0,77271005859375 0,678781125 0,726760912109375 0,67210365234375