14 0 0,4739483984375 0,0038069296875 0,484916814453125 0,053991794921875 0,479820564453125 0,038849314453125 0,43288448828125 0 0,438236970703125 0 0,4739483984375
17 0,094441318359375 0,47194299609375 0,08415198828125 0,428316685546875 0,031489451171875 0,43326959765625 0,0433479453125 0,480650451171875 0,094441318359375 0,47194299609375
0 0,159481345703125 0,460314533203125 0,143088833984375 0,4199202734375 0,09689085546875 0,425140572265625 0,106531982421875 0,466522779296875 0,159481345703125 0,460314533203125
1 0,195248443359375 0,458554076171875 0,175597158203125 0,413893669921875 0,136712615234375 0,419799595703125 0,150079337890625 0,46158527734375 0,195248443359375 0,458554076171875
17 0,236978658203125 0,449733095703125 0,21853455078125 0,40980880859375 0,170632150390625 0,416436078125 0,186973556640625 0,459721076171875 0,236978658203125 0,449733095703125
15 0,676977740234375 0,42086641796875 0,7004364921875 0,4137040546875 0,705699330078125 0,358517388671875 0,670442189453125 0,367835765625 0,676977740234375 0,42086641796875
10 0,693181482421875 0,36172370703125 0,693771005859375 0,36208640234375 0,691720333984375 0,413748552734375 0,7261894921875 0,4053335546875 0,7174768046875 0,355738419921875 0,693181482421875 0,36172370703125
33 0,72017548828125 0,405200064453125 0,746430810546875 0,398222408203125 0,745078041015625 0,34682723828125 0,71101036328125 0,35605662109375 0,72017548828125 0,405200064453125
0 0,740290541015625 0,34470900390625 0,73969658203125 0,34434630859375 0,7466929296875 0,392853357421875 0,7735268046875 0,38791166015625 0,771101759765625 0,338641443359375 0,740290541015625 0,34470900390625
9 0,76206467578125 0,339455828125 0,7626823984375 0,3398185234375 0,764461669921875 0,386282892578125 0,7929658828125 0,381296697265625 0,792213619140625 0,331485798828125 0,76206467578125 0,339455828125
2 0,783532546875 0,381748384765625 0,813686732421875 0,37617701171875 0,809975751953125 0,325367021484375 0,781109763671875 0,3332925546875 0,783532546875 0,381748384765625
9 0,25579108984375 0,599609375 0,258071240234375 0,69755224609375 0,346054134765625 0,7424523515625 0,368226279296875 0,599609375 0,25579108984375 0,599609375
9 0,367180068359375 0,599609375 0,357843486328125 0,754365546875 0,482286525390625 0,790211431640625 0,5113632109375 0,599609375 0,367180068359375 0,599609375
8 0,7162309921875 0,599609375 0,613803693359375 0,599609375 0,5341796875 0,63777619140625 0,5341796875 0,754849984375 0,74893525 0,647753326171875 0,7162309921875 0,599609375
2 0,5341796875 0,90428166015625 0,797268900390625 0,75974413671875 0,750058060546875 0,655257203125 0,5341796875 0,76606521875 0,5341796875 0,90428166015625
23 0,7056284765625 1 0,875957728515625 0,91793571875 0,801903126953125 0,80330622265625 0,5341796875 0,928208923828125 0,5341796875 1 0,7056284765625 1
52 0,897743400390625 1 0,852683568359375 0,90982166796875 0,687197611328125 1 0,897743400390625 1