30 0,767578125 0 0,837890625 0 0,837890625 0,08984375 0,767578125 0,08984375
29 0,806640625 0 0,87890625 0 0,87890625 0,087890625 0,806640625 0,087890625
30 0,849609375 0 0,923828125 0 0,923828125 0,083984375 0,849609375 0,083984375
9 0,91015625 0 0,98046875 0 0,98046875 0,080078125 0,91015625 0,080078125
4 0,951171875 0 1 0 1 0,080078125 0,951171875 0,080078125
7 0,386038773148148 0,528797743055556 0,51400462962963 0,528797743055556 0,51400462962963 0,672142650462963 0,386038773148148 0,672142650462963
2 0,292201967592593 0,53334056712963 0,428038194444444 0,53334056712963 0,428038194444444 0,684555844907407 0,292201967592593 0,684555844907407
36 0,0230613425925926 0,548198784722222 0,135951967592593 0,548198784722222 0,135951967592593 0,765646701388889 0,0230613425925926 0,765646701388889
25 0,0952763310185185 0,548538773148148 0,221882233796296 0,548538773148148 0,221882233796296 0,771947337962963 0,0952763310185185 0,771947337962963
25 0,178342013888889 0,534208622685185 0,310850694444444 0,534208622685185 0,310850694444444 0,763519965277778 0,178342013888889 0,763519965277778
8 0,4765625 0,5224609375 0,541015625 0,5224609375 0,541015625 0,7607421875 0,4765625 0,7607421875
27 0,517578125 0,5126953125 0,62890625 0,5126953125 0,62890625 0,7783203125 0,517578125 0,7783203125
35 0,588187210648148 0,500983796296296 0,734729456018519 0,500983796296296 0,734729456018519 0,779224537037037 0,588187210648148 0,779224537037037
6 0,730844907407407 0,498936631944444 0,879267939814815 0,498936631944444 0,879267939814815 0,767426215277778 0,730844907407407 0,767426215277778
3 0,834346064814815 0,494234664351852 0,98671875 0,494234664351852 0,98671875 0,76861255787037 0,834346064814815 0,76861255787037
9 0,939453125 0,49609375 1 0,49609375 1 0,771484375 0,939453125 0,771484375