0 0,562425626953125 0,13289543359375 0,526322212890625 0,123084986328125 0,50367722265625 0,170535333984375 0,53670487109375 0,18066553125 0,562425626953125 0,13289543359375
27 0,539605224609375 0,124093296875 0,50368375390625 0,115856408203125 0,480524634765625 0,163168337890625 0,51149323828125 0,17846525 0,539605224609375 0,124093296875
18 0,51562534765625 0,116411373046875 0,4824462734375 0,107840849609375 0,459304509765625 0,155319064453125 0,49060684765625 0,165124583984375 0,51562534765625 0,116411373046875
1 0,483148986328125 0,10466427734375 0,45003030078125 0,097044900390625 0,423947650390625 0,14326946484375 0,456111068359375 0,15075558203125 0,483148986328125 0,10466427734375
3 0,4595556015625 0,096866427734375 0,422832259765625 0,0862087890625 0,400354265625 0,135152041015625 0,433653138671875 0,143848693359375 0,4595556015625 0,096866427734375
16 0,4355214140625 0,0877552265625 0,403051521484375 0,076263095703125 0,37618720703125 0,126523427734375 0,410385533203125 0,137144767578125 0,4355214140625 0,0877552265625
20 1 0,223646921875 0,971092001953125 0,22020548828125 0,94721171875 0,3028555390625 0,9986226484375 0,30884496484375 1 0,30363749609375 1 0,223646921875
32 0,95904935546875 0,304985900390625 0,98138687109375 0,222189626953125 0,93182484765625 0,21631251171875 0,915376783203125 0,30018028125 0,95904935546875 0,304985900390625
3 0,9151529609375 0,29950241796875 0,933002638671875 0,21763341796875 0,880765306640625 0,211325916015625 0,866081111328125 0,292858494140625 0,9151529609375 0,29950241796875
2 0,881342564453125 0,296750470703125 0,896740275390625 0,214017255859375 0,84791579296875 0,20846988671875 0,83027634375 0,290628630859375 0,881342564453125 0,296750470703125
6 0,808720919921875 0,204368615234375 0,795827708984375 0,287795544921875 0,845371591796875 0,29159034765625 0,86153412890625 0,2062747890625 0,808720919921875 0,204368615234375
22 0,50390625 0,5810546875 0,609375 0,5810546875 0,609375 0,9365234375 0,50390625 0,9365234375
3 0,321506076388889 0,546592881944445 0,557877604166667 0,546592881944445 0,557877604166667 0,915256076388889 0,321506076388889 0,915256076388889
1 0,197265625 0,5166015625 0,419921875 0,5166015625 0,419921875 0,8955078125 0,197265625 0,8955078125
3 0,0390625 0,5166015625 0,291015625 0,5166015625 0,291015625 0,8662109375 0,0390625 0,8662109375
1 1 0,619299603515625 0,968549580078125 0,612229609375 0,846593146484375 0,900578388671875 0,952975537109375 0,92141660546875 1 0,812379720703125 1 0,619299603515625
2 0,963728935546875 0,6155176796875 0,82698416015625 0,58857863671875 0,713983919921875 0,883525595703125 0,840147083984375 0,913318123046875 0,963728935546875 0,6155176796875
42 0,668844279296875 0,553428505859375 0,58984375 0,76080481640625 0,58984375 0,85530701171875 0,67286177734375 0,86737383203125 0,804651224609375 0,5846316796875 0,808221943359375 0,5836799140625 0,668844279296875 0,553428505859375