11 0,822178819444444 0,125173611111111 0,847641782407407 0,125173611111111 0,847641782407407 0,165277777777778 0,822178819444444 0,165277777777778
13 0,844487847222222 0,1232421875 0,870052083333333 0,1232421875 0,870052083333333 0,165299479166667 0,844487847222222 0,165299479166667
21 0,867874710648148 0,123307291666667 0,893438946759259 0,123307291666667 0,893438946759259 0,165364583333333 0,867874710648148 0,165364583333333
1 0,901902488425926 0,121896701388889 0,923560474537037 0,121896701388889 0,923560474537037 0,163780381944444 0,901902488425926 0,163780381944444
0 0,921484375 0,123741319444444 0,949001736111111 0,123741319444444 0,949001736111111 0,165885416666667 0,921484375 0,165885416666667
4 0,947800925925926 0,123936631944444 0,973466435185185 0,123936631944444 0,973466435185185 0,167947048611111 0,947800925925926 0,167947048611111
15 0,32364244921875 0,691738890625 0,320577208984375 0,573285318359375 0,260899521484375 0,57059017578125 0,277699328125 0,6921238828125 0,32364244921875 0,691738890625
13 0,319401041666667 0,571853298611111 0,388179976851852 0,571853298611111 0,388179976851852 0,695724826388889 0,319401041666667 0,695724826388889
28 0,587818287037037 0,532573784722222 0,688599537037037 0,532573784722222 0,688599537037037 0,747504340277778 0,587818287037037 0,747504340277778
35 0,674732349537037 0,536436631944444 0,781575520833333 0,536436631944444 0,781575520833333 0,755533854166667 0,674732349537037 0,755533854166667
23 0,767708333333333 0,544466145833333 0,872699652777778 0,544466145833333 0,872699652777778 0,7654296875 0,767708333333333 0,7654296875
4 0,89453125 0,5546875 1 0,5546875 1 0,77734375 0,89453125 0,77734375