28 0,0888932421875 0,14265825 0,115540142578125 0,14823922265625 0,155477107421875 0,12586664453125 0,12999053515625 0,1208596328125 0,130105314453125 0,120714908203125 0,12972915234375 0,1206799609375 0,0888932421875 0,14265825
15 0,100537802734375 0,144262541015625 0,146920111328125 0,12072240625 0,124584220703125 0,11510310546875 0,082303203125 0,1383814296875 0,100537802734375 0,144262541015625
29 0,115598369140625 0,111361908203125 0,073947107421875 0,13482126171875 0,096937857421875 0,13995220703125 0,13935843359375 0,11585618359375 0,115598369140625 0,111361908203125
2 0,085148515625 0,1333647890625 0,12796163671875 0,109298306640625 0,10483124609375 0,105728923828125 0,061004958984375 0,12752779296875 0,085148515625 0,1333647890625
5 0,120033453125 0,105338619140625 0,119678642578125 0,10548019921875 0,09783978515625 0,101047267578125 0,055094810546875 0,123631326171875 0,0727854375 0,12821691015625 0,120033453125 0,105338619140625
13 0,0678374921875 0,124917763671875 0,112684703125 0,10120143359375 0,090970064453125 0,09648175 0,047938322265625 0,11889818359375 0,0678374921875 0,124917763671875
24 1 0,3070725 0,995997716796875 0,306056701171875 0,897558427734375 0,488661654296875 0,9651756171875 0,50879533984375 1 0,451129330078125 1 0,3070725
21 1 0,30418128515625 0,94946828515625 0,293375857421875 0,844443294921875 0,4637317890625 0,914754921875 0,4847854375 1 0,31470878125 1 0,30418128515625
4 0,848140333984375 0,448408306640625 0,9355104140625 0,2803265859375 0,881617865234375 0,25212981640625 0,781013095703125 0,433705423828125 0,848140333984375 0,448408306640625
0 0,80242332421875 0,430721828125 0,886150677734375 0,2626365546875 0,82978544921875 0,24063076953125 0,73593109765625 0,418125880859375 0,80242332421875 0,430721828125
3 0,7521784921875 0,4135165390625 0,8443786796875 0,23962729296875 0,784914625 0,216135375 0,693406521484375 0,393875673828125 0,7521784921875 0,4135165390625
0 0,5458984375 0,642578125 0,6650390625 0,642578125 0,6650390625 0,859375 0,5458984375 0,859375
5 0,563599537037037 0,65638744212963 0,750419560185185 0,65638744212963 0,750419560185185 0,874153645833333 0,563599537037037 0,874153645833333
5 0,650159143518519 0,666399016203704 0,84849537037037 0,666399016203704 0,84849537037037 0,880345775462963 0,650159143518519 0,880345775462963
39 0,777734375 0,686161747685185 0,948017939814815 0,686161747685185 0,948017939814815 0,886234085648148 0,777734375 0,886234085648148
23 0,837890625 0,693359375 1 0,693359375 1 0,8984375 0,837890625 0,8984375
43 0,91796875 0,703125 1 0,703125 1 0,90625 0,91796875 0,90625