28 0,1235021953125 0,44921875 0,127829091796875 0,44188868359375 0,0717730390625 0,43880406640625 0,065500341796875 0,44921875 0,1235021953125 0,44921875
15 0,100634681640625 0,44921875 0,107318080078125 0,4380557265625 0,051936546875 0,43404469140625 0,04449255078125 0,44921875 0,100634681640625 0,44921875
29 0,0218875546875 0,44921875 0,07809184375 0,44921875 0,086194583984375 0,435118265625 0,0836560546875 0,43432341015625 0,030020296875 0,43121005078125 0,0218875546875 0,44921875
2 0 0,44921875 0,036763921875 0,44921875 0,053174029296875 0,431490908203125 0,002154646484375 0,426688611328125 0 0,429658974609375 0 0,44921875
5 0 0,44921875 0,005059791015625 0,44921875 0,031528423828125 0,426832041015625 0 0,42477831640625 0 0,44921875
49 0,0248480902777778 0,863736979166667 0,101063368055556 0,863736979166667 0,101063368055556 0,940646701388889 0,0248480902777778 0,940646701388889
37 0 0,865234375 0,068359375 0,865234375 0,068359375 0,939453125 0 0,939453125
42 0 0,865234375 0,0390625 0,865234375 0,0390625 0,939453125 0 0,939453125
37 0,837890625 0,646484375 1 0,646484375 1 0,9765625 0,837890625 0,9765625
50 0,716471354166667 0,6525390625 0,910308159722222 0,6525390625 0,910308159722222 0,966167534722222 0,716471354166667 0,966167534722222
51 0,58822337962963 0,650607638888889 0,777748842592593 0,650607638888889 0,777748842592593 0,956336805555556 0,58822337962963 0,956336805555556
6 0,458984375 0,654296875 0,59765625 0,654296875 0,59765625 0,970703125 0,458984375 0,970703125