19 0,234411168981482 0,276403356481482 0,282154224537037 0,276403356481482 0,282154224537037 0,343402777777778 0,234411168981482 0,343402777777778
13 0,196759259259259 0,280005787037037 0,246455439814815 0,280005787037037 0,246455439814815 0,347120949074074 0,196759259259259 0,347120949074074
31 0,161892361111111 0,281828703703704 0,209924768518519 0,281828703703704 0,209924768518519 0,352734375 0,161892361111111 0,352734375
9 0,110785590277778 0,287550636574074 0,160771122685185 0,287550636574074 0,160771122685185 0,358572048611111 0,110785590277778 0,358572048611111
7 0,0742549189814816 0,2931640625 0,124095775462963 0,2931640625 0,124095775462963 0,362232349537037 0,0742549189814816 0,362232349537037
4 0,0415581597222222 0,298032407407407 0,0876374421296297 0,298032407407407 0,0876374421296297 0,368822337962963 0,0415581597222222 0,368822337962963
23 1 0,01870970703125 0,942935134765625 0,02778452734375 1 0,252030107421875 1 0,01870970703125
25 1 0,274518427734375 0,937975623046875 0,028191884765625 0,84583540234375 0,0423717265625 0,91917160546875 0,30225329296875 1 0,287842890625 1 0,274518427734375
11 0,781429259765625 0,217341783203125 0,8190491015625 0,322965533203125 0,912453451171875 0,3079468671875 0,83844157421875 0,041509046875 0,75138101953125 0,0626168203125 0,7775450078125 0,161834771484375 0,781429259765625 0,217341783203125
4 0,768804197265625 0,330764265625 0,699531220703125 0,0764241328125 0,60585416796875 0,0833834609375 0,675247630859375 0,345060443359375 0,768804197265625 0,330764265625
6 0,66862375 0,34780789453125 0,59987855078125 0,082405880859375 0,495232775390625 0,095407912109375 0,5688432109375 0,36334869140625 0,66862375 0,34780789453125
6 0,4296875 0,10735433984375 0,4296875 0,247538318359375 0,4622243671875 0,3772477734375 0,5643446171875 0,365921578125 0,49458484375 0,09913450390625 0,4296875 0,10735433984375
18 1 0,872816705078125 0,986138505859375 0,8747785703125 1 0,91281102734375 1 0,872816705078125
6 0,9926341640625 0,92301466015625 0,97574819921875 0,881839048828125 0,958567072265625 0,885614873046875 0,977026203125 0,92873006640625 0,9926341640625 0,92301466015625
6 0,97778175390625 0,929554826171875 0,9566949140625 0,88635963671875 0,942265125 0,89079629296875 0,960686556640625 0,93509689453125 0,97778175390625 0,929554826171875
14 0,959645666015625 0,934295572265625 0,942388751953125 0,891377126953125 0,925578326171875 0,89689613671875 0,942735658203125 0,940709248046875 0,959645666015625 0,934295572265625