6 0,3828125 0,4404296875 0,46875 0,4404296875 0,46875 0,5029296875 0,3828125 0,5029296875
9 0,350130208333333 0,446028645833333 0,436588541666667 0,446028645833333 0,436588541666667 0,509440104166667 0,350130208333333 0,509440104166667
6 0,314388020833333 0,449479166666667 0,4048828125 0,449479166666667 0,4048828125 0,515104166666667 0,314388020833333 0,515104166666667
28 1 0,01110559375 0,928856845703125 0,01721979296875 1 0,215852177734375 1 0,01110559375
23 0,830078125 0,005859375 1 0,005859375 1 0,240234375 0,830078125 0,240234375
16 0,745703125 0,0259765625 0,922395833333333 0,0259765625 0,922395833333333 0,2470703125 0,745703125 0,2470703125
5 0,628645833333333 0,0347005208333333 0,801302083333333 0,0347005208333333 0,801302083333333 0,253580729166667 0,628645833333333 0,253580729166667
0 0,54375 0,0445963541666666 0,71875 0,0445963541666666 0,71875 0,269466145833333 0,54375 0,269466145833333
8 0,464192708333333 0,0616536458333333 0,632682291666667 0,0616536458333333 0,632682291666667 0,2763671875 0,464192708333333 0,2763671875
11 1 0,5927734375 0,98367223828125 0,5927734375 0,887923966796875 0,60399754296875 0,9522796171875 0,904000576171875 1 0,901786443359375 1 0,5927734375
26 0,71663803515625 0,620046541015625 0,81452487890625 0,92881875 0,969864283203125 0,90749925390625 0,9111715625 0,602111734375 0,908772328125 0,6023329296875 0,71663803515625 0,620046541015625
5 0,693947244140625 0,614442751953125 0,5047448671875 0,636374828125 0,630636494140625 0,95521909375 0,7816295859375 0,93126355859375 0,693947244140625 0,614442751953125
4 0,531464009765625 0,64440620703125 0,533521087890625 0,647019625 0,4296875 0,65992775 0,4296875 0,80959017578125 0,49025115234375 0,967203216796875 0,6431624296875 0,9493925546875 0,536009275390625 0,6467980703125 0,531464009765625 0,64440620703125