13 0,247193287037037 0,172236689814815 0,324956597222222 0,172236689814815 0,324956597222222 0,242332175925926 0,247193287037037 0,242332175925926
28 0,282653356481481 0,176793981481481 0,360416666666667 0,176793981481481 0,360416666666667 0,246889467592593 0,282653356481481 0,246889467592593
25 0,317136863425926 0,181315104166667 0,396954571759259 0,181315104166667 0,396954571759259 0,253436053240741 0,317136863425926 0,253436053240741
4 0,368525752314815 0,191225405092593 0,4462890625 0,191225405092593 0,4462890625 0,261320891203704 0,368525752314815 0,261320891203704
7 0,403059895833333 0,196795428240741 0,480924479166667 0,196795428240741 0,480924479166667 0,268844039351852 0,403059895833333 0,268844039351852
9 0,436617476851852 0,202329282407407 0,516536458333333 0,202329282407407 0,516536458333333 0,276403356481482 0,436617476851852 0,276403356481482
18 0,576171875 0 0,705078125 0 0,705078125 0,4296875 0,576171875 0,4296875
30 0,576171875 0,03125 0,84375 0,03125 0,84375 0,474609375 0,576171875 0,474609375
4 1 0,160702248046875 0,873764578125 0,12324442578125 0,76311412890625 0,49435660546875 0,902783787109375 0,552028240234375 1 0,1970779140625 1 0,160702248046875
8 1 0,2124916640625 0,891833537109375 0,569221048828125 1 0,605986369140625 1 0,2124916640625
28 0,025390625 0,8671875 0,20703125 0,8671875 0,20703125 1 0,025390625 1
26 0,255727892578125 1 0,2750140859375 0,87258452734375 0,161265900390625 0,8765807109375 0,145921947265625 1 0,255727892578125 1
14 0,1953125 0,87109375 0,384765625 0,87109375 0,384765625 1 0,1953125 1
0 0,31640625 0,890625 0,498046875 0,890625 0,498046875 1 0,31640625 1
3 0,40234375 0,8984375 0,587890625 0,8984375 0,587890625 1 0,40234375 1