28 0,623046875 0 0,7890625 0 0,7890625 0,126953125 0,623046875 0,126953125
31 0,560546875 0 0,7109375 0 0,7109375 0,12109375 0,560546875 0,12109375
28 0,521303025390625 0,978781904296875 0,563495521484375 0,790157814453125 0,468676876953125 0,777953771484375 0,4266681796875 0,97032494921875 0,521303025390625 0,978781904296875
22 0,3455078125 0,766109664351852 0,493684895833333 0,766109664351852 0,493684895833333 0,977799479166667 0,3455078125 0,977799479166667
17 0,271875 0,754817708333333 0,418229166666667 0,754817708333333 0,418229166666667 0,968446180555556 0,271875 0,968446180555556
0 0,170182291666667 0,743315972222222 0,314453125 0,743315972222222 0,314453125 0,954976851851852 0,170182291666667 0,954976851851852
4 0,0870442708333333 0,732935474537037 0,239908854166667 0,732935474537037 0,239908854166667 0,956372974537037 0,0870442708333333 0,956372974537037
8 0,01171875 0,723582175925926 0,160416666666667 0,723582175925926 0,160416666666667 0,943084490740741 0,01171875 0,943084490740741
10 0,6943359375 0,4833984375 0,8486328125 0,4833984375 0,8486328125 0,6220703125 0,6943359375 0,6220703125
44 0,5615234375 0,4833984375 0,6513671875 0,4833984375 0,6513671875 0,5986328125 0,5615234375 0,5986328125
44 0,5751953125 0,4833984375 0,7431640625 0,4833984375 0,7431640625 0,6064453125 0,5751953125 0,6064453125
43 0,7724609375 0,4833984375 0,9306640625 0,4833984375 0,9306640625 0,6279296875 0,7724609375 0,6279296875
12 0,84765625 0,482421875 1 0,482421875 1 0,646484375 0,84765625 0,646484375