28 0,319856770833333 0,310185185185185 0,365993923611111 0,310185185185185 0,365993923611111 0,342230902777778 0,319856770833333 0,342230902777778
15 0,306358506944444 0,306857638888889 0,350542534722222 0,306857638888889 0,350542534722222 0,338831018518518 0,306358506944444 0,338831018518518
29 0,289930555555556 0,303493923611111 0,336067708333333 0,303493923611111 0,336067708333333 0,335539641203704 0,289930555555556 0,335539641203704
2 0,267686631944444 0,299515335648148 0,311870659722222 0,299515335648148 0,311870659722222 0,331488715277778 0,267686631944444 0,331488715277778
5 0,251215277777778 0,29517505787037 0,297439236111111 0,29517505787037 0,297439236111111 0,329173900462963 0,251215277777778 0,329173900462963
13 0,235720486111111 0,292824074074074 0,281944444444444 0,292824074074074 0,281944444444444 0,326822916666667 0,235720486111111 0,326822916666667
6 0,814127604166667 0,170428240740741 0,953233506944444 0,170428240740741 0,953233506944444 0,363859953703704 0,814127604166667 0,363859953703704
9 0,667361111111111 0,154260706018518 0,810633680555556 0,154260706018518 0,810633680555556 0,353696469907407 0,667361111111111 0,353696469907407
10 0,91796875 0,1796875 1 0,1796875 1 0,37890625 0,91796875 0,37890625
1 0,755967881944444 0,159360532407407 0,883528645833333 0,159360532407407 0,883528645833333 0,356264467592593 0,755967881944444 0,356264467592593
30 0,470703125 0,916775017578125 0,470703125 0,880397171875 0,42231285546875 0,87321926953125 0,385051291015625 0,973562259765625 0,44437694921875 0,985905890625 0,470703125 0,916775017578125
25 0,39694771484375 0,97512476171875 0,43323675390625 0,873345599609375 0,37453365234375 0,86441863671875 0,337519791015625 0,965218330078125 0,39694771484375 0,97512476171875
3 0,338273337890625 0,960779552734375 0,368961748046875 0,86064352734375 0,307373900390625 0,8511185390625 0,2760310078125 0,954446890625 0,338273337890625 0,960779552734375
5 0,289190234375 0,953247298828125 0,321970763671875 0,851652337890625 0,2615013984375 0,841873193359375 0,2291381015625 0,945003828125 0,289190234375 0,953247298828125
9 0,243034083984375 0,948364390625 0,275113955078125 0,844012927734375 0,21180801171875 0,8355655234375 0,189267373046875 0,938973302734375 0,243034083984375 0,948364390625
19 0,736328125 0,626953125 0,96875 0,626953125 0,96875 0,724609375 0,736328125 0,724609375
32 0,625 0,626953125 0,861328125 0,626953125 0,861328125 0,7109375 0,625 0,7109375