30 0,362415328125 0,482651265625 0,41463166015625 0,473429529296875 0,390513912109375 0,420856458984375 0,337643431640625 0,43003871875 0,362415328125 0,482651265625
11 0,3956722265625 0,47333654296875 0,44629935546875 0,46407402734375 0,41864196484375 0,409708171875 0,368703009765625 0,418086734375 0,3956722265625 0,47333654296875
24 0,426541216796875 0,461358126953125 0,477222396484375 0,45253630859375 0,450391095703125 0,399012966796875 0,399364345703125 0,40827083203125 0,426541216796875 0,461358126953125
6 0,4951171875 0,38661690234375 0,442492380859375 0,3924098359375 0,481172162109375 0,446777166015625 0,4951171875 0,445299861328125 0,4951171875 0,38661690234375
10 0,4619140625 0,0263671875 0,5595703125 0,0263671875 0,5595703125 0,2021484375 0,4619140625 0,2021484375
25 0,495515046296296 0,00774739583333339 0,630873842592593 0,00774739583333339 0,630873842592593 0,184309895833333 0,495515046296296 0,184309895833333
6 0,5927734375 0,0009765625 0,7275390625 0,0009765625 0,7275390625 0,1591796875 0,5927734375 0,1591796875
1 0,6669921875 0,0009765625 0,7861328125 0,0009765625 0,7861328125 0,1494140625 0,6669921875 0,1494140625
1 0,7353515625 0,0009765625 0,8505859375 0,0009765625 0,8505859375 0,1318359375 0,7353515625 0,1318359375
9 0,152944155092593 0,9501953125 0,209932002314815 0,9501953125 0,209932002314815 0,9732421875 0,152944155092593 0,9732421875
19 0,0896846064814815 0,969075520833333 0,146672453703704 0,969075520833333 0,146672453703704 0,992122395833333 0,0896846064814815 0,992122395833333
7 0,173394097222222 0,944921875 0,230381944444444 0,944921875 0,230381944444444 0,96796875 0,173394097222222 0,96796875
3 0,190899884259259 0,9388671875 0,247887731481481 0,9388671875 0,247887731481481 0,9619140625 0,190899884259259 0,9619140625
24 0,107190393518518 0,963020833333333 0,164178240740741 0,963020833333333 0,164178240740741 0,986067708333333 0,107190393518518 0,986067708333333
21 0,184546216796875 0,975142494140625 0,182114400390625 0,970461939453125 0,154239412109375 0,972142828125 0,1450838984375 0,9598718359375 0,12711476171875 0,962781283203125 0,138675498046875 0,980966751953125 0,184546216796875 0,975142494140625