30 0,17424978125 0,357421875 0,17264181640625 0,339305212890625 0,123037802734375 0,33847823828125 0,125475478515625 0,357421875 0,17424978125 0,357421875
11 0,206321064453125 0,357421875 0,201594439453125 0,338588791015625 0,159446376953125 0,3393019296875 0,16009637109375 0,357421875 0,206321064453125 0,357421875
24 0,24422906640625 0,357421875 0,242961380859375 0,336108775390625 0,19137165625 0,33692946484375 0,19393387109375 0,357421875 0,24422906640625 0,357421875
6 0,292178791015625 0,357421875 0,290225455078125 0,33498844921875 0,241301720703125 0,336201833984375 0,241991119140625 0,357421875 0,292178791015625 0,357421875
0 0,326989203125 0,357421875 0,3215871953125 0,3321264140625 0,27523475 0,33544716796875 0,277385671875 0,357421875 0,326989203125 0,357421875
7 0,360154052734375 0,357421875 0,359896419921875 0,329205787109375 0,30809494921875 0,332192109375 0,313019732421875 0,357421875 0,360154052734375 0,357421875
34 0,53125 0,342876115234375 0,589041705078125 0,33807130859375 0,590194541015625 0,13390672265625 0,53125 0,136097736328125 0,53125 0,342876115234375
10 0,689673701171875 0,3463657734375 0,635948259765625 0,133946576171875 0,59000513671875 0,139602119140625 0,573854650390625 0,3418033984375 0,689673701171875 0,3463657734375
2 0,699693337890625 0,282258734375 0,68854647265625 0,3470241875 0,79962139453125 0,352378646484375 0,781282822265625 0,1417773984375 0,6864167421875 0,140858169921875 0,699693337890625 0,282258734375
9 0,782461087890625 0,357421875 0,839160541015625 0,357421875 0,875585458984375 0,3558586484375 0,888883349609375 0,157448498046875 0,772957380859375 0,149577013671875 0,782461087890625 0,357421875
4 0,8561305 0,357421875 0,978861296875 0,357421875 0,960035720703125 0,147637861328125 0,869649541015625 0,154546830078125 0,871141859375 0,1547421015625 0,8561305 0,357421875
16 0 0,572265625 0,109375 0,572265625 0,109375 0,998046875 0 0,998046875
30 0,029296875 0,564453125 0,2421875 0,564453125 0,2421875 0,998046875 0,029296875 0,998046875
2 0,208984375 0,56640625 0,43359375 0,56640625 0,43359375 0,998046875 0,208984375 0,998046875
1 0,35546875 0,564453125 0,544921875 0,564453125 0,544921875 0,998046875 0,35546875 0,998046875
0 0,478515625 0,5625 0,546875 0,5625 0,546875 0,998046875 0,478515625 0,998046875
23 0,633275462962963 0,694733796296296 0,758839699074074 0,694733796296296 0,758839699074074 0,897424768518519 0,633275462962963 0,897424768518519
13 0,717563657407407 0,693142361111111 0,841276041666667 0,693142361111111 0,841276041666667 0,897641782407407 0,717563657407407 0,897641782407407
11 0,797171585648148 0,691189236111111 0,920782696759259 0,691189236111111 0,920782696759259 0,893735532407407 0,797171585648148 0,893735532407407
0 0,91015625 0,693359375 1 0,693359375 1 0,892578125 0,91015625 0,892578125