15 0,12970062890625 0,5400390625 0,129176125 0,5043051171875 0,100244513671875 0,499578435546875 0,103560384765625 0,5400390625 0,12970062890625 0,5400390625
34 0,143141658203125 0,5400390625 0,144972955078125 0,507689017578125 0,115978373046875 0,504736080078125 0,11861206640625 0,5400390625 0,143141658203125 0,5400390625
20 0,130600755859375 0,5400390625 0,15719522265625 0,5400390625 0,1540523125 0,533796650390625 0,162533611328125 0,51024705859375 0,13183631640625 0,50739437890625 0,130600755859375 0,5400390625
1 0,18248909375 0,5400390625 0,1756182265625 0,512352029296875 0,154110400390625 0,512648208984375 0,15573640625 0,5400390625 0,18248909375 0,5400390625
0 0,1712106484375 0,5400390625 0,202462626953125 0,5400390625 0,201238572265625 0,52013208203125 0,186318283203125 0,51631153125 0,170143865234375 0,517061912109375 0,1712106484375 0,5400390625
1 0,21776681640625 0,5400390625 0,215424947265625 0,520794162109375 0,188315205078125 0,5204763984375 0,189484724609375 0,5400390625 0,21776681640625 0,5400390625
20 0,4931640625 0,1494140625 0,5400390625 0,1494140625 0,5400390625 0,2587890625 0,4931640625 0,2587890625
39 0,516297743055556 0,150289351851852 0,586957465277778 0,150289351851852 0,586957465277778 0,258998842592593 0,516297743055556 0,258998842592593
10 0,567209201388889 0,153255208333333 0,635915798611111 0,153255208333333 0,635915798611111 0,261848958333333 0,567209201388889 0,261848958333333
7 0,637630208333333 0,153624131944444 0,712239583333333 0,153624131944444 0,712239583333333 0,264518229166667 0,637630208333333 0,264518229166667
0 0,6896484375 0,162507233796296 0,760177951388889 0,162507233796296 0,760177951388889 0,265357349537037 0,6896484375 0,265357349537037
1 0,745399305555556 0,16392505787037 0,802300347222222 0,16392505787037 0,802300347222222 0,267918113425926 0,745399305555556 0,267918113425926
37 0 0,6750614609375 0,131561548828125 0,687344017578125 0,129080814453125 0,5380859375 0 0,5380859375 0 0,6750614609375
8 0,15583309765625 0,5380859375 0,15620586328125 0,70341123046875 0,31579788671875 0,69970212890625 0,307278623046875 0,5380859375 0,15583309765625 0,5380859375
8 0,298876462890625 0,5380859375 0,30835918359375 0,696879736328125 0,4420497421875 0,727189736328125 0,4354688671875 0,5380859375 0,298876462890625 0,5380859375
9 0,5068359375 0,5380859375 0,428261998046875 0,5380859375 0,42466065234375 0,750619986328125 0,5068359375 0,7527445625 0,5068359375 0,5380859375
12 0,722766138671875 0,85950984375 0,800346380859375 0,862869693359375 0,78497546484375 0,649371533203125 0,694868361328125 0,6564305 0,722766138671875 0,85950984375
23 0,761827256944444 0,634751157407407 0,909136284722222 0,634751157407407 0,909136284722222 0,857233796296296 0,761827256944444 0,857233796296296
10 0,8685546875 0,642411747685185 0,994249131944444 0,642411747685185 0,994249131944444 0,857761863425926 0,8685546875 0,857761863425926