5 0,335286458333333 0,360199652777778 0,388932291666667 0,360199652777778 0,388932291666667 0,435243055555556 0,335286458333333 0,435243055555556
7 0,3015625 0,355244502314815 0,351041666666667 0,355244502314815 0,351041666666667 0,426150173611111 0,3015625 0,426150173611111
9 0,265690104166667 0,347243923611111 0,315299479166667 0,347243923611111 0,315299479166667 0,420102719907407 0,265690104166667 0,420102719907407
35 0,654622395833333 0,187311921296296 0,733528645833333 0,187311921296296 0,733528645833333 0,320269097222222 0,654622395833333 0,320269097222222
16 0,603580729166667 0,179361979166667 0,678190104166667 0,179361979166667 0,678190104166667 0,306228298611111 0,603580729166667 0,306228298611111
24 0,548372395833333 0,167274305555556 0,623111979166667 0,167274305555556 0,623111979166667 0,29609375 0,548372395833333 0,29609375
4 0,474739583333333 0,154087094907407 0,547526041666667 0,154087094907407 0,547526041666667 0,282790798611111 0,474739583333333 0,282790798611111
4 0,4203125 0,144986979166667 0,493229166666667 0,144986979166667 0,493229166666667 0,27564380787037 0,4203125 0,27564380787037
4 0,3876953125 0,13671875 0,4384765625 0,13671875 0,4384765625 0,265625 0,3876953125 0,265625
0 0,2255859375 0,5390625 0,3896484375 0,5390625 0,3896484375 0,791015625 0,2255859375 0,791015625
1 0,0888671875 0,5390625 0,2900390625 0,5390625 0,2900390625 0,775390625 0,0888671875 0,775390625
4 0 0,5390625 0,15234375 0,5390625 0,15234375 0,748046875 0 0,748046875
33 0,8212890625 0,5390625 0,9365234375 0,5390625 0,9365234375 0,62109375 0,8212890625 0,62109375
35 0,7392578125 0,5390625 0,8544921875 0,5390625 0,8544921875 0,619140625 0,7392578125 0,619140625
15 0,6572265625 0,5390625 0,7802734375 0,5390625 0,7802734375 0,615234375 0,6572265625 0,615234375
9 0,5419921875 0,5390625 0,6650390625 0,5390625 0,6650390625 0,62109375 0,5419921875 0,62109375
4 0,472778869140625 0,5390625 0,467042810546875 0,610688251953125 0,557414498046875 0,608519248046875 0,561672283203125 0,5390625 0,472778869140625 0,5390625
8 0,3876953125 0,5390625 0,3876953125 0,61600759765625 0,469404609375 0,61361312890625 0,4735395 0,5390625 0,3876953125 0,5390625