32 0,281431302734375 0,41555390625 0,26746875 0,3833167890625 0,214340908203125 0,387893046875 0,23198033984375 0,4194788515625 0,281431302734375 0,41555390625
22 0,30658937109375 0,410301982421875 0,288373935546875 0,37827403515625 0,23902100390625 0,38294180859375 0,2542394453125 0,414901068359375 0,30658937109375 0,410301982421875
17 0,330864439453125 0,405197859375 0,311935083984375 0,37339528125 0,262119453125 0,37812137890625 0,2788811484375 0,40998843359375 0,330864439453125 0,405197859375
4 0,368498408203125 0,397218603515625 0,345523251953125 0,36579360546875 0,299304892578125 0,37040734375 0,314876427734375 0,4019149375 0,368498408203125 0,397218603515625
8 0,392391935546875 0,392867994140625 0,37202712890625 0,3613424921875 0,32354341015625 0,365564712890625 0,341201654296875 0,39746382421875 0,392391935546875 0,392867994140625
16 0,418815435546875 0,38748016015625 0,400012076171875 0,355048701171875 0,347376759765625 0,359884720703125 0,365971423828125 0,39228112890625 0,418815435546875 0,38748016015625
46 0,0029296875 0,6591796875 0,1962890625 0,6591796875 0,1962890625 0,7861328125 0,0029296875 0,7861328125
37 0,1025390625 0,6591796875 0,2880859375 0,6591796875 0,2880859375 0,7607421875 0,1025390625 0,7607421875
23 0,1865234375 0,6591796875 0,3896484375 0,6591796875 0,3896484375 0,7392578125 0,1865234375 0,7392578125
1 0,6669921875 0,8466796875 0,8486328125 0,8466796875 0,8486328125 0,9990234375 0,6669921875 0,9990234375
5 0,7470703125 0,8134765625 0,9541015625 0,8134765625 0,9541015625 0,9990234375 0,7470703125 0,9990234375
6 0,853515625 0,79296875 1 0,79296875 1 0,998046875 0,853515625 0,998046875