30 0,44049117578125 0,02481740625 0,395471001953125 0,02335571484375 0,38445244140625 0,075054900390625 0,4324659609375 0,078585369140625 0,44049117578125 0,02481740625
29 0,3954891015625 0,075826193359375 0,40746103515625 0,022804658203125 0,359101033203125 0,01883746484375 0,363015994140625 0,076380279296875 0,3954891015625 0,075826193359375
28 0,375279724609375 0,076838263671875 0,372327234375 0,01750604296875 0,3321413984375 0,015595603515625 0,321679416015625 0,074569658203125 0,375279724609375 0,076838263671875
4 0,32503367578125 0,075014220703125 0,33027376953125 0,017746732421875 0,289449939453125 0,01416766796875 0,27697552734375 0,073974513671875 0,32503367578125 0,075014220703125
5 0,291379587890625 0,075238154296875 0,30040987890625 0,012459818359375 0,2567414765625 0,015591193359375 0,24130623046875 0,0733805625 0,291379587890625 0,075238154296875
7 0,25132173046875 0,075063033203125 0,266717560546875 0,015611232421875 0,219557490234375 0,012470326171875 0,21598141015625 0,0722891015625 0,25132173046875 0,075063033203125
1 0,5908203125 0,3681640625 0,627952287109375 0,3681640625 0,618274365234375 0,27196818359375 0,5908203125 0,2745162890625 0,5908203125 0,3681640625
12 0,5048828125 0,4736328125 0,6083984375 0,4736328125 0,6083984375 0,9228515625 0,5048828125 0,9228515625
35 0,36419994212963 0,476960358796296 0,545218460648148 0,476960358796296 0,545218460648148 0,927857349537037 0,36419994212963 0,927857349537037
27 0,23423755787037 0,474493634259259 0,405519386574074 0,474493634259259 0,405519386574074 0,928718171296296 0,23423755787037 0,928718171296296
2 0,0408130787037038 0,476352719907407 0,225708912037037 0,476352719907407 0,225708912037037 0,92357494212963 0,0408130787037038 0,92357494212963
6 0 0,4765625 0,076171875 0,4765625 0,076171875 0,919921875 0 0,919921875
14 0,798415798611111 0,686212384259259 0,843786168981482 0,686212384259259 0,843786168981482 0,74642650462963 0,798415798611111 0,74642650462963
25 0,824811921296296 0,688556134259259 0,870167824074074 0,688556134259259 0,870167824074074 0,74681712962963 0,824811921296296 0,74681712962963
29 0,850209780092593 0,68814380787037 0,893598090277778 0,68814380787037 0,893598090277778 0,7443359375 0,850209780092593 0,7443359375
6 0,765198206018519 0,686342592592593 0,808615451388889 0,686342592592593 0,808615451388889 0,746440972222222 0,765198206018519 0,746440972222222
8 0,741753472222222 0,686754918981481 0,78515625 0,686754918981481 0,78515625 0,744900173611111 0,741753472222222 0,744900173611111
2 0,715379050925926 0,687225115740741 0,760720486111111 0,687225115740741 0,760720486111111 0,743532986111111 0,715379050925926 0,743532986111111