19 0,2998046875 0,1650390625 0,5224609375 0,1650390625 0,5224609375 0,5205078125 0,2998046875 0,5205078125
32 0,4111328125 0,1728515625 0,6357421875 0,1728515625 0,6357421875 0,5205078125 0,4111328125 0,5205078125
14 0,5322265625 0,1884765625 0,7470703125 0,1884765625 0,7470703125 0,5205078125 0,5322265625 0,5205078125
5 0,6884765625 0,2021484375 0,9013671875 0,2021484375 0,9013671875 0,5205078125 0,6884765625 0,5205078125
5 0,798828125 0,216796875 1 0,216796875 1 0,51953125 0,798828125 0,51953125
2 0,9140625 0,2265625 1 0,2265625 1 0,51953125 0,9140625 0,51953125
16 0 0,517578125 0,146484375 0,517578125 0,146484375 0,666015625 0 0,666015625
21 0,0634765625 0,5185546875 0,2197265625 0,5185546875 0,2197265625 0,6982421875 0,0634765625 0,6982421875
29 0,664547164351852 0,652408854166667 0,718265335648148 0,652408854166667 0,718265335648148 0,712955729166667 0,664547164351852 0,712955729166667
29 0,6861328125 0,6529296875 0,739749710648148 0,6529296875 0,739749710648148 0,7115234375 0,6861328125 0,7115234375
16 0,707667824074074 0,65234375 0,76333912037037 0,65234375 0,76333912037037 0,713020833333333 0,707667824074074 0,713020833333333
4 0,738194444444444 0,655338541666667 0,791811342592593 0,655338541666667 0,791811342592593 0,713932291666667 0,738194444444444 0,713932291666667
9 0,758752893518519 0,654817708333333 0,814424189814815 0,654817708333333 0,814424189814815 0,715494791666667 0,758752893518519 0,715494791666667
0 0,781264467592593 0,654296875 0,836935763888889 0,654296875 0,836935763888889 0,714973958333333 0,781264467592593 0,714973958333333