44 0,4677734375 0 0,5224609375 0 0,5224609375 0,068359375 0,4677734375 0,068359375
44 0,4462890625 0 0,4853515625 0 0,4853515625 0,07421875 0,4462890625 0,07421875
44 0,5029296875 0 0,5673828125 0 0,5673828125 0,060546875 0,5029296875 0,060546875
20 0,5615234375 0 0,6181640625 0 0,6181640625 0,05078125 0,5615234375 0,05078125
49 0,6416015625 0 0,7060546875 0 0,7060546875 0,041015625 0,6416015625 0,041015625
17 0,5986328125 0 0,6650390625 0 0,6650390625 0,048828125 0,5986328125 0,048828125
10 0,43140200390625 0,35319644921875 0,34577174609375 0,361038076171875 0,33215337109375 0,62946044921875 0,449496544921875 0,62034758203125 0,43140200390625 0,35319644921875
0 0,277349896484375 0,367320162109375 0,159600349609375 0,379488615234375 0,18961783984375 0,631718787109375 0,294333236328125 0,62468582421875 0,277349896484375 0,367320162109375
9 0,19181025390625 0,62219349609375 0,168444052734375 0,3745149609375 0,031871169921875 0,38447522265625 0,093437095703125 0,625388505859375 0,19181025390625 0,62219349609375
8 0 0,6329134296875 0,0832921640625 0,632183705078125 0,038528921875 0,379501568359375 0 0,38357801171875 0 0,6329134296875
6 0,509092881944444 0,588693576388889 0,626888020833333 0,588693576388889 0,626888020833333 0,782747395833333 0,509092881944444 0,782747395833333
6 0,5876953125 0,574479166666667 0,705490451388889 0,574479166666667 0,705490451388889 0,768532986111111 0,5876953125 0,768532986111111
3 0,663237847222222 0,551085069444444 0,793272569444444 0,551085069444444 0,793272569444444 0,757378472222222 0,663237847222222 0,757378472222222
36 0,788042534722222 0,540147569444444 0,907790798611111 0,540147569444444 0,907790798611111 0,734288194444444 0,788042534722222 0,734288194444444
20 0,94921875 0,51171875 1 0,51171875 1 0,720703125 0,94921875 0,720703125
50 0,866514756944444 0,524956597222222 0,986436631944444 0,524956597222222 0,986436631944444 0,723003472222222 0,866514756944444 0,723003472222222