8 0 0,38702918359375 0,04199567578125 0,386451125 0,033551560546875 0,333512197265625 0 0,33410822265625 0 0,38702918359375
16 0,072866421875 0,387654548828125 0,06180184375 0,334068208984375 0,000960470703125 0,33375000390625 0,004671041015625 0,3868422890625 0,072866421875 0,387654548828125
29 0,55826099537037 0,0397135416666667 0,694921875 0,0397135416666667 0,694921875 0,306423611111111 0,55826099537037 0,306423611111111
18 0,615921585648148 0,0469111689814816 0,725296585648148 0,0469111689814816 0,725296585648148 0,315502025462963 0,615921585648148 0,315502025462963
11 0,641225405092593 0,0429325810185186 0,799717881944444 0,0429325810185186 0,799717881944444 0,334671585648148 0,641225405092593 0,334671585648148
0 0,775774016203704 0,0382667824074074 0,948661747685185 0,0382667824074074 0,948661747685185 0,379846643518519 0,775774016203704 0,379846643518519
8 0,853515625 0,03515625 1 0,03515625 1 0,408203125 0,853515625 0,408203125
9 0 0,705047296875 0,013992130859375 0,697963025390625 0,030789408203125 0,686422595703125 0 0,68273211328125 0 0,705047296875
15 0 0,73778893359375 0,0118715703125 0,740255998046875 0,0501333046875 0,69324024609375 0,0093875546875 0,686526185546875 0 0,697342931640625 0 0,73778893359375
12 0,392578125 0,408203125 0,52734375 0,408203125 0,52734375 0,5625 0,392578125 0,5625
40 0,46875 0,408203125 0,60546875 0,408203125 0,60546875 0,580078125 0,46875 0,580078125
10 0,54296875 0,408203125 0,669921875 0,408203125 0,669921875 0,58984375 0,54296875 0,58984375
6 0,644437210648148 0,417787905092593 0,781922743055556 0,417787905092593 0,781922743055556 0,608470775462963 0,644437210648148 0,608470775462963
1 0,723697916666667 0,434389467592593 0,843576388888889 0,434389467592593 0,843576388888889 0,62181712962963 0,723697916666667 0,62181712962963
9 0,788237847222222 0,445023148148148 0,92578125 0,445023148148148 0,92578125 0,639612268518518 0,788237847222222 0,639612268518518