19 0,536830810546875 0,245408716796875 0,55412771875 0,196706388671875 0,532177658203125 0,196379451171875 0,516900697265625 0,2462837890625 0,536830810546875 0,245408716796875
13 0,51902489453125 0,24769880078125 0,534623197265625 0,195845173828125 0,512701322265625 0,198292271484375 0,495110349609375 0,247239744140625 0,51902489453125 0,24769880078125
31 0,49749222265625 0,247920208984375 0,514591373046875 0,19809605859375 0,489829724609375 0,200326095703125 0,475826591796875 0,250075181640625 0,49749222265625 0,247920208984375
9 0,48293540234375 0,201887546875 0,460379103515625 0,20197560546875 0,452497171875 0,220691939453125 0,450366046875 0,253497060546875 0,469243328125 0,2512674765625 0,48293540234375 0,201887546875
7 0,46083887109375 0,20131500390625 0,440337828125 0,201118751953125 0,434547396484375 0,205107439453125 0,423556314453125 0,255955087890625 0,450811310546875 0,25458833203125 0,46083887109375 0,20131500390625
4 0,415042275390625 0,203860162109375 0,39743825 0,251635091796875 0,399680736328125 0,257173337890625 0,40854190234375 0,258669447265625 0,42686312890625 0,245579046875 0,429845341796875 0,240539609375 0,426856078125 0,204854466796875 0,415042275390625 0,203860162109375
11 0,5544407265625 0,907713083984375 0,5467839765625 0,92042681640625 0,539793271484375 0,933420736328125 0,538496470703125 0,947228515625 0,544658095703125 0,95142587890625 0,554808314453125 0,948822265625 0,569567771484375 0,9086258125 0,5544407265625 0,907713083984375
20 0,55390030078125 0,907796251953125 0,533789015625 0,90556770703125 0,53122853515625 0,927708771484375 0,517495966796875 0,95040500390625 0,5368948671875 0,951246095703125 0,55390030078125 0,907796251953125
13 0,51857911328125 0,95126710546875 0,536975328125 0,90662515234375 0,515634935546875 0,906030978515625 0,49875514453125 0,948119654296875 0,51857911328125 0,95126710546875
2 0,47189188671875 0,949033294921875 0,490539564453125 0,95082838671875 0,496641146484375 0,94451766796875 0,49873088671875 0,9266526484375 0,50319834375 0,92244253515625 0,51023617578125 0,906665927734375 0,491984501953125 0,906288267578125 0,483629662109375 0,92071746875 0,483991689453125 0,9392607890625 0,475259873046875 0,941571556640625 0,47189188671875 0,949033294921875
0 0,45544118359375 0,9411284296875 0,454343625 0,9497765078125 0,4741699296875 0,948810154296875 0,491698625 0,90691929296875 0,478163009765625 0,904283015625 0,469538701171875 0,906212814453125 0,45544118359375 0,9411284296875
6 0,444008486328125 0,9249302578125 0,438265333984375 0,93794588671875 0,436038796875 0,945683791015625 0,43754737890625 0,950104216796875 0,44903507421875 0,95087905859375 0,455954578125 0,946590267578125 0,462977857421875 0,931381890625 0,461999001953125 0,903822818359375 0,45352916015625 0,904229435546875 0,450672876953125 0,908142216796875 0,449590986328125 0,92213828125 0,444008486328125 0,9249302578125
44 0,800260416666667 0,854152199074074 0,887109375 0,854152199074074 0,887109375 0,985561342592593 0,800260416666667 0,985561342592593
10 0,90625 0,875 0,994140625 0,875 0,994140625 1 0,90625 1
44 0,751692708333333 0,842751736111111 0,844921875 0,842751736111111 0,844921875 0,982016782407407 0,751692708333333 0,982016782407407
44 0,8427734375 0,860597511574074 0,939388020833333 0,860597511574074 0,939388020833333 0,992078993055556 0,8427734375 0,992078993055556
40 0,951171875 0,8828125 1 0,8828125 1 1 0,951171875 1