18 0,208969907407407 0,425600405092593 0,286429398148148 0,425600405092593 0,286429398148148 0,497996238425926 0,208969907407407 0,497996238425926
23 0,244024884259259 0,429636863425926 0,32734375 0,429636863425926 0,32734375 0,502379918981481 0,244024884259259 0,502379918981481
29 0,282986111111111 0,433904803240741 0,362398726851852 0,433904803240741 0,362398726851852 0,506416377314815 0,282986111111111 0,506416377314815
1 0,333615451388889 0,43984375 0,41107494212963 0,43984375 0,41107494212963 0,512239583333333 0,333615451388889 0,512239583333333
0 0,367643229166667 0,442845775462963 0,453016493055556 0,442845775462963 0,453016493055556 0,517657696759259 0,367643229166667 0,517657696759259
3 0,408557581018518 0,447229456018518 0,490024594907407 0,447229456018518 0,490024594907407 0,521809895833333 0,408557581018518 0,521809895833333
12 0,603441169921875 0,41083106640625 0,705768912109375 0,41646478515625 0,715060154296875 0,251953634765625 0,620093087890625 0,246881541015625 0,603441169921875 0,41083106640625
47 0,681921697265625 0,251189775390625 0,67521579296875 0,25214105078125 0,669703220703125 0,41190326171875 0,77219165625 0,420242828125 0,7761087421875 0,256738275390625 0,681921697265625 0,251189775390625
12 0,73409800390625 0,41773265234375 0,8408743671875 0,42592315234375 0,84665529296875 0,263184283203125 0,74770635546875 0,259220478515625 0,73409800390625 0,41773265234375
3 0,823242796875 0,424751521484375 0,92110004296875 0,437539919921875 0,9424924765625 0,272661392578125 0,8273084375 0,265748251953125 0,823242796875 0,424751521484375
4 0,89235083203125 0,43184516796875 0,993427666015625 0,443520828125 0,9945837109375 0,276981689453125 0,909059109375 0,272953732421875 0,89235083203125 0,43184516796875
5 1 0,277205056640625 0,961877529296875 0,2758898828125 0,958581826171875 0,440354517578125 1 0,4422851640625 1 0,277205056640625
7 0 0,53515625 0,05859375 0,53515625 0,05859375 0,548828125 0 0,548828125
3 0,015625 0,53515625 0,080078125 0,53515625 0,080078125 0,548828125 0,015625 0,548828125
2 0,527387152777778 0,556618923611111 0,707146990740741 0,556618923611111 0,707146990740741 0,874573206018519 0,527387152777778 0,874573206018519
9 0,645804398148148 0,572410300925926 0,813136574074074 0,572410300925926 0,813136574074074 0,875998263888889 0,645804398148148 0,875998263888889
6 0,768077256944444 0,571831597222222 0,935611979166667 0,571831597222222 0,935611979166667 0,879325810185185 0,768077256944444 0,879325810185185