11 0,282118055555556 0,348307291666667 0,334389467592593 0,348307291666667 0,334389467592593 0,417708333333333 0,282118055555556 0,417708333333333
20 0,246404803240741 0,359309895833333 0,300730613425926 0,359309895833333 0,300730613425926 0,430794270833333 0,246404803240741 0,430794270833333
13 0,2126953125 0,3712890625 0,267021122685185 0,3712890625 0,267021122685185 0,4427734375 0,2126953125 0,4427734375
2 0,165162037037037 0,387109375 0,219487847222222 0,387109375 0,219487847222222 0,45859375 0,165162037037037 0,45859375
0 0,133506944444444 0,399088541666667 0,185778356481482 0,399088541666667 0,185778356481482 0,468489583333333 0,133506944444444 0,468489583333333
6 0,0997468171296296 0,412044270833333 0,152018229166667 0,412044270833333 0,152018229166667 0,4814453125 0,0997468171296296 0,4814453125
14 0,905289697265625 0 0,936722052734375 0,190078267578125 1 0,1790075390625 1 0 0,905289697265625 0
29 0,78285959375 0 0,840196763671875 0,20990510546875 0,934908923828125 0,189950943359375 0,902850216796875 0 0,78285959375 0
1 0,64092705859375 0 0,672942310546875 0,258909703125 0,781088822265625 0,23661184375 0,7368360078125 0 0,64092705859375 0
3 0,668456900390625 0,2582437421875 0,629841892578125 0,002301791015625 0,507073966796875 0,033215810546875 0,548814873046875 0,289696396484375 0,668456900390625 0,2582437421875
1 0,447265625 0,04725732421875 0,447265625 0,284635041015625 0,452523263671875 0,316336283203125 0,545945853515625 0,298570205078125 0,4995898984375 0,037462248046875 0,447265625 0,04725732421875
0 0,0546875 0,638671875 0,236328125 0,638671875 0,236328125 0,884765625 0,0546875 0,884765625
51 0 0,642578125 0,125 0,642578125 0,125 0,91015625 0 0,91015625
48 0,15625 0,638671875 0,353515625 0,638671875 0,353515625 0,837890625 0,15625 0,837890625
48 0,669921875 0,638671875 0,912109375 0,638671875 0,912109375 0,67578125 0,669921875 0,67578125
40 0,901522802734375 0,638671875 0,8525640703125 0,638671875 0,68188630859375 0,668290748046875 0,6825818359375 0,759428130859375 0,904227236328125 0,717889185546875 0,901522802734375 0,638671875
39 0,900627423828125 0,81730840625 0,901326947265625 0,7257679375 0,674893681640625 0,76451444140625 0,671072572265625 0,847120703125 0,900627423828125 0,81730840625