11 0,341015625 0,3712890625 0,398929398148148 0,3712890625 0,398929398148148 0,412434895833333 0,341015625 0,412434895833333
13 0,318699363425926 0,3658203125 0,378624131944444 0,3658203125 0,378624131944444 0,409049479166667 0,318699363425926 0,409049479166667
21 0,295464409722222 0,360546875 0,355389178240741 0,360546875 0,355389178240741 0,403776041666667 0,295464409722222 0,403776041666667
1 0,267462384259259 0,35390625 0,323423032407407 0,35390625 0,323423032407407 0,394921875 0,267462384259259 0,394921875
0 0,242158564814815 0,348372395833333 0,304094328703704 0,348372395833333 0,304094328703704 0,393684895833333 0,242158564814815 0,393684895833333
4 0,219871238425926 0,344270833333333 0,277900752314815 0,344270833333333 0,277900752314815 0,389322916666667 0,219871238425926 0,389322916666667
44 0,527719907407407 0,168619791666667 0,753313078703704 0,168619791666667 0,753313078703704 0,474348958333333 0,527719907407407 0,474348958333333
25 0,79296875 0,228515625 1 0,228515625 1 0,53125 0,79296875 0,53125
40 0,900390625 0,248046875 1 0,248046875 1 0,54296875 0,900390625 0,54296875
40 0,678074363425926 0,207291666666667 0,88959056712963 0,207291666666667 0,88959056712963 0,4984375 0,678074363425926 0,4984375
44 0,5166015625 0,150390625 0,6318359375 0,150390625 0,6318359375 0,455078125 0,5166015625 0,455078125
22 0,235523306640625 0,580078125 0,191322763671875 0,757653587890625 0,30561458984375 0,772551701171875 0,36179726953125 0,580078125 0,235523306640625 0,580078125
10 0,172616984375 0,580078125 0,092149787109375 0,736734263671875 0,207470009765625 0,75292917578125 0,243254109375 0,580078125 0,172616984375 0,580078125
26 0 0,726149458984375 0,103480958984375 0,741967326171875 0,162295642578125 0,580078125 0,04823430078125 0,580078125 0 0,704869345703125 0 0,726149458984375