11 0,0393012152777779 0,543012152777778 0,0783203125 0,543012152777778 0,0783203125 0,586906828703704 0,0393012152777779 0,586906828703704
13 0,0635416666666667 0,539829282407407 0,100607638888889 0,539829282407407 0,100607638888889 0,583666087962963 0,0635416666666667 0,583666087962963
21 0,0848090277777778 0,535583043981481 0,121875 0,535583043981481 0,121875 0,579419849537037 0,0848090277777778 0,579419849537037
1 0,117751736111111 0,530707465277778 0,150911458333333 0,530707465277778 0,150911458333333 0,574428530092593 0,117751736111111 0,574428530092593
0 0,137152777777778 0,528356481481482 0,176171875 0,528356481481482 0,176171875 0,572251157407407 0,137152777777778 0,572251157407407
4 0,162326388888889 0,524225983796296 0,199392361111111 0,524225983796296 0,199392361111111 0,568062789351852 0,162326388888889 0,568062789351852
35 0,427836431640625 0,2392223984375 0,50061141015625 0,234439724609375 0,467112517578125 0,066196220703125 0,395030271484375 0,073958033203125 0,427836431640625 0,2392223984375
10 0,562652140625 0,226802970703125 0,51425426953125 0,06136889453125 0,466949201171875 0,066398666015625 0,49917330078125 0,231771609375 0,562652140625 0,226802970703125
25 0,56593422265625 0,22582532421875 0,61898033203125 0,2207806171875 0,6125866328125 0,1071547578125 0,598895201171875 0,05218019140625 0,525643828125 0,06079459375 0,56593422265625 0,22582532421875
6 0,657942513671875 0,212883603515625 0,728449533203125 0,204594931640625 0,6941855390625 0,040291958984375 0,6291356640625 0,04781858984375 0,626623123046875 0,047400537109375 0,657942513671875 0,212883603515625
1 0,7948174609375 0,199392658203125 0,741800177734375 0,03078031640625 0,69429786328125 0,041236869140625 0,728589435546875 0,205541390625 0,7948174609375 0,199392658203125
1 0,818732005859375 0,02491119140625 0,75982542578125 0,024689103515625 0,763360521484375 0,02496187890625 0,752908392578125 0,024886037109375 0,797619591796875 0,200013158203125 0,85955363671875 0,19366507421875 0,818732005859375 0,02491119140625
31 0,146723090277778 0,726381655092593 0,2623046875 0,726381655092593 0,2623046875 0,912984664351852 0,146723090277778 0,912984664351852
38 0,215364583333333 0,712811053240741 0,338845486111111 0,712811053240741 0,338845486111111 0,901598668981481 0,215364583333333 0,901598668981481
37 0,2861328125 0,697265625 0,3623046875 0,697265625 0,3623046875 0,888671875 0,2861328125 0,888671875
31 0,3564453125 0,875 0,4052734375 0,875 0,4052734375 1 0,3564453125 1
38 0,3583984375 0,861328125 0,4814453125 0,861328125 0,4814453125 1 0,3583984375 1
37 0,4306640625 0,84765625 0,5537109375 0,84765625 0,5537109375 1 0,4306640625 1
7 0,5244140625 0,830078125 0,6455078125 0,830078125 0,6455078125 1 0,5244140625 1
4 0,6015625 0,814771412037037 0,717057291666667 0,814771412037037 0,717057291666667 0,999421296296296 0,6015625 0,999421296296296
0 0,675303819444444 0,806228298611111 0,786805555555556 0,806228298611111 0,786805555555556 0,98880931712963 0,675303819444444 0,98880931712963