17 0,108141845703125 0,328125 0,108607896484375 0,30640872265625 0,05095533203125 0,308111052734375 0,0493701328125 0,328125 0,108141845703125 0,328125
32 0,139894115234375 0,328125 0,143397859375 0,304061974609375 0,085794640625 0,3052608828125 0,084214916015625 0,328125 0,139894115234375 0,328125
34 0,171324607421875 0,328125 0,177204443359375 0,3026200078125 0,1192192578125 0,3027175703125 0,11665407421875 0,328125 0,171324607421875 0,328125
8 0,22424419921875 0,328125 0,226917380859375 0,30259315234375 0,170561078125 0,303798271484375 0,167074501953125 0,328125 0,22424419921875 0,328125
0 0,257748740234375 0,328125 0,26099229296875 0,300700927734375 0,204118677734375 0,3012381015625 0,2009501953125 0,328125 0,257748740234375 0,328125
13 0 0,5390625 0,0625 0,5390625 0,0625 0,6640625 0 0,6640625
25 0,0264322916666667 0,537868923611111 0,12265625 0,537868923611111 0,12265625 0,665646701388889 0,0264322916666667 0,665646701388889
7 0,1083984375 0,537326388888889 0,2005859375 0,537326388888889 0,2005859375 0,662977430555556 0,1083984375 0,662977430555556
6 0,1640625 0,534765625 0,258203125 0,534765625 0,258203125 0,660503472222222 0,1640625 0,660503472222222
1 0,2216796875 0,533203125 0,2724609375 0,533203125 0,2724609375 0,6640625 0,2216796875 0,6640625
20 0,526171875 0,585329861111111 0,684244791666667 0,585329861111111 0,684244791666667 0,822960069444444 0,526171875 0,822960069444444
9 0,657877604166667 0,573958333333333 0,808658854166667 0,573958333333333 0,808658854166667 0,819053819444444 0,657877604166667 0,819053819444444
9 0,859375 0,568359375 1 0,568359375 1 0,810546875 0,859375 0,810546875
8 0,761393229166667 0,577430555555555 0,905794270833333 0,577430555555555 0,905794270833333 0,814453125 0,761393229166667 0,814453125
38 0,339908854166667 0,586067708333333 0,4923828125 0,586067708333333 0,4923828125 0,82734375 0,339908854166667 0,82734375
21 0,4294921875 0,5771484375 0,583528645833333 0,5771484375 0,583528645833333 0,812651909722222 0,4294921875 0,812651909722222