28 0,521978375 0,369140625 0,5250629296875 0,3595142734375 0,4820594140625 0,353776048828125 0,478363802734375 0,369140625 0,521978375 0,369140625
7 0,46605031640625 0,369140625 0,474528365234375 0,34919865625 0,427180017578125 0,3431648515625 0,424409111328125 0,369140625 0,46605031640625 0,369140625
2 0,4318128203125 0,369140625 0,43697175390625 0,344792599609375 0,397424560546875 0,33972034765625 0,387358296875 0,369140625 0,4318128203125 0,369140625
13 0,395461794921875 0,369140625 0,4059687265625 0,33786606640625 0,362537458984375 0,332706509765625 0,35151375 0,369140625 0,395461794921875 0,369140625
10 0,273864293981481 0,546875 0,418265335648148 0,546875 0,418265335648148 0,79296875 0,273864293981481 0,79296875
44 0,0250072337962963 0,5029296875 0,177379918981482 0,5029296875 0,177379918981482 0,7705078125 0,0250072337962963 0,7705078125
10 0,362543402777778 0,556640625 0,503153935185185 0,556640625 0,503153935185185 0,818359375 0,362543402777778 0,818359375
44 0 0,48828125 0,072265625 0,48828125 0,072265625 0,7578125 0 0,7578125
43 0,162579571759259 0,53515625 0,316789641203704 0,53515625 0,316789641203704 0,787109375 0,162579571759259 0,787109375
4 0,795464409722222 0,6875 0,959411168981481 0,6875 0,959411168981481 0,935546875 0,795464409722222 0,935546875
3 0,666702835648148 0,66796875 0,834555844907407 0,66796875 0,834555844907407 0,916015625 0,666702835648148 0,916015625
1 0,6044921875 0,65625 0,6982421875 0,65625 0,6982421875 0,91015625 0,6044921875 0,91015625