28 0,16475214453125 0,3562846171875 0,199152103515625 0,351366318359375 0,19382569140625 0,321937828125 0,15987443359375 0,32646670703125 0,16475214453125 0,3562846171875
15 0,21250001953125 0,34673843359375 0,2095435625 0,317416423828125 0,175146880859375 0,32165341015625 0,17850090625 0,35261490625 0,21250001953125 0,34673843359375
29 0,1954787265625 0,3471466171875 0,226211732421875 0,342841306640625 0,227020818359375 0,312587826171875 0,189055736328125 0,3153697421875 0,189040296875 0,31573883203125 0,1954787265625 0,3471466171875
2 0,25355232421875 0,335348853515625 0,24285783203125 0,30552523828125 0,211315935546875 0,3099037109375 0,218053935546875 0,340666623046875 0,25355232421875 0,335348853515625
5 0,26811603515625 0,331143529296875 0,258737638671875 0,301431189453125 0,226760142578125 0,305235255859375 0,23365458984375 0,336727482421875 0,26811603515625 0,331143529296875
13 0,283904423828125 0,32675229296875 0,2774185390625 0,29888828125 0,241845712890625 0,30107350390625 0,248170603515625 0,3333682734375 0,283904423828125 0,32675229296875
36 0,562934027777778 0,17994068287037 0,683376736111111 0,17994068287037 0,683376736111111 0,364185474537037 0,562934027777778 0,364185474537037
10 0,546875 0,1982421875 0,607421875 0,1982421875 0,607421875 0,3916015625 0,546875 0,3916015625
44 0,826359953703704 0,110966435185185 0,944748263888889 0,110966435185185 0,944748263888889 0,293113425925926 0,826359953703704 0,293113425925926
22 0,636935763888889 0,155815972222222 0,759534143518519 0,155815972222222 0,759534143518519 0,344111689814815 0,636935763888889 0,344111689814815
0 0,745623553240741 0,127495659722222 0,866066261574074 0,127495659722222 0,866066261574074 0,311740451388889 0,745623553240741 0,311740451388889
44 0,896484375 0,083984375 1 0,083984375 1 0,271484375 0,896484375 0,271484375
12 0,049584447265625 0,926365794921875 0,110734333984375 0,920127162109375 0,10546199609375 0,859449986328125 0,050182853515625 0,86427673828125 0,049584447265625 0,926365794921875
32 0,14134688671875 0,919695916015625 0,144189810546875 0,854805060546875 0,085794703125 0,860447884765625 0,084636951171875 0,92287795703125 0,14134688671875 0,919695916015625
27 0,178501126953125 0,916036052734375 0,1781799765625 0,84881422265625 0,123209234375 0,854932935546875 0,11768462109375 0,921887234375 0,178501126953125 0,916036052734375
4 0,2221775234375 0,911961267578125 0,225123751953125 0,8456741484375 0,171483091796875 0,8499091796875 0,167580626953125 0,910891759765625 0,2221775234375 0,911961267578125
2 0,265937861328125 0,909145732421875 0,25740012109375 0,843781400390625 0,203153265625 0,845990279296875 0,200884150390625 0,9141375390625 0,265937861328125 0,909145732421875
7 0,291117953125 0,9064769453125 0,2987936796875 0,840589287109375 0,23866575390625 0,844363650390625 0,2417465625 0,908845693359375 0,291117953125 0,9064769453125