12 0,717816840277778 0,0133825231481481 0,844205729166667 0,0133825231481481 0,844205729166667 0,132450810185185 0,717816840277778 0,132450810185185
21 0,677734375 0,0029296875 0,798828125 0,0029296875 0,798828125 0,1142578125 0,677734375 0,1142578125
12 0,677734375 0,0029296875 0,75 0,0029296875 0,75 0,0986328125 0,677734375 0,0986328125
36 0,33849755859375 0,91303552734375 0,28795661328125 0,98792641796875 0,33195241796875 0,9970703125 0,342840775390625 0,9970703125 0,387132443359375 0,92179239453125 0,33849755859375 0,91303552734375
12 0,35595890234375 0,90777288671875 0,304951173828125 0,896289494140625 0,252647830078125 0,9670000390625 0,307841658203125 0,980244728515625 0,35595890234375 0,90777288671875
31 0,3249940078125 0,895567193359375 0,2679464453125 0,88298340234375 0,2278529453125 0,957576197265625 0,269645486328125 0,96504845703125 0,3249940078125 0,895567193359375
2 0,284040333984375 0,874329384765625 0,232072130859375 0,863331900390625 0,18285080078125 0,936749326171875 0,239080751953125 0,946934796875 0,284040333984375 0,874329384765625
4 0,251586853515625 0,861154033203125 0,206816271484375 0,849661546875 0,155833564453125 0,922085345703125 0,2019606875 0,93277169921875 0,251586853515625 0,861154033203125
6 0,218601232421875 0,847898916015625 0,17841778125 0,837376708984375 0,126249423828125 0,91129281640625 0,181588181640625 0,918578798828125 0,218601232421875 0,847898916015625
10 1 0,714020642578125 0,893009384765625 0,878448927734375 1 0,903440689453125 1 0,714020642578125
25 0,994124013671875 0,694501890625 0,868936458984375 0,660361900390625 0,8349097578125 0,736187271484375 0,858066470703125 0,8615223359375 0,909199478515625 0,875581123046875 0,994124013671875 0,694501890625
8 0,866562556640625 0,652373603515625 0,869565140625 0,649833107421875 0,7657392421875 0,622239576171875 0,69539358203125 0,8052789921875 0,8017750078125 0,8359053203125 0,866562556640625 0,652373603515625
9 0,677734375 0,80353223828125 0,696896896484375 0,809144623046875 0,78555702734375 0,62059125 0,677734375 0,59796855078125 0,677734375 0,80353223828125