0 0 0,43028799609375 0,00049125 0,43205776171875 0,03347648828125 0,4348485078125 0,016809375 0,3879197265625 0 0,38766671484375 0 0,43028799609375
3 0,02320295703125 0,43517220703125 0,054842966796875 0,43885111328125 0,0452733359375 0,390698724609375 0,009881173828125 0,388506904296875 0,02320295703125 0,43517220703125
18 0,87894765234375 0,2581097265625 0,90422747265625 0,25285990625 0,89122383984375 0,20630112890625 0,86882662109375 0,211668388671875 0,87894765234375 0,2581097265625
23 0,89603962109375 0,252216544921875 0,92190338671875 0,246508755859375 0,90846948828125 0,200782330078125 0,884146380859375 0,206442029296875 0,89603962109375 0,252216544921875
29 0,9136623828125 0,24476145703125 0,933682787109375 0,2407079375 0,926806884765625 0,195104255859375 0,900447888671875 0,20077162109375 0,9136623828125 0,24476145703125
1 0,92984487890625 0,236428421875 0,95508978125 0,232836966796875 0,94277418359375 0,188940783203125 0,922250330078125 0,193830669921875 0,92984487890625 0,236428421875
0 0,946067525390625 0,2298235078125 0,970011693359375 0,22582674609375 0,96109425 0,183833349609375 0,935212380859375 0,189118994140625 0,946067525390625 0,2298235078125
3 0,961261125 0,2247623515625 0,98553203125 0,222211076171875 0,976032900390625 0,1787906875 0,952104009765625 0,18358881640625 0,961261125 0,2247623515625
23 0 0,59765625 0,041015625 0,59765625 0,041015625 0,845703125 0 0,845703125
3 0,0556640625 0,5986328125 0,1748046875 0,5986328125 0,1748046875 0,8369140625 0,0556640625 0,8369140625
0 0,1552734375 0,5986328125 0,2705078125 0,5986328125 0,2705078125 0,8310546875 0,1552734375 0,8310546875
6 0,2470703125 0,5986328125 0,3623046875 0,5986328125 0,3623046875 0,8173828125 0,2470703125 0,8173828125
36 0,8623046875 0,5986328125 0,9482421875 0,5986328125 0,9482421875 0,7607421875 0,8623046875 0,7607421875
0 0,958984375 0,59765625 1 0,59765625 1 0,75390625 0,958984375 0,75390625
42 0,729673032407407 0,606221064814815 0,818070023148148 0,606221064814815 0,818070023148148 0,776331018518518 0,729673032407407 0,776331018518518
46 0,796122685185185 0,601555266203704 0,876707175925926 0,601555266203704 0,876707175925926 0,771433738425926 0,796122685185185 0,771433738425926