13 0,331801177734375 0,3095703125 0,329036505859375 0,297044673828125 0,29440704296875 0,300949953125 0,295967337890625 0,3095703125 0,331801177734375 0,3095703125
0 0,595703125 0,3095703125 0,717039013671875 0,3095703125 0,72480926953125 0,108785673828125 0,595703125 0,11873533984375 0,595703125 0,3095703125
8 0,838357361328125 0,3095703125 0,848091048828125 0,103703314453125 0,71905951953125 0,114310138671875 0,707858919921875 0,3095703125 0,838357361328125 0,3095703125
0 0,9474235078125 0,3095703125 0,97251318359375 0,099891291015625 0,83983183203125 0,103853642578125 0,828942404296875 0,3095703125 0,9474235078125 0,3095703125
5 1 0,092971990234375 0,964181169921875 0,097508328125 0,941999423828125 0,3095703125 1 0,3095703125 1 0,092971990234375
10 0,0679615162037037 0,566261574074074 0,180157696759259 0,566261574074074 0,180157696759259 0,809678819444444 0,0679615162037037 0,809678819444444
10 0,155490451388889 0,549406828703704 0,275788483796296 0,549406828703704 0,275788483796296 0,801215277777778 0,155490451388889 0,801215277777778
4 0,394061053240741 0,512839988425926 0,518771701388889 0,512839988425926 0,518771701388889 0,778609664351852 0,394061053240741 0,778609664351852
5 0,49609375 0,4970703125 0,603515625 0,4970703125 0,603515625 0,7626953125 0,49609375 0,7626953125
13 0,246708622685185 0,526258680555556 0,377350983796296 0,526258680555556 0,377350983796296 0,794415509259259 0,246708622685185 0,794415509259259
5 0,90625 0,435546875 1 0,435546875 1 0,509765625 0,90625 0,509765625
5 0,912109375 0,4921875 1 0,4921875 1 0,56640625 0,912109375 0,56640625
1 0,890625 0,38671875 1 0,38671875 1 0,447265625 0,890625 0,447265625
39 0,923828125 0,5625 1 0,5625 1 0,630859375 0,923828125 0,630859375
23 0,9296875 0,615234375 1 0,615234375 1 0,6875 0,9296875 0,6875
23 0,94140625 0,66796875 1 0,66796875 1 0,74609375 0,94140625 0,74609375