14 0,627822990234375 0,26902598046875 0,666818478515625 0,22712398828125 0,6403896328125 0,215159962890625 0,59960164453125 0,256119568359375 0,627822990234375 0,26902598046875
28 0,61940028125 0,204824640625 0,5787150625 0,245959095703125 0,605416826171875 0,2559785546875 0,6454628671875 0,214974357421875 0,61940028125 0,204824640625
24 0,5594456875 0,2322828828125 0,58560048828125 0,244904392578125 0,625238302734375 0,203540390625 0,59857419921875 0,192704576171875 0,5594456875 0,2322828828125
7 0,554240017578125 0,22580344921875 0,591921578125 0,187257396484375 0,563040767578125 0,1761695859375 0,53101434765625 0,216168830078125 0,554240017578125 0,22580344921875
6 0,5126953125 0,198325234375 0,5126953125 0,20666921875 0,536439298828125 0,215330048828125 0,57025963671875 0,17556065625 0,54693604296875 0,1654470625 0,5126953125 0,198325234375
16 0,5126953125 0,198706001953125 0,55193126171875 0,167063783203125 0,522315900390625 0,15602315234375 0,5126953125 0,163499578125 0,5126953125 0,198706001953125
21 0,4755859375 0,455078125 0,5263671875 0,455078125 0,5263671875 0,779296875 0,4755859375 0,779296875
37 0,3544921875 0,435546875 0,5263671875 0,435546875 0,5263671875 0,751953125 0,3544921875 0,751953125
20 0,205447048611111 0,412868923611111 0,410597511574074 0,412868923611111 0,410597511574074 0,751627604166667 0,205447048611111 0,751627604166667
0 0,0271701388888889 0,406937210648148 0,228356481481481 0,406937210648148 0,228356481481481 0,743598090277778 0,0271701388888889 0,743598090277778
1 0 0,388671875 0,08203125 0,388671875 0,08203125 0,732421875 0 0,732421875
38 1 0,728150552734375 0,93026641796875 0,72935535546875 0,90030631640625 1 1 1 1 0,728150552734375
6 0,86775994140625 1 0,891177583984375 0,744382064453125 0,73886158203125 0,740062515625 0,72047135546875 1 0,86775994140625 1
1 0,753236587890625 1 0,761736873046875 0,73816768359375 0,671271431640625 0,7379027421875 0,6346300390625 1 0,753236587890625 1
7 0,613246333984375 1 0,65364873828125 0,7281636328125 0,5126953125 0,73483361328125 0,5126953125 1 0,613246333984375 1