28 0,504441550925926 0,100513599537037 0,643778935185185 0,100513599537037 0,643778935185185 0,302857349537037 0,504441550925926 0,302857349537037
23 0,582783564814815 0,109693287037037 0,728385416666667 0,109693287037037 0,728385416666667 0,320023148148148 0,582783564814815 0,320023148148148
13 0,668569155092593 0,117122395833333 0,806257233796296 0,117122395833333 0,806257233796296 0,325267650462963 0,668569155092593 0,325267650462963
0 0,780367476851852 0,13216869212963 0,921860532407407 0,13216869212963 0,921860532407407 0,3384765625 0,780367476851852 0,3384765625
3 0,861328125 0,142578125 1 0,142578125 1 0,3515625 0,861328125 0,3515625
8 0,947265625 0,150390625 1 0,150390625 1 0,359375 0,947265625 0,359375
10 0,1106522578125 0,4208984375 0,295085150390625 0,58488703125 0,39142995703125 0,4885068828125 0,2960386640625 0,4208984375 0,1106522578125 0,4208984375
52 0 0,5029809140625 0,213254751953125 0,669932271484375 0,297679451171875 0,5715996171875 0,10786855078125 0,4208984375 0 0,4208984375 0 0,5029809140625
23 0 0,683725400390625 0,1045350703125 0,76767194921875 0,206497248046875 0,65546795703125 0 0,49446245703125 0 0,683725400390625
10 0,498046875 0,9603168671875 0,54383085546875 0,964970494140625 0,586979802734375 0,74502278125 0,498046875 0,7398535546875 0,498046875 0,9603168671875
31 0,611055123046875 0,966971775390625 0,67359948828125 0,76635851953125 0,571732673828125 0,75073551171875 0,5314174921875 0,966952658203125 0,611055123046875 0,966971775390625
0 0,73833885546875 0,99556605078125 0,784941109375 0,7916107109375 0,692011435546875 0,77908134375 0,63899634765625 0,976162931640625 0,73833885546875 0,99556605078125
6 0,77466330859375 0,788288599609375 0,77142714453125 0,789223259765625 0,71979763671875 0,995877419921875 0,744561296875 0,9990234375 0,814719919921875 0,9990234375 0,8626211875 0,797446333984375 0,77466330859375 0,788288599609375
9 0,848427796875 0,806427908203125 0,796849763671875 0,9990234375 0,893231958984375 0,9990234375 0,934639236328125 0,815275466796875 0,848427796875 0,806427908203125