28 0,45078749609375 0,066873021484375 0,430501482421875 0,0730275703125 0,4375155390625 0,09087819921875 0,44601486328125 0,106675486328125 0,465149240234375 0,10055922265625 0,45078749609375 0,066873021484375
15 0,44985848828125 0,106728287109375 0,435248328125 0,072211259765625 0,414092306640625 0,078359548828125 0,430617515625 0,111947388671875 0,44985848828125 0,106728287109375
29 0,401966455078125 0,080836859375 0,3975143671875 0,084514396484375 0,398519435546875 0,089278658203125 0,404970275390625 0,0928305 0,41447058984375 0,1175742890625 0,43417534765625 0,1112673203125 0,418831712890625 0,077295845703125 0,401966455078125 0,080836859375
2 0,383458296875 0,11431866796875 0,386115171875 0,128094533203125 0,4088148203125 0,1202264765625 0,394386931640625 0,08618366796875 0,37343159375 0,0912507421875 0,3765691484375 0,102048625 0,383458296875 0,11431866796875
5 0,35629598828125 0,097374708984375 0,3628615078125 0,112396185546875 0,3661999609375 0,12008612109375 0,37143559375 0,13310294140625 0,3918096953125 0,126890572265625 0,38657833203125 0,114638705078125 0,37825172265625 0,0912679375 0,35629598828125 0,097374708984375
13 0,36164775 0,097322142578125 0,339291099609375 0,103989189453125 0,34155659765625 0,109806375 0,352448458984375 0,13898838671875 0,375874001953125 0,132634296875 0,36164775 0,097322142578125
39 1 0,32873492578125 0,915353291015625 0,3783879609375 1 0,507223107421875 1 0,32873492578125
4 0,966660716796875 0,5595703125 0,882842111328125 0,403815599609375 0,79371723828125 0,45152781640625 0,8627150859375 0,5595703125 0,966660716796875 0,5595703125
8 0,864577693359375 0,5595703125 0,7954874375 0,451609306640625 0,71114287109375 0,498206642578125 0,744754892578125 0,5595703125 0,864577693359375 0,5595703125
34 0,269118923611111 0,90697337962963 0,3154296875 0,90697337962963 0,3154296875 0,972800925925926 0,269118923611111 0,972800925925926
10 0,245833333333333 0,914677372685185 0,2921875 0,914677372685185 0,2921875 0,982458043981482 0,245833333333333 0,982458043981482
25 0,222547743055556 0,922381365740741 0,268858506944444 0,922381365740741 0,268858506944444 0,988208912037037 0,222547743055556 0,988208912037037
8 0,189561631944444 0,933376736111111 0,235872395833333 0,933376736111111 0,235872395833333 0,999204282407407 0,189561631944444 0,999204282407407
9 0,166015625 0,9375 0,2109375 0,9375 0,2109375 1 0,166015625 1
6 0,140625 0,943359375 0,189453125 0,943359375 0,189453125 1 0,140625 1
35 0,637413194444444 0,786639178240741 0,699913194444444 0,786639178240741 0,699913194444444 0,878436053240741 0,637413194444444 0,878436053240741
27 0,634765625 0,7958984375 0,6640625 0,7958984375 0,6640625 0,8876953125 0,634765625 0,8876953125