12 0,862275752314815 0,130013020833333 0,957486979166667 0,130013020833333 0,957486979166667 0,2474609375 0,862275752314815 0,2474609375
14 0,817180266203704 0,1271484375 0,912391493055556 0,1271484375 0,912391493055556 0,244596354166667 0,817180266203704 0,244596354166667
29 0,774985532407407 0,1232421875 0,868127893518518 0,1232421875 0,868127893518518 0,236653645833333 0,774985532407407 0,236653645833333
3 0,710300925925926 0,1197265625 0,803385416666667 0,1197265625 0,803385416666667 0,231184895833333 0,710300925925926 0,231184895833333
3 0,662131076388889 0,1119140625 0,759295428240741 0,1119140625 0,759295428240741 0,2294921875 0,662131076388889 0,2294921875
7 0,618959780092593 0,108203125 0,712217881944444 0,108203125 0,712217881944444 0,225520833333333 0,618959780092593 0,225520833333333
12 0,816763990234375 0,742103306640625 0,848977552734375 0,617485216796875 0,783034400390625 0,61014755859375 0,746473583984375 0,73248125390625 0,816763990234375 0,742103306640625
16 0,7646186640625 0,733558455078125 0,800053423828125 0,612445083984375 0,7356466640625 0,602972435546875 0,698652201171875 0,7249417734375 0,7646186640625 0,733558455078125
31 0,713590154296875 0,725549669921875 0,75227908203125 0,604621591796875 0,685379177734375 0,597070236328125 0,658136748046875 0,717871123046875 0,713590154296875 0,725549669921875
8 0,65617962890625 0,713133017578125 0,683050572265625 0,59552778125 0,6224947734375 0,590748703125 0,590664041015625 0,706974029296875 0,65617962890625 0,713133017578125
0 0,606868119140625 0,708605541015625 0,639678115234375 0,590442318359375 0,5802824609375 0,584995451171875 0,54375723828125 0,701526359375 0,606868119140625 0,708605541015625
5 0,55925875 0,7045545546875 0,596102326171875 0,5849824453125 0,533821998046875 0,5782616796875 0,4982600703125 0,695218978515625 0,55925875 0,7045545546875