22 0,77715480859375 0,182463439453125 0,75996988671875 0,1292531328125 0,723011609375 0,137362765625 0,739634931640625 0,189357494140625 0,77715480859375 0,182463439453125
22 0,805840099609375 0,174927521484375 0,78809273828125 0,122765673828125 0,7526343203125 0,129645037109375 0,76900348828125 0,182275455078125 0,805840099609375 0,174927521484375
26 0,835165455078125 0,168633255859375 0,81781333984375 0,116022744140625 0,78183570703125 0,122253033203125 0,798350759765625 0,175005689453125 0,835165455078125 0,168633255859375
2 0,884793857421875 0,1562393984375 0,867344625 0,10422905859375 0,831489041015625 0,111431275390625 0,84812009765625 0,16317546484375 0,884793857421875 0,1562393984375
0 0,914492240234375 0,148896677734375 0,89729391015625 0,096849796875 0,86107401171875 0,103524857421875 0,8786095 0,155910908203125 0,914492240234375 0,148896677734375
15 0,94400323046875 0,14159043359375 0,927647638671875 0,088646279296875 0,889683181640625 0,095613353515625 0,907379322265625 0,148938625 0,94400323046875 0,14159043359375
32 0,174733208984375 0,939081083984375 0,1236435546875 0,7193665078125 0,04295858984375 0,744007970703125 0,090993564453125 0,955408072265625 0,174733208984375 0,939081083984375
32 0,24562544921875 0,917900751953125 0,20243708203125 0,6967383125 0,1217856875 0,71833140625 0,17523045703125 0,93621044140625 0,24562544921875 0,917900751953125
10 0,3333691640625 0,88163358203125 0,25817864453125 0,6794626328125 0,20302753515625 0,693661927734375 0,24599084765625 0,9148245546875 0,3333691640625 0,88163358203125
4 0,4246735546875 0,85205236328125 0,374499359375 0,643906375 0,303617779296875 0,660797302734375 0,34930748046875 0,865302966796875 0,4246735546875 0,85205236328125
8 0,484375 0,8404557109375 0,484375 0,7319830625 0,450671302734375 0,610123630859375 0,376637005859375 0,639202931640625 0,429413984375 0,855869138671875 0,484375 0,8404557109375
35 0,649441298828125 0,687703568359375 0,721375302734375 0,676553484375 0,674111419921875 0,50615381640625 0,596982705078125 0,5243553046875 0,649441298828125 0,687703568359375
13 0,79123789453125 0,65835199609375 0,743133228515625 0,500334916015625 0,672005203125 0,50514938671875 0,720637439453125 0,68071669921875 0,79123789453125 0,65835199609375
10 0,86433855859375 0,637218390625 0,789780572265625 0,47390983984375 0,7418837265625 0,494615318359375 0,7864326640625 0,656301037109375 0,86433855859375 0,637218390625
2 0,9635413984375 0,616372447265625 0,911945876953125 0,4490483046875 0,83782459375 0,465200365234375 0,883565609375 0,63279118359375 0,9635413984375 0,616372447265625
5 1 0,465432716796875 0,992174982421875 0,439453125 0,92689225390625 0,439453125 0,910776078125 0,443327470703125 0,96078561328125 0,615060775390625 1 0,606079181640625 1 0,465432716796875