28 0,648220224609375 0,2992491328125 0,673388509765625 0,1916706328125 0,59586938671875 0,17896785546875 0,5784178203125 0,287520326171875 0,648220224609375 0,2992491328125
13 0,631987847222222 0,187239583333333 0,732581018518518 0,187239583333333 0,732581018518518 0,321484375 0,631987847222222 0,321484375
32 0,690516493055556 0,205794270833333 0,789113136574074 0,205794270833333 0,789113136574074 0,334049479166667 0,690516493055556 0,334049479166667
2 0,767513020833333 0,2294921875 0,870030381944444 0,2294921875 0,870030381944444 0,3599609375 0,767513020833333 0,3599609375
9 0,827980324074074 0,246223958333333 0,928530092592593 0,246223958333333 0,928530092592593 0,374609375 0,827980324074074 0,374609375
0 0,886472800925926 0,263802083333333 0,987022569444445 0,263802083333333 0,987022569444445 0,3921875 0,886472800925926 0,3921875
11 0,219202212890625 0,837427642578125 0,25322607421875 0,8388183359375 0,267853490234375 0,798321048828125 0,23428442578125 0,796350390625 0,219202212890625 0,837427642578125
20 0,239402962890625 0,839749736328125 0,272819765625 0,841139216796875 0,28940763671875 0,80099063671875 0,254348853515625 0,79897465234375 0,239402962890625 0,839749736328125
2 0,285932080078125 0,841087728515625 0,315137498046875 0,844242439453125 0,332572291015625 0,8053066328125 0,301454333984375 0,80265923046875 0,285932080078125 0,841087728515625
0 0,337252453125 0,843988208984375 0,350556671875 0,805443857421875 0,3209531171875 0,80523249609375 0,304450912109375 0,844364115234375 0,337252453125 0,843988208984375
6 0,351701119140625 0,846386787109375 0,37073137890625 0,80704378515625 0,34218181640625 0,805236052734375 0,321269279296875 0,845208228515625 0,351701119140625 0,846386787109375
13 0,2594710859375 0,840560494140625 0,290508982421875 0,8412103046875 0,3053348046875 0,802417466796875 0,277950458984375 0,80059278125 0,2594710859375 0,840560494140625
26 0,369140625 0,556640625 0,619140625 0,556640625 0,619140625 0,998046875 0,369140625 0,998046875
16 0,513671875 0,59765625 0,7578125 0,59765625 0,7578125 0,998046875 0,513671875 0,998046875
30 0,646484375 0,625 0,888671875 0,625 0,888671875 0,998046875 0,646484375 0,998046875
2 0,82421875 0,67578125 1 0,67578125 1 0,998046875 0,82421875 0,998046875