46 0,56640625 0 0,68359375 0 0,68359375 0,046875 0,56640625 0,046875
12 0,623046875 0 0,744140625 0 0,744140625 0,0390625 0,623046875 0,0390625
11 0,051171875 0,617100694444444 0,14146412037037 0,617100694444444 0,14146412037037 0,713020833333333 0,051171875 0,713020833333333
26 0,0840711805555555 0,612717013888889 0,174464699074074 0,612717013888889 0,174464699074074 0,710590277777778 0,0840711805555555 0,710590277777778
10 0,120978009259259 0,610460069444444 0,20541087962963 0,610460069444444 0,20541087962963 0,706119791666667 0,120978009259259 0,706119791666667
2 0,162514467592592 0,603537326388889 0,252806712962963 0,603537326388889 0,252806712962963 0,699457465277778 0,162514467592592 0,699457465277778
4 0,197316261574074 0,598263888888889 0,281749131944444 0,598263888888889 0,281749131944444 0,693923611111111 0,197316261574074 0,693923611111111
4 0,22923900462963 0,593836805555556 0,319632523148148 0,593836805555556 0,319632523148148 0,691710069444444 0,22923900462963 0,691710069444444
22 0,4501953125 0,47767807421875 0,4501953125 0,612452017578125 0,49936925 0,752424078125 0,6307747578125 0,722932939453125 0,53785944140625 0,461669814453125 0,4501953125 0,47767807421875
23 0,7328614453125 0,691773150390625 0,643880466796875 0,432256619140625 0,520445189453125 0,460192333984375 0,610880458984375 0,72256719140625 0,7328614453125 0,691773150390625
10 0,8371343984375 0,662574841796875 0,700780310546875 0,4106520078125 0,629780271484375 0,427757322265625 0,70631661328125 0,69673103515625 0,8371343984375 0,662574841796875
5 0,97807884375 0,62809779296875 0,88443113671875 0,375068015625 0,759787287109375 0,39840016015625 0,858597625 0,660517802734375 0,97807884375 0,62809779296875
7 1 0,3740234375 0,867231482421875 0,3740234375 0,96453097265625 0,63041619921875 1 0,624737353515625 1 0,3740234375