11 0,05221612890625 0,52959249609375 0,03964709375 0,525196927734375 0,033975802734375 0,5296063828125 0,0266393828125 0,56019520703125 0,043256841796875 0,567660603515625 0,05221612890625 0,52959249609375
13 0,02815228125 0,559913892578125 0,037097521484375 0,523732951171875 0,01928228515625 0,51845490625 0,010735818359375 0,553747625 0,02815228125 0,559913892578125
21 0 0,549758263671875 0,0124590703125 0,55413969921875 0,020898080078125 0,51787013671875 0,013843732421875 0,514401376953125 0,006180435546875 0,540715755859375 0 0,539161775390625 0 0,549758263671875
31 0,857916806640625 0,22222517578125 0,90232987890625 0,029199537109375 0,82573244140625 0,015995515625 0,784262767578125 0,21349448046875 0,857916806640625 0,22222517578125
22 0,78652326171875 0,211613908203125 0,826048044921875 0,0178760859375 0,750613267578125 0,00618692578125 0,706203361328125 0,1971891015625 0,78652326171875 0,211613908203125
11 0,70733542578125 0,203909603515625 0,749624970703125 0,011249728515625 0,6794143984375 0,0050410078125 0,62944182421875 0,18579444140625 0,70733542578125 0,203909603515625
5 0,564910033203125 0 0,51831078515625 0,17266807421875 0,5993270390625 0,17979294140625 0,646445798828125 0 0,564910033203125 0
0 0,489378791015625 0 0,44634697265625 0,161985599609375 0,52165284765625 0,180395265625 0,5655119453125 0 0,489378791015625 0
2 0,416788875 0 0,3974609375 0,071380634765625 0,3974609375 0,15277194140625 0,451981587890625 0,168045423828125 0,49121944140625 0 0,416788875 0
27 0,2705078125 0,873046875 0,3994140625 0,873046875 0,3994140625 1 0,2705078125 1
18 0,1689453125 0,849609375 0,3232421875 0,849609375 0,3232421875 1 0,1689453125 1
14 0,0478515625 0,84375 0,2216796875 0,84375 0,2216796875 1 0,0478515625 1
0 0 0,828125 0,060546875 0,828125 0,060546875 1 0 1
44 0,5986328125 0,875 0,8271484375 0,875 0,8271484375 1 0,5986328125 1
44 0,4599609375 0,8515625 0,6865234375 0,8515625 0,6865234375 1 0,4599609375 1
44 0,3974609375 0,857421875 0,5478515625 0,857421875 0,5478515625 1 0,3974609375 1
40 0,7822265625 0,90234375 0,9970703125 0,90234375 0,9970703125 1 0,7822265625 1