11 0,365791377314815 0,428580729166667 0,429231770833333 0,428580729166667 0,429231770833333 0,472938368055556 0,365791377314815 0,472938368055556
20 0,334714988425926 0,430121527777778 0,399992766203704 0,430121527777778 0,399992766203704 0,472612847222222 0,334714988425926 0,472612847222222
13 0,305475983796296 0,429796006944444 0,370869502314815 0,429796006944444 0,370869502314815 0,474240451388889 0,305475983796296 0,474240451388889
2 0,263657407407407 0,430859375 0,326982060185185 0,430859375 0,326982060185185 0,473263888888889 0,263657407407407 0,473263888888889
0 0,235568576388889 0,433506944444444 0,298777488425926 0,433506944444444 0,298777488425926 0,473958333333333 0,235568576388889 0,473958333333333
6 0,20541087962963 0,434114583333333 0,270688657407407 0,434114583333333 0,270688657407407 0,476605902777778 0,20541087962963 0,476605902777778
46 0,788035300925926 0,0357421875 0,907595486111111 0,0357421875 0,907595486111111 0,205316840277778 0,788035300925926 0,205316840277778
44 0,496180555555556 0,0743923611111111 0,617115162037037 0,0743923611111111 0,617115162037037 0,234288194444444 0,496180555555556 0,234288194444444
44 0,4853515625 0,0732421875 0,5478515625 0,0732421875 0,5478515625 0,2451171875 0,4853515625 0,2451171875
44 0,563274016203704 0,0725043402777777 0,677423321759259 0,0725043402777777 0,677423321759259 0,216514756944444 0,563274016203704 0,216514756944444
31 0,72525318287037 0,0446397569444444 0,839069733796296 0,0446397569444444 0,839069733796296 0,215907118055556 0,72525318287037 0,215907118055556
36 0,654427083333333 0,0492838541666667 0,775477430555556 0,0492838541666667 0,775477430555556 0,2111328125 0,654427083333333 0,2111328125
5 0,2353515625 0,5029296875 0,4326171875 0,5029296875 0,4326171875 0,5869140625 0,2353515625 0,5869140625
0 0,1123046875 0,5029296875 0,2998046875 0,5029296875 0,2998046875 0,5908203125 0,1123046875 0,5908203125
6 0,167809662109375 0,5029296875 0,017668048828125 0,5029296875 0,0384687890625 0,5736630078125 0,09715703515625 0,629051638671875 0,186001853515625 0,58778703125 0,167809662109375 0,5029296875
19 0,6887822734375 0,624772115234375 0,690974685546875 0,609391455078125 0,641966302734375 0,6075657734375 0,64135405078125 0,624325609375 0,6887822734375 0,624772115234375
24 0,67214325390625 0,625077802734375 0,667662693359375 0,60858269921875 0,622625326171875 0,60803400390625 0,622573505859375 0,624471890625 0,67214325390625 0,625077802734375
21 0,603252068359375 0,620298271484375 0,601644044921875 0,624048935546875 0,651986873046875 0,62437613671875 0,650059072265625 0,608318404296875 0,6281007890625 0,608338236328125 0,62807209375 0,619339203125 0,603252068359375 0,620298271484375
9 0,626324611328125 0,6230619140625 0,61641060546875 0,615913203125 0,624350810546875 0,613725859375 0,62234555078125 0,60786887890625 0,576181240234375 0,606960693359375 0,578264693359375 0,6229690546875 0,626324611328125 0,6230619140625
7 0,60708046484375 0,623090345703125 0,603601587890625 0,60648198046875 0,557699107421875 0,605752189453125 0,559192185546875 0,622942888671875 0,60708046484375 0,623090345703125
3 0,583619134765625 0,606326642578125 0,539584123046875 0,60628823046875 0,538639099609375 0,61856402734375 0,540822123046875 0,621973716796875 0,588833689453125 0,622108130859375 0,583619134765625 0,606326642578125