19 0,28575555078125 0,433153138671875 0,286665080078125 0,366903701171875 0,230032134765625 0,36491396484375 0,23158268359375 0,432064234375 0,28575555078125 0,433153138671875
15 0,267644353515625 0,43528632421875 0,32033683203125 0,43640946484375 0,32095084765625 0,36924034375 0,269332564453125 0,36668583984375 0,267644353515625 0,43528632421875
25 0,302435400390625 0,436201765625 0,354246423828125 0,43808726953125 0,35800016796875 0,373003263671875 0,30344495703125 0,369931169921875 0,302435400390625 0,436201765625
4 0,3524003046875 0,439695607421875 0,406317173828125 0,44270159375 0,407985037109375 0,375827337890625 0,354407212890625 0,37333559765625 0,3524003046875 0,439695607421875
7 0,3905153203125 0,4418896953125 0,43955938671875 0,4445233828125 0,443442337890625 0,37802438671875 0,389632189453125 0,375333419921875 0,3905153203125 0,4418896953125
0 0,42422136328125 0,445083369140625 0,4782646015625 0,448087720703125 0,479566216796875 0,3814787734375 0,425182630859375 0,377960478515625 0,42422136328125 0,445083369140625
9 0,856828703703704 0,353414351851852 0,897048611111111 0,353414351851852 0,897048611111111 0,376996527777778 0,856828703703704 0,376996527777778
19 0,791051793981481 0,3470703125 0,833224826388889 0,3470703125 0,833224826388889 0,370666956018519 0,791051793981481 0,370666956018519
3 0,893135127314815 0,356611689814815 0,935308159722222 0,356611689814815 0,935308159722222 0,380208333333333 0,893135127314815 0,380208333333333
24 0,810698784722222 0,349168113425926 0,85091869212963 0,349168113425926 0,85091869212963 0,372750289351852 0,810698784722222 0,372750289351852
7 0,876475694444444 0,355512152777778 0,916695601851852 0,355512152777778 0,916695601851852 0,379094328703704 0,876475694444444 0,379094328703704
21 0,829369212962963 0,351258680555556 0,86958912037037 0,351258680555556 0,86958912037037 0,374840856481481 0,829369212962963 0,374840856481481
21 0,2685315390625 1 0,252865431640625 0,83210600390625 0,1839823046875 0,8317795 0,19597982421875 1 0,2685315390625 1
43 0,324228111328125 1 0,3128063671875 0,82946771875 0,24051221875 0,83249994921875 0,251600048828125 1 0,324228111328125 1
21 0,376609865234375 1 0,354802228515625 0,833114205078125 0,29647115234375 0,832443529296875 0,30815753515625 1 0,376609865234375 1
4 0,451692458984375 1 0,437510115234375 0,822590869140625 0,375084240234375 0,822888421875 0,386531529296875 1 0,451692458984375 1
0 0,50196230078125 1 0,48822367578125 0,8279564453125 0,42325746875 0,8274298125 0,431255619140625 1 0,50196230078125 1
3 0,5529359765625 1 0,539260404296875 0,822201125 0,46934476171875 0,822415376953125 0,48557965234375 1 0,5529359765625 1