35 0,060206794921875 0,271301529296875 0,052977794921875 0,223828568359375 0,016377140625 0,230266376953125 0,0232454140625 0,277266787109375 0,060206794921875 0,271301529296875
17 0 0,2819870703125 0,02648298828125 0,27806825390625 0,018573166015625 0,230669658203125 0 0,234004951171875 0 0,2819870703125
43 0,8203125 0 0,947265625 0 0,947265625 0,060546875 0,8203125 0,060546875
9 0,736328125 0 0,857421875 0 0,857421875 0,078125 0,736328125 0,078125
3 0,669921875 0 0,798828125 0 0,798828125 0,111328125 0,669921875 0,111328125
0 0,609375 0 0,73046875 0 0,73046875 0,12890625 0,609375 0,12890625
17 0,171484375 0,514482060185185 0,246744791666667 0,514482060185185 0,246744791666667 0,621339699074074 0,171484375 0,621339699074074
23 0,129036458333333 0,524421296296296 0,20625 0,524421296296296 0,20625 0,631380208333333 0,129036458333333 0,631380208333333
20 0,0934895833333333 0,535387731481481 0,164713541666667 0,535387731481481 0,164713541666667 0,640089699074074 0,0934895833333333 0,640089699074074
2 0,0345052083333334 0,547063078703704 0,110026041666667 0,547063078703704 0,110026041666667 0,657826967592593 0,0345052083333334 0,657826967592593
9 0 0,55859375 0,0703125 0,55859375 0,0703125 0,666015625 0 0,666015625
1 0 0,56640625 0,029296875 0,56640625 0,029296875 0,673828125 0 0,673828125
13 0,66796875 0,48828125 0,80859375 0,48828125 0,80859375 0,544921875 0,66796875 0,544921875
0 0,5546875 0,48828125 0,701171875 0,48828125 0,701171875 0,57421875 0,5546875 0,57421875
3 0,47265625 0,48828125 0,619140625 0,48828125 0,619140625 0,59765625 0,47265625 0,59765625
8 0,40625 0,48828125 0,53515625 0,48828125 0,53515625 0,6171875 0,40625 0,6171875