24 0,468858506944444 0,0238281249999999 0,499963831018518 0,0238281249999999 0,499963831018518 0,0744791666666667 0,468858506944444 0,0744791666666667
13 0,497214988425926 0,0209635416666667 0,5283203125 0,0209635416666667 0,5283203125 0,0716145833333335 0,497214988425926 0,0716145833333335
18 0,524558738425926 0,0194010416666668 0,5517578125 0,0194010416666668 0,5517578125 0,0697916666666667 0,524558738425926 0,0697916666666667
6 0,565574363425926 0,018359375 0,596607349537037 0,018359375 0,596607349537037 0,0670572916666667 0,565574363425926 0,0670572916666667
6 0,5927734375 0,0166666666666668 0,621997974537037 0,0166666666666668 0,621997974537037 0,069140625 0,5927734375 0,069140625
14 0,617259837962963 0,0149088541666667 0,648365162037037 0,0149088541666667 0,648365162037037 0,0655598958333334 0,617259837962963 0,0655598958333334
1 0 0,5352141484375 0,031510083984375 0,533976759765625 0,0365834140625 0,419921875 0 0,419921875 0 0,5352141484375
28 0,5337630234375 0,666279384765625 0,534073494140625 0,643257158203125 0,518968859375 0,64441008984375 0,5185023984375 0,668018130859375 0,5337630234375 0,666279384765625
15 0,54632948046875 0,66467787109375 0,546528685546875 0,6416605 0,53216075 0,643268740234375 0,531729080078125 0,666678740234375 0,54632948046875 0,66467787109375
29 0,5578878359375 0,6638989921875 0,560226001953125 0,640691068359375 0,54514142578125 0,642016171875 0,54446872265625 0,6652648046875 0,5578878359375 0,6638989921875
2 0,56607815234375 0,652716302734375 0,562457318359375 0,66300220703125 0,57968800390625 0,661856751953125 0,578785154296875 0,638690263671875 0,56368142578125 0,640614263671875 0,56607815234375 0,652716302734375
5 0,57815919140625 0,662236408203125 0,5907083203125 0,660421580078125 0,59184590234375 0,647688623046875 0,5912539921875 0,63729086328125 0,577015875 0,638844154296875 0,57815919140625 0,662236408203125
13 0,60506086328125 0,65863920703125 0,605302978515625 0,63670141015625 0,589638140625 0,637609771484375 0,589333029296875 0,66158055078125 0,60506086328125 0,65863920703125