24 0,45859375 0,225325520833333 0,5078125 0,225325520833333 0,5078125 0,2810546875 0,45859375 0,2810546875
13 0,431076388888889 0,230041956018519 0,480295138888889 0,230041956018519 0,480295138888889 0,285771122685185 0,431076388888889 0,285771122685185
18 0,407465277777778 0,236711516203704 0,452690972222222 0,236711516203704 0,452690972222222 0,29037181712963 0,407465277777778 0,29037181712963
6 0,363172743055556 0,245710358796296 0,4123046875 0,245710358796296 0,4123046875 0,299486400462963 0,363172743055556 0,299486400462963
6 0,337391493055556 0,251345486111111 0,386697048611111 0,251345486111111 0,386697048611111 0,309027777777778 0,337391493055556 0,309027777777778
14 0,311870659722222 0,256980613425926 0,361089409722222 0,256980613425926 0,361089409722222 0,312709780092593 0,311870659722222 0,312709780092593
22 0,734375 0,76163383203125 0,64968626171875 0,77902158984375 0,635360923828125 0,989558345703125 0,734375 0,969585966796875 0,734375 0,76163383203125
3 0,593634876953125 1 0,6077622734375 0,99713986328125 0,6151739453125 0,79210790234375 0,49429683203125 0,8141680390625 0,50735675390625 1 0,593634876953125 1
6 0,512076060546875 1 0,49622009765625 0,816298416015625 0,38102653125 0,844191626953125 0,4020308046875 1 0,512076060546875 1
4 0,4143902265625 1 0,394305470703125 0,842138970703125 0,299191490234375 0,85748160546875 0,307688099609375 1 0,4143902265625 1
2 0,309990935546875 1 0,29826448828125 0,866578638671875 0,16579816796875 0,911944767578125 0,178583736328125 1 0,309990935546875 1
0 0,857421875 0,662109375 1 0,662109375 1 1 0,857421875 1
0 0,72265625 0,6953125 0,939453125 0,6953125 0,939453125 1 0,72265625 1