19 0 0,375 0,03515625 0,375 0,03515625 0,431640625 0 0,431640625
28 0 0,375 0,068359375 0,375 0,068359375 0,4296875 0 0,4296875
7 0,0348090277777778 0,373734085648148 0,112282986111111 0,373734085648148 0,112282986111111 0,428884548611111 0,0348090277777778 0,428884548611111
7 0,0661024305555555 0,372243923611111 0,145529513888889 0,372243923611111 0,145529513888889 0,427423321759259 0,0661024305555555 0,427423321759259
3 0,0973741319444443 0,371730324074074 0,178754340277778 0,371730324074074 0,178754340277778 0,426938657407407 0,0973741319444443 0,426938657407407
18 0,597482638888889 0,269307002314815 0,728862847222222 0,269307002314815 0,728862847222222 0,465834780092593 0,597482638888889 0,465834780092593
10 0,679600694444444 0,264662905092593 0,812977430555556 0,264662905092593 0,812977430555556 0,463172743055556 0,679600694444444 0,463172743055556
15 0,754014756944444 0,25892650462963 0,885394965277778 0,25892650462963 0,885394965277778 0,455454282407407 0,754014756944444 0,455454282407407
6 0,875 0,251953125 1 0,251953125 1 0,443359375 0,875 0,443359375
3 0,951171875 0,25 1 0,25 1 0,439453125 0,951171875 0,439453125
11 0,404696146484375 0,751953125 0,407457228515625 0,9025311640625 0,557559419921875 0,898191734375 0,556080826171875 0,751953125 0,404696146484375 0,751953125
11 0,51910129296875 0,751953125 0,52178003125 0,8964245703125 0,669730068359375 0,897781857421875 0,67134925390625 0,751953125 0,51910129296875 0,751953125
10 0,633365806640625 0,751953125 0,6311184296875 0,89943537109375 0,7828522421875 0,8983478203125 0,77780469921875 0,751953125 0,633365806640625 0,751953125
8 0,78162628515625 0,751953125 0,782398990234375 0,89402998046875 0,93640671875 0,893749205078125 0,93387601171875 0,751953125 0,78162628515625 0,751953125
6 1 0,751953125 0,897972248046875 0,751953125 0,89753314453125 0,893753447265625 1 0,89459086328125 1 0,751953125