28 0,415210125 0,408203125 0,3985834296875 0,382801001953125 0,38238480859375 0,39889362109375 0,388269224609375 0,408203125 0,415210125 0,408203125
24 0,43840343359375 0,408203125 0,4144273828125 0,3724086796875 0,397281171875 0,383988931640625 0,412519923828125 0,408203125 0,43840343359375 0,408203125
0 0,449331326171875 0,405170146484375 0,462114912109375 0,39477090625 0,45462103515625 0,377559861328125 0,434828712890625 0,35109865234375 0,419994564453125 0,363474802734375 0,449331326171875 0,405170146484375
9 0,462022919921875 0,362706451171875 0,457444177734375 0,34925018359375 0,451273724609375 0,34381089453125 0,437513373046875 0,3440441328125 0,434269326171875 0,351064771484375 0,462320787109375 0,392669267578125 0,4708326328125 0,384903818359375 0,468884130859375 0,372998921875 0,462022919921875 0,362706451171875
15 0,48758462109375 0,37021098046875 0,461665142578125 0,325754798828125 0,44794558984375 0,340314318359375 0,475343818359375 0,383397669921875 0,48758462109375 0,37021098046875
16 0,21171875 0,622359664351852 0,267028356481481 0,622359664351852 0,267028356481481 0,710105613425926 0,21171875 0,710105613425926
15 0,250810185185185 0,61939380787037 0,308087384259259 0,61939380787037 0,308087384259259 0,70923755787037 0,250810185185185 0,70923755787037
29 0,294813368055556 0,614836516203704 0,35404369212963 0,614836516203704 0,35404369212963 0,70482494212963 0,294813368055556 0,70482494212963
5 0,358362268518518 0,609772858796296 0,417592592592593 0,609772858796296 0,417592592592593 0,699761284722222 0,358362268518518 0,699761284722222
5 0,403342013888889 0,605287905092593 0,460619212962963 0,605287905092593 0,460619212962963 0,695131655092593 0,403342013888889 0,695131655092593
7 0,448314525462963 0,603732638888889 0,505577256944444 0,603732638888889 0,505577256944444 0,691623263888889 0,448314525462963 0,691623263888889