13 0,427734375 0 0,5234375 0 0,5234375 0,484375 0,427734375 0,484375
8 0,478515625 0 0,708984375 0 0,708984375 0,478515625 0,478515625 0,478515625
8 0,62109375 0 0,837890625 0 0,837890625 0,494140625 0,62109375 0,494140625
9 0,758355034722222 0,00748697916666674 0,986725983796296 0,00748697916666674 0,986725983796296 0,497374131944444 0,758355034722222 0,497374131944444
3 0 0,637168890625 0,077804869140625 0,639440130859375 0,05374955859375 0,513671875 0 0,513671875 0 0,637168890625
4 0,0214947265625 0,513671875 0,0454318515625 0,6336104453125 0,1432156953125 0,636391662109375 0,10777213671875 0,513671875 0,0214947265625 0,513671875
5 0,0814231484375 0,513671875 0,114944802734375 0,632870478515625 0,20506561328125 0,6319681328125 0,18124907421875 0,513671875 0,0814231484375 0,513671875
47 0,427734375 0,75390625 0,5703125 0,75390625 0,5703125 1 0,427734375 1
20 0,474609375 0,748046875 0,6875 0,748046875 0,6875 1 0,474609375 1
9 0,650390625 0,720703125 0,876953125 0,720703125 0,876953125 1 0,650390625 1
9 0,80078125 0,736328125 1 0,736328125 1 1 0,80078125 1
2 0,92578125 0,732421875 1 0,732421875 1 1 0,92578125 1