1 0,578125 0 0,71875 0 0,71875 0,080078125 0,578125 0,080078125
6 0,67578125 0 0,833984375 0 0,833984375 0,087890625 0,67578125 0,087890625
2 0,779296875 0 0,943359375 0 0,943359375 0,10546875 0,779296875 0,10546875
38 0 0,490234375 0,119140625 0,490234375 0,119140625 0,841796875 0 0,841796875
37 0,0580512152777777 0,527864583333333 0,242368344907407 0,527864583333333 0,242368344907407 0,872395833333333 0,0580512152777777 0,872395833333333
25 0,17552806712963 0,551302083333333 0,3681640625 0,551302083333333 0,3681640625 0,876953125 0,17552806712963 0,876953125
2 0,332537615740741 0,5833984375 0,529658564814815 0,5833984375 0,529658564814815 0,917122395833333 0,332537615740741 0,917122395833333
9 0,45703125 0,6123046875 0,583984375 0,6123046875 0,583984375 0,9384765625 0,45703125 0,9384765625
13 0,552734375 0,5595703125 0,615234375 0,5595703125 0,615234375 0,7646484375 0,552734375 0,7646484375
11 0,565104166666667 0,569401041666667 0,698278356481481 0,569401041666667 0,698278356481481 0,774479166666667 0,565104166666667 0,774479166666667
0 0,680049189814815 0,580989583333333 0,80736400462963 0,580989583333333 0,80736400462963 0,785677083333333 0,680049189814815 0,785677083333333
2 0,757957175925926 0,589127604166667 0,889178240740741 0,589127604166667 0,889178240740741 0,794075520833333 0,757957175925926 0,794075520833333
3 0,927565525390625 0,79814069921875 0,97344421875 0,602981478515625 0,864398509765625 0,594019494140625 0,8385624765625 0,79082593359375 0,927565525390625 0,79814069921875