10 0,728081597222222 0,173842592592593 0,847468171296296 0,173842592592593 0,847468171296296 0,473350694444444 0,728081597222222 0,473350694444444
10 0,636226851851852 0,166666666666667 0,761603009259259 0,166666666666667 0,761603009259259 0,483796296296296 0,636226851851852 0,483796296296296
10 0,551338252314815 0,177105034722222 0,670811631944444 0,177105034722222 0,670811631944444 0,488331886574074 0,551338252314815 0,488331886574074
10 0,421498842592593 0,184013310185185 0,529282407407407 0,184013310185185 0,529282407407407 0,499059606481482 0,421498842592593 0,499059606481482
2 0,32974537037037 0,190451388888889 0,451157407407407 0,190451388888889 0,451157407407407 0,499739583333333 0,32974537037037 0,499739583333333
3 0,3056640625 0,1962890625 0,3642578125 0,1962890625 0,3642578125 0,5048828125 0,3056640625 0,5048828125
23 0,829214916015625 0,5986328125 0,836872138671875 0,733495716796875 0,969318923828125 0,714480298828125 0,967401591796875 0,5986328125 0,829214916015625 0,5986328125
29 0,726212443359375 0,5986328125 0,74132168359375 0,757576875 0,862297283203125 0,737348607421875 0,853558064453125 0,5986328125 0,726212443359375 0,5986328125
30 0,610284806640625 0,5986328125 0,618282837890625 0,789359208984375 0,754863373046875 0,7652022109375 0,745432712890625 0,5986328125 0,610284806640625 0,5986328125
1 0,4594258984375 0,5986328125 0,469421578125 0,83063716796875 0,596204732421875 0,80692325 0,583663173828125 0,5986328125 0,4594258984375 0,5986328125
0 0,47309405859375 0,5986328125 0,34860964453125 0,5986328125 0,316967544921875 0,603722111328125 0,34976904296875 0,867457177734375 0,488253349609375 0,837275234375 0,47309405859375 0,5986328125
2 0,3056640625 0,884342486328125 0,37255359765625 0,876461958984375 0,325892326171875 0,603632365234375 0,3056640625 0,60565063671875 0,3056640625 0,884342486328125