18 0,149869791666667 0,3533203125 0,215625 0,3533203125 0,215625 0,410785590277778 0,149869791666667 0,410785590277778
23 0,117751736111111 0,349066840277778 0,187413194444445 0,349066840277778 0,187413194444445 0,406618923611111 0,117751736111111 0,406618923611111
29 0,0885850694444444 0,343901909722222 0,156293402777778 0,343901909722222 0,156293402777778 0,401410590277778 0,0885850694444444 0,401410590277778
1 0,0486979166666667 0,337999131944444 0,114453125 0,337999131944444 0,114453125 0,395464409722222 0,0486979166666667 0,395464409722222
0 0,0175347222222223 0,334787326388889 0,0832899305555556 0,334787326388889 0,0832899305555556 0,392252604166667 0,0175347222222223 0,392252604166667
3 0 0,330078125 0,052734375 0,330078125 0,052734375 0,38671875 0 0,38671875
44 0,486328125 0,1787109375 0,6171875 0,1787109375 0,6171875 0,4560546875 0,486328125 0,4560546875
39 0,7890625 0,2587890625 0,974609375 0,2587890625 0,974609375 0,4873046875 0,7890625 0,4873046875
44 0,650390625 0,2333984375 0,830078125 0,2333984375 0,830078125 0,4873046875 0,650390625 0,4873046875
44 0,537065972222222 0,209440104166667 0,728342013888889 0,209440104166667 0,728342013888889 0,468815104166667 0,537065972222222 0,468815104166667
41 0,89453125 0,27734375 1 0,27734375 1 0,486328125 0,89453125 0,486328125
0 0,443359375 0,5029296875 0,513671875 0,5029296875 0,513671875 0,6962890625 0,443359375 0,6962890625
8 0,372938368055556 0,490668402777778 0,5060546875 0,490668402777778 0,5060546875 0,680425347222222 0,372938368055556 0,680425347222222
8 0,294921875 0,4892578125 0,43359375 0,4892578125 0,43359375 0,6669921875 0,294921875 0,6669921875
10 0,587825520833333 0,610112847222222 0,807573784722222 0,610112847222222 0,807573784722222 0,920876736111111 0,587825520833333 0,920876736111111
43 0,7162109375 0,624435763888889 0,953667534722222 0,624435763888889 0,953667534722222 0,941449652777778 0,7162109375 0,941449652777778
17 0,84765625 0,642578125 1 0,642578125 1 0,962890625 0,84765625 0,962890625
44 0,486328125 0,5810546875 0,630859375 0,5810546875 0,630859375 0,8837890625 0,486328125 0,8837890625