28 0,145819337890625 0,337779373046875 0,140419798828125 0,316907083984375 0,1195967734375 0,31954080859375 0,124926693359375 0,340959794921875 0,145819337890625 0,337779373046875
15 0,15815798046875 0,33458928515625 0,152508091796875 0,3137234609375 0,132650234375 0,316681853515625 0,138073294921875 0,337927552734375 0,15815798046875 0,33458928515625
29 0,16989321484375 0,332235685546875 0,16716933984375 0,31099204296875 0,1454460859375 0,313780802734375 0,15061790625 0,334885740234375 0,16989321484375 0,332235685546875
2 0,170070966796875 0,320643076171875 0,16760753515625 0,330330216796875 0,19114651171875 0,327457373046875 0,18417188671875 0,3066051640625 0,1637659609375 0,309955248046875 0,170070966796875 0,320643076171875
5 0,1847144765625 0,327556810546875 0,202123580078125 0,32460346875 0,20043215234375 0,312962849609375 0,196883859375 0,30361599609375 0,1770000859375 0,306509142578125 0,1847144765625 0,327556810546875
13 0,216117275390625 0,321114744140625 0,210951736328125 0,301220841796875 0,18942835546875 0,303699349609375 0,19501626953125 0,32544111328125 0,216117275390625 0,321114744140625
23 1 0,01674389453125 0,96021476171875 0,0009765625 0,773033697265625 0,0009765625 0,73797424609375 0,065522240234375 1 0,173837259765625 1 0,01674389453125
2 1 0,216050029296875 0,730405693359375 0,10710944140625 0,688338265625 0,19482495703125 0,964825443359375 0,331537337890625 1 0,24410790625 1 0,216050029296875
8 0,618598451171875 0,31496458984375 0,907067064453125 0,435251466796875 0,96280874609375 0,341480365234375 0,68135380078125 0,21823014453125 0,618598451171875 0,31496458984375
0 0,837998513671875 0,544840115234375 0,906898873046875 0,43660405078125 0,615349126953125 0,341393474609375 0,575482490234375 0,446380779296875 0,837998513671875 0,544840115234375
12 0 0,638671875 0,107421875 0,638671875 0,107421875 0,998046875 0 0,998046875
35 0,0595703125 0,6396484375 0,2509765625 0,6396484375 0,2509765625 0,9990234375 0,0595703125 0,9990234375
27 0,1982421875 0,6396484375 0,3818359375 0,6396484375 0,3818359375 0,9990234375 0,1982421875 0,9990234375
2 0,3759765625 0,6396484375 0,5712890625 0,6396484375 0,5712890625 0,9833984375 0,3759765625 0,9833984375
6 0,5224609375 0,6396484375 0,5830078125 0,6396484375 0,5830078125 0,9560546875 0,5224609375 0,9560546875
23 0,5732421875 0,917361115234375 0,5732421875 0,988360587890625 0,575589658203125 0,9990234375 0,69037140625 0,9990234375 0,674441671875 0,90553880078125 0,5732421875 0,917361115234375
46 0,665459765625 0,900075509765625 0,683236921875 0,9990234375 0,7756389609375 0,9990234375 0,755799330078125 0,880410123046875 0,665459765625 0,900075509765625
39 0,753788599609375 0,886953841796875 0,771301634765625 0,9990234375 0,88958811328125 0,9990234375 0,8799511640625 0,871448267578125 0,753788599609375 0,886953841796875
4 0,892578125 0,845703125 1 0,845703125 1 0,998046875 0,892578125 0,998046875