13 0,087697140625 0,5048828125 0,091164095703125 0,470915265625 0,0412547734375 0,470566115234375 0,038828271484375 0,5048828125 0,087697140625 0,5048828125
28 0,0669656015625 0,5048828125 0,0684454296875 0,470941591796875 0,024111763671875 0,471137294921875 0,01958115625 0,5048828125 0,0669656015625 0,5048828125
25 0,048508068359375 0,5048828125 0,050974068359375 0,471447845703125 0,00702837109375 0,470924353515625 0,00172801171875 0,5048828125 0,048508068359375 0,5048828125
44 0,0595703125 0,4951171875 0,2236328125 0,4951171875 0,2236328125 0,7451171875 0,0595703125 0,7451171875
39 0,4404296875 0,4951171875 0,6083984375 0,4951171875 0,6083984375 0,6865234375 0,4404296875 0,6865234375
42 0,3173828125 0,4951171875 0,4892578125 0,4951171875 0,4892578125 0,7060546875 0,3173828125 0,7060546875
44 0,1806640625 0,4951171875 0,3408203125 0,4951171875 0,3408203125 0,7236328125 0,1806640625 0,7236328125
44 0 0,494140625 0,115234375 0,494140625 0,115234375 0,76171875 0 0,76171875
49 0,5498046875 0,4951171875 0,6630859375 0,4951171875 0,6630859375 0,6787109375 0,5498046875 0,6787109375
2 0,93359375 0,578125 1 0,578125 1 0,673828125 0,93359375 0,673828125
2 0,897858796296296 0,589583333333333 0,972699652777778 0,589583333333333 0,972699652777778 0,686328125 0,897858796296296 0,686328125
9 0,8666015625 0,591080729166667 0,935611979166667 0,591080729166667 0,935611979166667 0,691341145833333 0,8666015625 0,691341145833333