15 0,581546083984375 0,024052365234375 0,586079787109375 0,001953125 0,539411517578125 0,001953125 0,538189189453125 0,023671619140625 0,581546083984375 0,024052365234375
29 0,561225615234375 0,022585798828125 0,563811244140625 0,001953125 0,515726162109375 0,001953125 0,513493744140625 0,022328064453125 0,561225615234375 0,022585798828125
2 0,52602563671875 0,022937009765625 0,528698271484375 0,001953125 0,481647380859375 0,001953125 0,47674435546875 0,023275181640625 0,52602563671875 0,022937009765625
5 0,499926724609375 0,023008986328125 0,504878984375 0,001953125 0,45939934765625 0,001953125 0,45596070703125 0,02330628515625 0,499926724609375 0,023008986328125
13 0,479316630859375 0,0250341796875 0,483848173828125 0,001953125 0,43615947265625 0,001953125 0,43236131640625 0,023908296875 0,479316630859375 0,0250341796875
28 0,390254537109375 0,6525835078125 0,32487781640625 0,655100609375 0,32106498828125 0,7437703828125 0,38719982421875 0,740403267578125 0,390254537109375 0,6525835078125
18 0,347028390625 0,746485556640625 0,34665016796875 0,655301578125 0,291210599609375 0,653356041015625 0,28105219921875 0,7477177421875 0,347028390625 0,746485556640625
29 0,3004226484375 0,74706077734375 0,310421966796875 0,653964166015625 0,243591458984375 0,65481612890625 0,2475306640625 0,7479778125 0,3004226484375 0,74706077734375
5 0,253037802734375 0,751068244140625 0,25569816015625 0,656830138671875 0,19162245703125 0,658480515625 0,186801458984375 0,752774271484375 0,253037802734375 0,751068244140625
9 0,211298505859375 0,7545680546875 0,214895404296875 0,658209791015625 0,15240557421875 0,66185350390625 0,14905063671875 0,753622798828125 0,211298505859375 0,7545680546875
5 0,1720304453125 0,7563049296875 0,17623722265625 0,660361736328125 0,1140158515625 0,6619564609375 0,1078521171875 0,753782990234375 0,1720304453125 0,7563049296875
14 0,93359375 0,44140625 1 0,44140625 1 0,552734375 0,93359375 0,552734375
0 0,818359375 0,44140625 0,943359375 0,44140625 0,943359375 0,544921875 0,818359375 0,544921875
3 0,732421875 0,44140625 0,85546875 0,44140625 0,85546875 0,548828125 0,732421875 0,548828125
4 0,650390625 0,44140625 0,763671875 0,44140625 0,763671875 0,5390625 0,650390625 0,5390625