27 0,328132233796296 0,167556423611111 0,373285590277778 0,167556423611111 0,373285590277778 0,207139756944444 0,328132233796296 0,207139756944444
19 0,339858217592593 0,168012152777778 0,384997106481481 0,168012152777778 0,384997106481481 0,205642361111111 0,339858217592593 0,205642361111111
29 0,3515625 0,167491319444445 0,396715856481481 0,167491319444445 0,396715856481481 0,207074652777778 0,3515625 0,207074652777778
9 0,366196469907407 0,168706597222222 0,413302951388889 0,168706597222222 0,413302951388889 0,208376736111111 0,366196469907407 0,208376736111111
9 0,377886284722222 0,170138888888889 0,425007233796296 0,170138888888889 0,425007233796296 0,211762152777778 0,377886284722222 0,211762152777778
5 0,389612268518519 0,170594618055556 0,43671875 0,170594618055556 0,43671875 0,210264756944444 0,389612268518519 0,210264756944444
16 0 0,68152940234375 0,00165993359375 0,681611244140625 0,092455796875 0,490955201171875 0 0,489495064453125 0 0,68152940234375
16 0,131492421875 0,679816572265625 0,176669708984375 0,497278728515625 0,080501201171875 0,488258697265625 0,002476265625 0,678949310546875 0,131492421875 0,679816572265625
2 0,2060546875 0,50211438671875 0,184314333984375 0,501053734375 0,118851546875 0,6877864140625 0,2060546875 0,691663435546875 0,2060546875 0,50211438671875
30 0,5337156875 0,866364201171875 0,59724349609375 0,86720306640625 0,60247971875 0,7980170546875 0,536257955078125 0,796075646484375 0,5337156875 0,866364201171875
11 0,566539765625 0,867688169921875 0,635129619140625 0,866367619140625 0,630011669921875 0,79755787890625 0,575593533203125 0,79785198828125 0,566539765625 0,867688169921875
24 0,601955423828125 0,866029953125 0,6658734765625 0,864696302734375 0,672740435546875 0,795938181640625 0,604377802734375 0,796158609375 0,601955423828125 0,866029953125
6 0,648521943359375 0,8639384921875 0,71521906640625 0,864260298828125 0,72015846875 0,795830599609375 0,65695860546875 0,796621068359375 0,648521943359375 0,8639384921875
0 0,754800751953125 0,863327796875 0,750812576171875 0,793664490234375 0,688872953125 0,7971818515625 0,684702306640625 0,86571880859375 0,754800751953125 0,863327796875
7 0,778490203125 0,864215470703125 0,789596953125 0,791532724609375 0,7199530390625 0,794464728515625 0,722930193359375 0,86504169921875 0,778490203125 0,864215470703125