9 0,075913841796875 0,5283203125 0,075074654296875 0,5229761328125 0,047137916015625 0,51983325390625 0,049688921875 0,5283203125 0,075913841796875 0,5283203125
6 0,030155962890625 0,513382318359375 0,032149923828125 0,5283203125 0,05660564453125 0,5283203125 0,054278634765625 0,51970792578125 0,0423673203125 0,519345650390625 0,040736130859375 0,516915560546875 0,030155962890625 0,513382318359375
21 0,96525866796875 0,255369091796875 0,98911007421875 0,0009765625 0,86065944140625 0,0009765625 0,82454496484375 0,243431666015625 0,96525866796875 0,255369091796875
10 0,827407990234375 0,256360568359375 0,823383314453125 0,0009765625 0,695284833984375 0,0009765625 0,680649220703125 0,253518111328125 0,827407990234375 0,256360568359375
16 0,680279078125 0,24233078125 0,69015378515625 0,0009765625 0,5546875 0,0009765625 0,5546875 0,2598455859375 0,680279078125 0,24233078125
18 0,313433159722222 0,6552734375 0,416124131944444 0,6552734375 0,416124131944444 0,8544921875 0,313433159722222 0,8544921875
10 0,229448784722222 0,6552734375 0,334092881944444 0,6552734375 0,334092881944444 0,8544921875 0,229448784722222 0,8544921875
15 0,157443576388889 0,6513671875 0,260047743055556 0,6513671875 0,260047743055556 0,8486328125 0,157443576388889 0,8486328125
6 0,0385633680555555 0,6494140625 0,139040798611111 0,6494140625 0,139040798611111 0,8427734375 0,0385633680555555 0,8427734375
3 0 0,650390625 0,060546875 0,650390625 0,060546875 0,841796875 0 0,841796875
45 0,72265625 0,8427734375 0,837890625 0,8427734375 0,837890625 0,9990234375 0,72265625 0,9990234375
48 0,63671875 0,8505859375 0,751953125 0,8505859375 0,751953125 0,9990234375 0,63671875 0,9990234375
25 0,5546875 0,8642578125 0,666015625 0,8642578125 0,666015625 0,9990234375 0,5546875 0,9990234375