22 0,853515625 0,2265625 1 0,2265625 1 0,431640625 0,853515625 0,431640625
25 0,724826388888889 0,199045138888889 0,932291666666667 0,199045138888889 0,932291666666667 0,401388888888889 0,724826388888889 0,401388888888889
0 0,545876736111111 0,171527777777778 0,743272569444444 0,171527777777778 0,743272569444444 0,359765625 0,545876736111111 0,359765625
0 0,426323784722222 0,150564236111111 0,617643229166667 0,150564236111111 0,617643229166667 0,328776041666667 0,426323784722222 0,328776041666667
7 0,3974609375 0,301388361328125 0,430367998046875 0,305957052734375 0,497587048828125 0,1414348125 0,3974609375 0,129224671875 0,3974609375 0,301388361328125
8 0,4423828125 0,73680366015625 0,4423828125 0,707271921875 0,352788740234375 0,6960584609375 0,31496853125 0,8395717578125 0,410700724609375 0,85009557421875 0,4423828125 0,73680366015625
9 0,426692708333333 0,725607638888889 0,536979166666667 0,725607638888889 0,536979166666667 0,857291666666667 0,426692708333333 0,857291666666667
10 0,535850694444444 0,7421875 0,648046875 0,7421875 0,648046875 0,872005208333333 0,535850694444444 0,872005208333333
3 0,3974609375 0,71484375 0,4931640625 0,71484375 0,4931640625 0,853515625 0,3974609375 0,853515625
5 0,469661458333333 0,729470486111111 0,589670138888889 0,729470486111111 0,589670138888889 0,859635416666667 0,469661458333333 0,859635416666667
22 0,624587673611111 0,751996527777778 0,732877604166667 0,751996527777778 0,732877604166667 0,881640625 0,624587673611111 0,881640625
40 0,581705729166667 0,746180555555556 0,689995659722222 0,746180555555556 0,689995659722222 0,875824652777778 0,581705729166667 0,875824652777778