24 0,4306640625 0,05078125 0,5947265625 0,05078125 0,5947265625 0,2890625 0,4306640625 0,2890625
6 0,5419921875 0,046875 0,7744140625 0,046875 0,7744140625 0,2890625 0,5419921875 0,2890625
8 0,6748046875 0,03125 0,9091796875 0,03125 0,9091796875 0,2890625 0,6748046875 0,2890625
2 0,79296875 0,015625 1 0,015625 1 0,2890625 0,79296875 0,2890625
40 0 0,2890625 0,275390625 0,2890625 0,275390625 0,380859375 0 0,380859375
41 0 0,328125 0,310546875 0,328125 0,310546875 0,48828125 0 0,48828125
47 0,00802228009259254 0,440335648148148 0,330852141203704 0,440335648148148 0,330852141203704 0,6125 0,00802228009259254 0,6125
9 0,0393301504629631 0,576294849537037 0,33490306712963 0,576294849537037 0,33490306712963 0,754116030092593 0,0393301504629631 0,754116030092593
2 0,044943576388889 0,691558159722222 0,344480613425926 0,691558159722222 0,344480613425926 0,873314525462963 0,044943576388889 0,873314525462963
3 0,0682508680555556 0,814764178240741 0,361841724537037 0,814764178240741 0,361841724537037 0,990617766203704 0,0682508680555556 0,990617766203704
41 0,698914930555556 0,594321469907407 0,754730902777778 0,594321469907407 0,754730902777778 0,670768229166667 0,698914930555556 0,670768229166667
36 0,727177372685185 0,590625 0,784917534722222 0,590625 0,784917534722222 0,665133101851852 0,727177372685185 0,665133101851852
22 0,7564453125 0,588888888888889 0,818120659722222 0,588888888888889 0,818120659722222 0,665379050925926 0,7564453125 0,665379050925926
3 0,79447337962963 0,585264756944444 0,858101851851852 0,585264756944444 0,858101851851852 0,661769386574074 0,79447337962963 0,661769386574074
4 0,827618634259259 0,581604456018519 0,885416666666667 0,581604456018519 0,885416666666667 0,66001880787037 0,827618634259259 0,66001880787037
8 0,856929976851852 0,582798032407407 0,916594328703704 0,582798032407407 0,916594328703704 0,655367476851852 0,856929976851852 0,655367476851852