17 0,137239583333333 0,347309027777778 0,221614583333333 0,347309027777778 0,221614583333333 0,413585069444444 0,137239583333333 0,413585069444444
13 0,105859375 0,352690972222222 0,188151041666667 0,352690972222222 0,188151041666667 0,416927083333333 0,105859375 0,416927083333333
29 0,0744140624999999 0,355056423611111 0,1568359375 0,355056423611111 0,1568359375 0,421245659722222 0,0744140624999999 0,421245659722222
8 0,0302083333333333 0,364908854166667 0,110416666666667 0,364908854166667 0,110416666666667 0,427105034722222 0,0302083333333333 0,427105034722222
8 0 0,37109375 0,076171875 0,37109375 0,076171875 0,431640625 0 0,431640625
9 0 0,375 0,046875 0,375 0,046875 0,439453125 0 0,439453125
39 0,853515625 0 1 0 1 0,439453125 0,853515625 0,439453125
37 0,7109375 0 0,994140625 0 0,994140625 0,439453125 0,7109375 0,439453125
8 0,5703125 0 0,791015625 0 0,791015625 0,439453125 0,5703125 0,439453125
5 0,326953125 0,750651041666667 0,45078125 0,750651041666667 0,45078125 0,882942708333333 0,326953125 0,882942708333333
41 0,4619140625 0,706922743055556 0,5802734375 0,706922743055556 0,5802734375 0,844813368055556 0,4619140625 0,844813368055556
9 0,267447916666667 0,767013888888889 0,389322916666667 0,767013888888889 0,389322916666667 0,89921875 0,267447916666667 0,89921875
9 0,3900390625 0,735264756944444 0,512174479166667 0,735264756944444 0,512174479166667 0,871375868055556 0,3900390625 0,871375868055556
52 0,515625 0,69140625 0,609375 0,69140625 0,609375 0,83203125 0,515625 0,83203125
21 0,8359375 0,439453125 1 0,439453125 1 0,83203125 0,8359375 0,83203125
5 0,643033854166667 0,494097222222222 0,902669270833333 0,494097222222222 0,902669270833333 0,910894097222222 0,643033854166667 0,910894097222222
2 0,5703125 0,546875 0,767578125 0,546875 0,767578125 0,998046875 0,5703125 0,998046875