22 0,1143641875 0,503407419921875 0,1371885546875 0,50511632421875 0,119994634765625 0,45114179296875 0,095999796875 0,449962359375 0,1143641875 0,503407419921875
33 0,13410518359375 0,505397025390625 0,1577601484375 0,50640496484375 0,139680197265625 0,4518039609375 0,117134978515625 0,451114228515625 0,13410518359375 0,505397025390625
32 0,156310673828125 0,507825169921875 0,177073783203125 0,50719566796875 0,16142902734375 0,45243641015625 0,1366175078125 0,452052240234375 0,156310673828125 0,507825169921875
5 0,183492876953125 0,509901662109375 0,209891599609375 0,5083206484375 0,19364011328125 0,454448337890625 0,167275890625 0,4539933984375 0,183492876953125 0,509901662109375
8 0,207348107421875 0,508857751953125 0,233484806640625 0,511700333984375 0,228243107421875 0,4871154140625 0,217946189453125 0,454941947265625 0,191894142578125 0,454899052734375 0,207348107421875 0,508857751953125
6 0,2440799765625 0,47687831640625 0,2433360078125 0,454040564453125 0,217667462890625 0,45521806640625 0,233441744140625 0,51204223828125 0,260854646484375 0,511721537109375 0,2520924609375 0,4834276015625 0,2440799765625 0,47687831640625
12 0,461082175925926 0,194401041666667 0,535662615740741 0,194401041666667 0,535662615740741 0,313020833333333 0,461082175925926 0,313020833333333
0 0,606481481481481 0,180034722222222 0,678891782407407 0,180034722222222 0,678891782407407 0,292751736111111 0,606481481481481 0,292751736111111
46 0,506293402777778 0,189539930555556 0,57689525462963 0,189539930555556 0,57689525462963 0,306119791666667 0,506293402777778 0,306119791666667
52 0,54759837962963 0,182638888888889 0,620153356481482 0,182638888888889 0,620153356481482 0,299262152777778 0,54759837962963 0,299262152777778
2 0,657407407407407 0,173350694444445 0,724103009259259 0,173350694444445 0,724103009259259 0,28984375 0,657407407407407 0,28984375
3 0,698350694444444 0,166449652777778 0,769314236111111 0,166449652777778 0,769314236111111 0,292795138888889 0,698350694444444 0,292795138888889
22 0,21272519140625 0,765282501953125 0,215903654296875 0,818839404296875 0,241751076171875 0,810778521484375 0,238338287109375 0,7587166484375 0,21272519140625 0,765282501953125
33 0,261368455078125 0,80313657421875 0,257794498046875 0,752247345703125 0,233621611328125 0,758467435546875 0,237301421875 0,810943525390625 0,261368455078125 0,80313657421875
32 0,277929650390625 0,795553384765625 0,27886930859375 0,745011447265625 0,253815044921875 0,7512547734375 0,25845821484375 0,802853384765625 0,277929650390625 0,795553384765625
5 0,30274508984375 0,785636076171875 0,30184840234375 0,736174490234375 0,278961791015625 0,74345454296875 0,280657287109375 0,791618103515625 0,30274508984375 0,785636076171875
8 0,319739966796875 0,778599775390625 0,31608176171875 0,731305759765625 0,297169697265625 0,735801544921875 0,2982011640625 0,7859444296875 0,319739966796875 0,778599775390625
6 0,333798939453125 0,773807408203125 0,33367623828125 0,74803879296875 0,32821445703125 0,744264150390625 0,3325820703125 0,723718603515625 0,311983919921875 0,731853642578125 0,3157349453125 0,779377068359375 0,333798939453125 0,773807408203125
44 0,4521484375 0,6279296875 0,5673828125 0,6279296875 0,5673828125 0,7236328125 0,4521484375 0,7236328125
44 0,5966796875 0,6279296875 0,7158203125 0,6279296875 0,7158203125 0,7177734375 0,5966796875 0,7177734375
10 0,3955078125 0,6279296875 0,4599609375 0,6279296875 0,4599609375 0,7392578125 0,3955078125 0,7392578125
44 0,5224609375 0,6279296875 0,6259765625 0,6279296875 0,6259765625 0,7177734375 0,5224609375 0,7177734375