12 0,474609375 0 0,576171875 0 0,576171875 0,212890625 0,474609375 0,212890625
31 0,328125 0 0,525390625 0 0,525390625 0,212890625 0,328125 0,212890625
34 0,185546875 0 0,3828125 0 0,3828125 0,208984375 0,185546875 0,208984375
0 0 0 0,17578125 0 0,17578125 0,205078125 0 0,205078125
11 0,44246854296875 1 0,473221048828125 0,849114525390625 0,370604931640625 0,841910966796875 0,3390008125 0,94112742578125 0,329516044921875 1 0,44246854296875 1
11 0,3515338671875 1 0,37669421875 0,83919710546875 0,272247193359375 0,83002952734375 0,2349002578125 0,935226802734375 0,22728639453125 1 0,3515338671875 1
20 0,24802075390625 1 0,2783897890625 0,82796161328125 0,1441996875 0,818467974609375 0,179807318359375 0,939774509765625 0,13675741796875 1 0,24802075390625 1
2 0,1184166484375 1 0,136937345703125 0,814165451171875 0 0,814240634765625 0 0,850044525390625 0,017972958984375 0,952505048828125 0 0,98656673828125 0 1 0,1184166484375 1
2 0,8203125 0,794921875 1 0,794921875 1 1 0,8203125 1
9 0,71875 0,8046875 0,87890625 0,8046875 0,87890625 1 0,71875 1
6 0,59765625 0,810546875 0,771484375 0,810546875 0,771484375 1 0,59765625 1