16 0,4970703125 0,063956865234375 0,45448746484375 0,058850419921875 0,4109172578125 0,11639511328125 0,4970703125 0,128142796875 0,4970703125 0,063956865234375
26 0,47031288671875 0,06218659765625 0,39161487109375 0,0526253828125 0,3503608046875 0,11250524609375 0,436572828125 0,121967041015625 0,47031288671875 0,06218659765625
22 0,410183333984375 0,05026869921875 0,310939515625 0,03051278125 0,279482748046875 0,095665236328125 0,376932720703125 0,112097060546875 0,410183333984375 0,05026869921875
9 0,3073543046875 0,025457609375 0,208767251953125 0,01122013671875 0,186636787109375 0,07603171875 0,27504023828125 0,0899906015625 0,3073543046875 0,025457609375
7 0,130441376953125 0 0,1171141640625 0,062312853515625 0,197816431640625 0,0749093125 0,239985537109375 0,010573193359375 0,1722129921875 0 0,130441376953125 0
10 0,06879973828125 0 0,045273224609375 0,0372080078125 0,137522056640625 0,057066560546875 0,165547345703125 0 0,06879973828125 0
21 0,798828125 0 1 0 1 0,30859375 0,798828125 0,30859375
22 0,6640625 0 0,908203125 0 0,908203125 0,279296875 0,6640625 0,279296875
10 0,533203125 0 0,76953125 0 0,76953125 0,25 0,533203125 0,25
6 0,458984375 0 0,583984375 0 0,583984375 0,205078125 0,458984375 0,205078125
15 0,3642578125 0,455078125 0,4970703125 0,455078125 0,4970703125 0,7421875 0,3642578125 0,7421875
21 0,247699652777778 0,438114872685185 0,460850694444445 0,438114872685185 0,460850694444445 0,723705150462963 0,247699652777778 0,723705150462963
20 0,1435546875 0,4375 0,3466796875 0,4375 0,3466796875 0,701171875 0,1435546875 0,701171875
2 0 0,4375 0,197265625 0,4375 0,197265625 0,677734375 0 0,677734375
1 0 0,4375 0,08984375 0,4375 0,08984375 0,65625 0 0,65625
31 0,8564453125 0,4375 0,9521484375 0,4375 0,9521484375 0,517578125 0,8564453125 0,517578125
22 0,8173828125 0,4375 0,9150390625 0,4375 0,9150390625 0,517578125 0,8173828125 0,517578125
30 0,7783203125 0,4375 0,8759765625 0,4375 0,8759765625 0,5078125 0,7783203125 0,5078125
2 0,7216796875 0,4375 0,8232421875 0,4375 0,8232421875 0,501953125 0,7216796875 0,501953125
5 0,6826171875 0,4375 0,7822265625 0,4375 0,7822265625 0,494140625 0,6826171875 0,494140625
5 0,6455078125 0,4375 0,7431640625 0,4375 0,7431640625 0,4921875 0,6455078125 0,4921875