46 0,80078125 0,001953125 0,998046875 0,001953125 0,998046875 0,185546875 0,80078125 0,185546875
22 0,6640625 0,001953125 0,87109375 0,001953125 0,87109375 0,232421875 0,6640625 0,232421875
40 0,51171875 0,001953125 0,728515625 0,001953125 0,728515625 0,236328125 0,51171875 0,236328125
0 0,4140625 0,001953125 0,54296875 0,001953125 0,54296875 0,27734375 0,4140625 0,27734375
30 0,174978298611111 0,455533854166667 0,349370659722222 0,455533854166667 0,349370659722222 0,662044270833333 0,174978298611111 0,662044270833333
26 0,0575303819444445 0,479361979166667 0,2259765625 0,479361979166667 0,2259765625 0,681575520833333 0,0575303819444445 0,681575520833333
13 0 0,490234375 0,107421875 0,490234375 0,107421875 0,693359375 0 0,693359375
1 1 0,451171875 0,902308765625 0,451171875 0,8663607109375 0,744415083984375 0,988112189453125 0,73276863671875 1 0,64203133984375 1 0,451171875
2 0,9176688125 0,453376921875 0,76200621875 0,470055052734375 0,733257798828125 0,772415916015625 0,878429818359375 0,76152077734375 0,9176688125 0,453376921875
42 0,60067563671875 0,488840875 0,573855138671875 0,792427732421875 0,70373069140625 0,773059330078125 0,75486744921875 0,47680567578125 0,7583639296875 0,4748781171875 0,60067563671875 0,488840875
20 0,616778091796875 0,48913985546875 0,47244920703125 0,504223646484375 0,44026333984375 0,812981658203125 0,5820554140625 0,789296279296875 0,616778091796875 0,48913985546875
47 0,4140625 0,80648184765625 0,431788 0,80488644140625 0,4907892265625 0,5100284453125 0,4140625 0,51852575390625 0,4140625 0,80648184765625