19 0,0744140625 0,260431134259259 0,1384765625 0,260431134259259 0,1384765625 0,290943287037037 0,0744140625 0,290943287037037
9 0,00169270833333335 0,256416377314815 0,0657552083333333 0,256416377314815 0,0657552083333333 0,286928530092593 0,00169270833333335 0,286928530092593
7 0 0,25390625 0,04296875 0,25390625 0,04296875 0,28515625 0 0,28515625
24 0,0529947916666667 0,258615451388889 0,1171875 0,258615451388889 0,1171875 0,291080729166667 0,0529947916666667 0,291080729166667
21 0,0317057291666667 0,256799768518518 0,0958984375 0,256799768518518 0,0958984375 0,289265046296296 0,0317057291666667 0,289265046296296
22 0,6876942265625 0 0,66880269140625 0,147001013671875 0,8051954453125 0,1421246484375 0,82215708984375 0 0,6876942265625 0
10 0,6024879453125 0 0,566895365234375 0,152874173828125 0,697919517578125 0,156056970703125 0,71604416015625 0 0,6024879453125 0
26 0,490933515625 0 0,48046875 0,049779916015625 0,48046875 0,15394039453125 0,602759271484375 0,14758714453125 0,626663896484375 0 0,490933515625 0
28 0,380466052734375 0,781149388671875 0,40861603515625 0,735658462890625 0,364470791015625 0,730785947265625 0,3361153671875 0,775972046875 0,380466052734375 0,781149388671875
15 0,358190291015625 0,777506205078125 0,388741134765625 0,730714046875 0,343466587890625 0,724821939453125 0,317961837890625 0,769518052734375 0,358190291015625 0,777506205078125
29 0,368169388671875 0,7265593359375 0,366186373046875 0,72559365625 0,321214525390625 0,72069187109375 0,29642408203125 0,766332154296875 0,33915858984375 0,772003580078125 0,368169388671875 0,7265593359375
2 0,335912640625 0,721128828125 0,293384294921875 0,71428059375 0,259849869140625 0,759343412109375 0,31079421484375 0,765130923828125 0,314993259765625 0,744321642578125 0,335912640625 0,721128828125
5 0,282054751953125 0,76095469921875 0,315001154296875 0,715302263671875 0,27083921875 0,707126638671875 0,24113884375 0,7537484140625 0,282054751953125 0,76095469921875
13 0,2650897578125 0,75662943359375 0,293931140625 0,710467462890625 0,247969158203125 0,702979779296875 0,217943111328125 0,748821830078125 0,2650897578125 0,75662943359375
47 0,779817708333333 0,522938368055556 0,958333333333333 0,522938368055556 0,958333333333333 0,781271701388889 0,779817708333333 0,781271701388889
27 0,677213541666667 0,523068576388889 0,861979166666667 0,523068576388889 0,861979166666667 0,787565104166667 0,677213541666667 0,787565104166667
39 0,593098958333333 0,52720630787037 0,763411458333333 0,52720630787037 0,763411458333333 0,779275173611111 0,593098958333333 0,779275173611111
0 0,48046875 0,5322265625 0,62109375 0,5322265625 0,62109375 0,7744140625 0,48046875 0,7744140625