7 0 0,44140625 0,060546875 0,44140625 0,060546875 0,46484375 0 0,46484375
9 0,0177445023148148 0,439076967592593 0,0795066550925927 0,439076967592593 0,0795066550925927 0,462688078703704 0,0177445023148148 0,462688078703704
3 0 0,4453125 0,0390625 0,4453125 0,0390625 0,470703125 0 0,470703125
24 0,0630353009259259 0,427698206018518 0,124797453703704 0,427698206018518 0,124797453703704 0,45130931712963 0,0630353009259259 0,45130931712963
19 0,0803096064814814 0,421969039351852 0,142173032407407 0,421969039351852 0,142173032407407 0,447533275462963 0,0803096064814814 0,447533275462963
21 0,0447337962962963 0,432443576388889 0,106495949074074 0,432443576388889 0,106495949074074 0,4560546875 0,0447337962962963 0,4560546875
22 0,759765625 0 1 0 1 0,1796875 0,759765625 0,1796875
17 0,6337890625 0 0,8994140625 0 0,8994140625 0,220703125 0,6337890625 0,220703125
0 0,4638671875 0 0,7294921875 0 0,7294921875 0,24609375 0,4638671875 0,24609375
3 0,3798828125 0 0,6025390625 0 0,6025390625 0,287109375 0,3798828125 0,287109375
3 0,3798828125 0 0,4658203125 0 0,4658203125 0,306640625 0,3798828125 0,306640625
10 0,2490234375 0,55859375 0,4169921875 0,55859375 0,4169921875 0,9140625 0,2490234375 0,9140625
20 0,1123046875 0,55859375 0,4169921875 0,55859375 0,4169921875 0,947265625 0,1123046875 0,947265625
5 0 0,55859375 0,232421875 0,55859375 0,232421875 0,986328125 0 0,986328125
7 0 0,55859375 0,10546875 0,55859375 0,10546875 1 0 1
12 0,937172693359375 0,68298924609375 0,8122414609375 0,643793314453125 0,74079551171875 0,8707367890625 0,836970158203125 0,913583345703125 0,937172693359375 0,68298924609375
40 0,831738220703125 0,657193724609375 0,733625345703125 0,6229710859375 0,636357275390625 0,855024375 0,78380269140625 0,873256236328125 0,831738220703125 0,657193724609375
31 0,752420658203125 0,616735412109375 0,602814888671875 0,590808685546875 0,553088626953125 0,82173079296875 0,659746861328125 0,83970025 0,752420658203125 0,616735412109375
2 0,611295421875 0,58729458203125 0,492965892578125 0,559176416015625 0,4150153671875 0,79567286328125 0,562817947265625 0,82206412109375 0,611295421875 0,58729458203125
5 0,3798828125 0,55859375 0,3798828125 0,779585078125 0,42661391015625 0,783666044921875 0,51152705078125 0,55859375 0,3798828125 0,55859375