9 0,315943287037037 0,437080439814815 0,372815393518519 0,437080439814815 0,372815393518519 0,477994791666667 0,315943287037037 0,477994791666667
19 0,219191261574074 0,452690972222222 0,274110243055556 0,452690972222222 0,274110243055556 0,493489583333333 0,219191261574074 0,493489583333333
3 0,372627314814815 0,427864583333333 0,429499421296296 0,427864583333333 0,429499421296296 0,468778935185185 0,372627314814815 0,468778935185185
7 0,344270833333333 0,432472511574074 0,401157407407407 0,432472511574074 0,401157407407407 0,475339988425926 0,344270833333333 0,475339988425926
24 0,246556712962963 0,448025173611111 0,303428819444444 0,448025173611111 0,303428819444444 0,488939525462963 0,246556712962963 0,488939525462963
21 0,274898726851852 0,44341724537037 0,331770833333333 0,44341724537037 0,331770833333333 0,484331597222222 0,274898726851852 0,484331597222222
44 0,3037109375 0,685546875 0,4169921875 0,685546875 0,4169921875 0,77734375 0,3037109375 0,77734375
44 0,3720703125 0,685546875 0,4873046875 0,685546875 0,4873046875 0,771484375 0,3720703125 0,771484375
42 0,2119140625 0,685546875 0,3310546875 0,685546875 0,3310546875 0,78125 0,2119140625 0,78125
31 0,0810546875 0,685546875 0,1904296875 0,685546875 0,1904296875 0,794921875 0,0810546875 0,794921875
20 0,1435546875 0,685546875 0,2587890625 0,685546875 0,2587890625 0,7890625 0,1435546875 0,7890625
44 0,4345703125 0,685546875 0,5556640625 0,685546875 0,5556640625 0,771484375 0,4345703125 0,771484375
44 0,69140625 0,90234375 0,853515625 0,90234375 0,853515625 1 0,69140625 1