9 0,320572916666667 0,385344328703704 0,360286458333333 0,385344328703704 0,360286458333333 0,417679398148148 0,320572916666667 0,417679398148148
19 0,402235243055556 0,398907696759259 0,441948784722222 0,398907696759259 0,441948784722222 0,431242766203704 0,402235243055556 0,431242766203704
7 0,297243923611111 0,381401909722222 0,335004340277778 0,381401909722222 0,335004340277778 0,413664641203704 0,297243923611111 0,413664641203704
3 0,271961805555555 0,377387152777778 0,311675347222222 0,377387152777778 0,311675347222222 0,409722222222222 0,271961805555555 0,409722222222222
24 0,3779296875 0,394929108796296 0,417643229166667 0,394929108796296 0,417643229166667 0,427264178240741 0,3779296875 0,427264178240741
21 0,354600694444444 0,390914351851852 0,394314236111111 0,390914351851852 0,394314236111111 0,423249421296296 0,354600694444444 0,423249421296296
29 1 0,336553908203125 0,984473841796875 0,33384050390625 0,9387578515625 0,550279681640625 1 0,5586003515625 1 0,336553908203125
16 0,986581955078125 0,3382454375 0,905200966796875 0,31593597265625 0,848335787109375 0,5301526953125 0,94277430078125 0,54267813671875 0,986581955078125 0,3382454375
22 0,908475271484375 0,31423425390625 0,80651455859375 0,2975506953125 0,754533349609375 0,51239963671875 0,850565169921875 0,528198220703125 0,908475271484375 0,31423425390625
1 0,791976439453125 0,288543591796875 0,697113525390625 0,274382328125 0,6378546171875 0,480826828125 0,726013916015625 0,504239919921875 0,791976439453125 0,288543591796875
0 0,703426318359375 0,27312692578125 0,586561462890625 0,255645857421875 0,544592541015625 0,4807731640625 0,641519861328125 0,4850191640625 0,703426318359375 0,27312692578125
4 0,5146484375 0,463324806640625 0,551290861328125 0,469573734375 0,59821480078125 0,25502373046875 0,5146484375 0,240506970703125 0,5146484375 0,463324806640625
0 0,5146484375 0,7158203125 0,5595703125 0,7158203125 0,5595703125 0,9462890625 0,5146484375 0,9462890625
46 0,636805555555556 0,748625578703704 0,782378472222222 0,748625578703704 0,782378472222222 0,978081597222222 0,636805555555556 0,978081597222222
47 0,73203125 0,758463541666667 0,885590277777778 0,758463541666667 0,885590277777778 0,996021412037037 0,73203125 0,996021412037037
12 0,536610243055556 0,742368344907407 0,687868923611111 0,742368344907407 0,687868923611111 0,964228877314815 0,536610243055556 0,964228877314815