14 1 0,26229921875 0,9918949375 0,25451683203125 0,96529906640625 0,276040626953125 0,97465509765625 0,285552607421875 1 0,265137896484375 1 0,26229921875
28 0,991672494140625 0,254763142578125 0,982653546875 0,24732639453125 0,968868810546875 0,2585446953125 0,958161732421875 0,26859082421875 0,964177205078125 0,277045556640625 0,991672494140625 0,254763142578125
24 0,9574223203125 0,2679032421875 0,982794310546875 0,247371609375 0,973642654296875 0,23968136328125 0,948575345703125 0,2595328046875 0,9574223203125 0,2679032421875
7 0,969899888671875 0,23582813671875 0,960267888671875 0,225890109375 0,937067263671875 0,248229134765625 0,943535130859375 0,25411630859375 0,954563408203125 0,2449121171875 0,969899888671875 0,23582813671875
6 0,960237888671875 0,225539236328125 0,951805580078125 0,219778671875 0,943005681640625 0,227606349609375 0,9276842421875 0,238838080078125 0,93597615234375 0,247967041015625 0,960237888671875 0,225539236328125
16 0,94969961328125 0,2160866015625 0,943272861328125 0,214542841796875 0,9273843828125 0,226020587890625 0,921259091796875 0,23219638671875 0,9282629296875 0,239104490234375 0,93676230859375 0,23260678125 0,9521134140625 0,21976309375 0,94969961328125 0,2160866015625
36 0,120500578703704 0,561935763888889 0,247844328703704 0,561935763888889 0,247844328703704 0,778255208333333 0,120500578703704 0,778255208333333
38 0,0320095486111112 0,543337673611111 0,155504918981481 0,543337673611111 0,155504918981481 0,761436631944444 0,0320095486111112 0,761436631944444
40 0 0,529296875 0,0703125 0,529296875 0,0703125 0,732421875 0 0,732421875
22 0,890625 0,5390625 1 0,5390625 1 0,884765625 0,890625 0,884765625
0 0,685901331018519 0,511762152777778 0,866977719907407 0,511762152777778 0,866977719907407 0,829947916666667 0,685901331018519 0,829947916666667
8 0,578486689814815 0,489366319444444 0,733709490740741 0,489366319444444 0,733709490740741 0,790798611111111 0,578486689814815 0,790798611111111
0 0,45625 0,470225694444444 0,622786458333333 0,470225694444444 0,622786458333333 0,758506944444444 0,45625 0,758506944444444
5 0,419921875 0,731301521484375 0,476499681640625 0,735757314453125 0,48973297265625 0,463741734375 0,419921875 0,45323140234375 0,419921875 0,731301521484375