44 0,704036458333333 0,0235026041666666 0,895182291666667 0,0235026041666666 0,895182291666667 0,273647280092593 0,704036458333333 0,273647280092593
10 0,833984375 0,041015625 1 0,041015625 1 0,29296875 0,833984375 0,29296875
44 0,600130208333333 0,0180121527777778 0,782769097222222 0,0180121527777778 0,782769097222222 0,252300347222222 0,600130208333333 0,252300347222222
44 0,504839409722222 0,00818142361111118 0,685698784722222 0,00818142361111118 0,685698784722222 0,246317997685185 0,504839409722222 0,246317997685185
0 0,94140625 0,056640625 1 0,056640625 1 0,30078125 0,94140625 0,30078125
33 0,146449296875 0,70529828515625 0,079500669921875 0,702399666015625 0,0623934375 0,778337404296875 0,12678869921875 0,7801681328125 0,146449296875 0,70529828515625
29 0,0940513984375 0,778302763671875 0,11082785546875 0,70083585546875 0,043486705078125 0,697898681640625 0,02657855078125 0,7734572734375 0,0940513984375 0,778302763671875
19 0 0,768389453125 0,058862265625 0,7732909375 0,076185310546875 0,6971400078125 0,010701865234375 0,691181728515625 0 0,722990044921875 0 0,768389453125
25 0,52098659765625 0,930160859375 0,527683236328125 0,994140625 0,93672310546875 0,994140625 0,921444693359375 0,90874287109375 0,52098659765625 0,930160859375
9 0,843696423828125 0,867817453125 0,935423439453125 0,816892251953125 0,89243119921875 0,7228861015625 0,46920276171875 0,72331567578125 0,4893023125 0,86741752734375 0,64409557421875 0,809727265625 0,843696423828125 0,867817453125
7 0,794542328125 0,710799123046875 0,907332515625 0,699634748046875 0,852092978515625 0,562867009765625 0,43357699609375 0,603343154296875 0,463766306640625 0,696309615234375 0,75564959375 0,656696021484375 0,794542328125 0,710799123046875
2 0,819829298828125 0,42253124609375 0,408203125 0,424689685546875 0,408203125 0,580998771484375 0,692266171875 0,490538099609375 0,700558580078125 0,551099607421875 0,8022415 0,556822033203125 0,819829298828125 0,42253124609375