14 0,21221238671875 0,35065504296875 0,242588931640625 0,334591271484375 0,233184712890625 0,3277437578125 0,20323426953125 0,34363037890625 0,21221238671875 0,35065504296875
28 0,205666330078125 0,344143080078125 0,236822427734375 0,327845095703125 0,229820390625 0,322049939453125 0,1991451875 0,337201654296875 0,205666330078125 0,344143080078125
24 0,202653998046875 0,338080482421875 0,231812619140625 0,32305943359375 0,2232612109375 0,31665687890625 0,193841546875 0,3312434453125 0,202653998046875 0,338080482421875
7 0,19427025 0,32738390625 0,223745359375 0,31367958984375 0,215250408203125 0,30619892578125 0,186372013671875 0,3228943359375 0,19427025 0,32738390625
6 0,18927834375 0,32280044140625 0,21725275390625 0,306253296875 0,21110428515625 0,3015242890625 0,181325712890625 0,315856291015625 0,18927834375 0,32280044140625
16 0,21338437890625 0,301380529296875 0,21249873046875 0,298900755859375 0,20349666796875 0,297029158203125 0,17770815625 0,309959923828125 0,182874484375 0,31697090625 0,21338437890625 0,301380529296875
21 0,849609375 0,302734375 1 0,302734375 1 0,544921875 0,849609375 0,544921875
15 0,762550636574074 0,292411747685185 0,897041377314815 0,292411747685185 0,897041377314815 0,522446469907407 0,762550636574074 0,522446469907407
11 0,667722800925926 0,275933159722222 0,802242476851852 0,275933159722222 0,802242476851852 0,509874131944444 0,667722800925926 0,509874131944444
6 0,521086516203704 0,251085069444444 0,673198784722222 0,251085069444444 0,673198784722222 0,4875 0,521086516203704 0,4875
4 0,48046875 0,236328125 0,56640625 0,236328125 0,56640625 0,474609375 0,48046875 0,474609375
31 0,2777396171875 0,968511037109375 0,310680505859375 0,863744205078125 0,262111859375 0,845170287109375 0,240698642578125 0,957540494140625 0,2777396171875 0,968511037109375
20 0,248086662109375 0,9607610390625 0,272830224609375 0,846110205078125 0,224734046875 0,826330390625 0,18861238671875 0,9381262734375 0,248086662109375 0,9607610390625
26 0,201226318359375 0,9382410859375 0,23051448046875 0,830596216796875 0,179584357421875 0,814305744140625 0,14833016015625 0,924239150390625 0,201226318359375 0,9382410859375
1 0,1465411015625 0,91876523828125 0,17786113671875 0,813006580078125 0,132916228515625 0,796891001953125 0,0952369375 0,907534439453125 0,1465411015625 0,91876523828125
6 0,106696583984375 0,909365919921875 0,136383333984375 0,79603552734375 0,08680382421875 0,780216923828125 0,052502814453125 0,89514991796875 0,106696583984375 0,909365919921875
8 0,065866208984375 0,89187618359375 0,093334783203125 0,783597556640625 0,04667404296875 0,77280099609375 0,016624283203125 0,877211298828125 0,065866208984375 0,89187618359375
23 0,9609375 0,6875 1 0,6875 1 0,802734375 0,9609375 0,802734375
11 0,914149305555556 0,680924479166667 0,993098958333333 0,680924479166667 0,993098958333333 0,794104456018519 0,914149305555556 0,794104456018519
7 0,8515625 0,667353877314815 0,932494212962963 0,667353877314815 0,932494212962963 0,784497974537037 0,8515625 0,784497974537037
4 0,803660300925926 0,659100115740741 0,880671296296296 0,659100115740741 0,880671296296296 0,774175347222222 0,803660300925926 0,774175347222222
3 0,755859375 0,6484375 0,833984375 0,6484375 0,833984375 0,763671875 0,755859375 0,763671875