13 0,781042458984375 0,433188435546875 0,691934248046875 0,431923509765625 0,652302162109375 0,540109046875 0,739618068359375 0,547176869140625 0,741425822265625 0,546855453125 0,781042458984375 0,433188435546875
31 0,67674786328125 0,542252443359375 0,71990619140625 0,432099666015625 0,6249125078125 0,426978462890625 0,601417625 0,5397866953125 0,67674786328125 0,542252443359375
13 0,5673828125 0,536725953125 0,629003724609375 0,53868437890625 0,65917762109375 0,428021470703125 0,5673828125 0,426015228515625 0,5673828125 0,536725953125
29 0,377823349609375 0,739076115234375 0,335534576171875 0,9931640625 0,469651267578125 0,9931640625 0,525459197265625 0,739334431640625 0,377823349609375 0,739076115234375
17 0,25502410546875 0,73340737890625 0,21063719140625 0,9931640625 0,361417177734375 0,9931640625 0,405464359375 0,738006078125 0,25502410546875 0,73340737890625
18 0,149552873046875 0,7348227421875 0,108051927734375 0,9931640625 0,23815051171875 0,9931640625 0,283528623046875 0,732815443359375 0,149552873046875 0,7348227421875
4 0 0,9931640625 0,077814814453125 0,9931640625 0,1215580625 0,736329482421875 0 0,735552826171875 0 0,9931640625
31 1 0,5966796875 0,96803333203125 0,5966796875 0,936659474609375 0,685902361328125 0,98549758203125 0,688340224609375 1 0,6644602265625 1 0,5966796875
7 0,91891885546875 0,5966796875 0,890483177734375 0,686128771484375 0,943232822265625 0,686570361328125 0,986513744140625 0,5966796875 0,91891885546875 0,5966796875
1 0,8876826484375 0,5966796875 0,8512077578125 0,686164294921875 0,920588669921875 0,687052279296875 0,949428451171875 0,5966796875 0,8876826484375 0,5966796875
4 0,851631849609375 0,5966796875 0,819953986328125 0,684833591796875 0,88266175 0,687419607421875 0,914392875 0,5966796875 0,851631849609375 0,5966796875