7 0,147309027777778 0,243424479166667 0,270182291666667 0,243424479166667 0,270182291666667 0,4189453125 0,147309027777778 0,4189453125
28 0 0,193359375 0,044921875 0,193359375 0,044921875 0,365234375 0 0,365234375
24 0,0100694444444445 0,213736979166667 0,130989583333333 0,213736979166667 0,130989583333333 0,389127604166667 0,0100694444444445 0,389127604166667
16 0,318532986111111 0,2822265625 0,445355902777778 0,2822265625 0,445355902777778 0,4599609375 0,318532986111111 0,4599609375
6 0,232855902777778 0,258919270833333 0,357855902777778 0,258919270833333 0,357855902777778 0,4423828125 0,232855902777778 0,4423828125
26 0,820264453125 0,411244435546875 0,8715424140625 0,4209007734375 0,89012546875 0,31948159375 0,83640944140625 0,310835826171875 0,820264453125 0,411244435546875
30 0,917349921875 0,42603307421875 0,937753466796875 0,32984029296875 0,888129853515625 0,318805552734375 0,867793728515625 0,418384919921875 0,917349921875 0,42603307421875
25 0,96535532421875 0,438603923828125 0,98505024609375 0,3417083203125 0,93586798046875 0,330647615234375 0,915151662109375 0,428141078125 0,96535532421875 0,438603923828125
20 0,103835255859375 0,902259314453125 0,1124440234375 0,79936056640625 0,042485193359375 0,8067544140625 0,03839562890625 0,908403560546875 0,103835255859375 0,902259314453125
10 0,1600976953125 0,89317116015625 0,162793251953125 0,801587716796875 0,1119471328125 0,797164875 0,097563330078125 0,90315891015625 0,1600976953125 0,89317116015625
23 0,21314190234375 0,88812210546875 0,232404998046875 0,78929425390625 0,16271636328125 0,794855720703125 0,155259306640625 0,893375361328125 0,21314190234375 0,88812210546875
0 0,28879551171875 0,875146392578125 0,30954687109375 0,78083862109375 0,250024431640625 0,78241313671875 0,231172072265625 0,88370571484375 0,28879551171875 0,875146392578125
0 0,340331341796875 0,87089801953125 0,36180815234375 0,77912905078125 0,3076900234375 0,7725461796875 0,284946435546875 0,876462669921875 0,340331341796875 0,87089801953125
5 0,3869926015625 0,865489927734375 0,418652576171875 0,766749533203125 0,36082754296875 0,771614685546875 0,334977568359375 0,87060133203125 0,3869926015625 0,865489927734375