19 0,375260416666667 0,316276041666667 0,432465277777778 0,316276041666667 0,432465277777778 0,349088541666667 0,375260416666667 0,349088541666667
9 0,303190104166667 0,3298828125 0,360394965277778 0,3298828125 0,360394965277778 0,3626953125 0,303190104166667 0,3626953125
7 0,280815972222222 0,33515625 0,339973958333333 0,33515625 0,339973958333333 0,368098958333333 0,280815972222222 0,368098958333333
3 0,2603515625 0,338606770833333 0,317556423611111 0,338606770833333 0,317556423611111 0,371419270833333 0,2603515625 0,371419270833333
24 0,353862847222222 0,321614583333333 0,411024305555556 0,321614583333333 0,411024305555556 0,352473958333333 0,353862847222222 0,352473958333333
21 0,332421875 0,325 0,389626736111111 0,325 0,389626736111111 0,3578125 0,332421875 0,3578125
32 0,678799318359375 0,067913412109375 0,574114375 0,1221575546875 0,69214130859375 0,3395700234375 0,78253037109375 0,29369678515625 0,678799318359375 0,067913412109375
23 0,5029296875 0,16068290234375 0,5029296875 0,216269689453125 0,5839130234375 0,383227990234375 0,69322919921875 0,334918873046875 0,58058043359375 0,12435708203125 0,5029296875 0,16068290234375
10 0,599194724609375 0,38231134375 0,5029296875 0,22727066015625 0,5029296875 0,417039525390625 0,599194724609375 0,38231134375
12 0,46777962109375 0,634355744140625 0,406437857421875 0,640665015625 0,41630197265625 0,7065819296875 0,478688388671875 0,701097466796875 0,46777962109375 0,634355744140625
32 0,434088353515625 0,64001208203125 0,37183126953125 0,647032896484375 0,389690990234375 0,713284951171875 0,445358677734375 0,70710075390625 0,434088353515625 0,64001208203125
27 0,414416755859375 0,7143616015625 0,39768036328125 0,646294822265625 0,338553279296875 0,65340858984375 0,353261359375 0,7197525859375 0,414416755859375 0,7143616015625
4 0,36683616015625 0,7219781171875 0,351265064453125 0,654911873046875 0,2932392734375 0,66147026171875 0,30688457421875 0,72845894140625 0,36683616015625 0,7219781171875
2 0,33428324609375 0,72872656640625 0,319023486328125 0,66218226953125 0,259127734375 0,6680721171875 0,273812515625 0,73540210546875 0,33428324609375 0,72872656640625
7 0,286965951171875 0,66703537890625 0,223848271484375 0,67443718359375 0,242400826171875 0,73967488671875 0,2984393125 0,734310119140625 0,286965951171875 0,66703537890625
6 0,94921875 0,60546875 1 0,60546875 1 0,677734375 0,94921875 0,677734375
8 0,9267578125 0,613606770833333 0,992599826388889 0,613606770833333 0,992599826388889 0,684049479166667 0,9267578125 0,684049479166667
2 0,901453993055556 0,619075520833333 0,969205729166667 0,619075520833333 0,969205729166667 0,6876953125 0,901453993055556 0,6876953125