14 0,188847291015625 0,321108251953125 0,207277341796875 0,282698517578125 0,175294189453125 0,275578220703125 0,15410743359375 0,311069904296875 0,188847291015625 0,321108251953125
28 0,166582498046875 0,314573587890625 0,185815447265625 0,2785848203125 0,152218982421875 0,271699318359375 0,13649577734375 0,30658226171875 0,166582498046875 0,314573587890625
24 0,149012375 0,308317029296875 0,16582622265625 0,27214639453125 0,13527726953125 0,26776084765625 0,11483304296875 0,301078521484375 0,149012375 0,308317029296875
7 0,11070407421875 0,29773708984375 0,136264693359375 0,26564748046875 0,100584484375 0,257465330078125 0,0866913515625 0,293653330078125 0,11070407421875 0,29773708984375
6 0,104075515625 0,295022853515625 0,111659744140625 0,2582730625 0,08353723046875 0,25420219921875 0,065718169921875 0,288177818359375 0,104075515625 0,295022853515625
16 0,078499337890625 0,28783946875 0,0951548125 0,254011607421875 0,0643006484375 0,250601076171875 0,046339421875 0,282344158203125 0,078499337890625 0,28783946875
10 0,74961408984375 0,476732744140625 0,7475525 0,427969322265625 0,695749052734375 0,4278915234375 0,68892271875 0,475905255859375 0,74961408984375 0,476732744140625
24 0,7084933125 0,476425072265625 0,705722572265625 0,427097927734375 0,646359353515625 0,427264693359375 0,64937155078125 0,475831021484375 0,7084933125 0,476425072265625
15 0,66642817578125 0,47567588671875 0,66447084765625 0,427366474609375 0,6025629140625 0,427459390625 0,61289706640625 0,475748482421875 0,66642817578125 0,47567588671875
8 0,603884572265625 0,473958412109375 0,598980828125 0,427958779296875 0,541947349609375 0,4270824609375 0,547435185546875 0,4743116796875 0,603884572265625 0,473958412109375
0 0,56344559375 0,474575078125 0,55725534765625 0,424957837890625 0,498032880859375 0,42600434765625 0,5085501328125 0,472950359375 0,56344559375 0,474575078125
17 0,52463615625 0,47217555859375 0,51270330859375 0,425262857421875 0,4554399609375 0,425189513671875 0,469472791015625 0,472054107421875 0,52463615625 0,47217555859375
3 0 0,837890625 0,1171875 0,837890625 0,1171875 0,951171875 0 0,951171875
46 0,333984375 0,837890625 0,458984375 0,837890625 0,458984375 0,94140625 0,333984375 0,94140625
5 0,072265625 0,837890625 0,234375 0,837890625 0,234375 0,955078125 0,072265625 0,955078125
38 0,220703125 0,837890625 0,3671875 0,837890625 0,3671875 0,9453125 0,220703125 0,9453125