14 0,072785462890625 0,310812921875 0,07434758984375 0,3174691171875 0,118757322265625 0,318563484375 0,10169024609375 0,30770765625 0,060030447265625 0,306384283203125 0,06085059765625 0,307909060546875 0,072785462890625 0,310812921875
28 0,090276625 0,305219958984375 0,049710240234375 0,304038640625 0,064810759765625 0,31554684375 0,10427988671875 0,31728319140625 0,106986650390625 0,313461345703125 0,090276625 0,305219958984375
24 0,096893099609375 0,31343948046875 0,081359220703125 0,30257410546875 0,038091921875 0,30133703125 0,054488125 0,312538283203125 0,096893099609375 0,31343948046875
7 0,07141432421875 0,2974800390625 0,01927905078125 0,29595888671875 0,04612630078125 0,3075325390625 0,06547930078125 0,308069390625 0,077428193359375 0,30805003515625 0,07141432421875 0,2974800390625
6 0,042427431640625 0,29411451171875 0,008383916015625 0,293358841796875 0,019201330078125 0,298178287109375 0,021152544921875 0,30502115625 0,068767208984375 0,306088998046875 0,042427431640625 0,29411451171875
16 0 0,293179111328125 0,01002291796875 0,302827119140625 0,055466166015625 0,304065294921875 0,051998390625 0,296916751953125 0,03761214453125 0,29146044921875 0 0,290248125 0 0,293179111328125
14 1 0,02763402734375 0,880695439453125 0,029774388671875 0,914567091796875 0,177370486328125 0,869682404296875 0,380482298828125 1 0,37298138671875 1 0,02763402734375
8 0,857395560546875 0,055054400390625 0,857470416015625 0,052439673828125 0,68197013671875 0,057745787109375 0,67097645703125 0,396394490234375 0,872899671875 0,375534955078125 0,857395560546875 0,055054400390625
6 0,546875 0,39334989453125 0,72041209765625 0,381572900390625 0,718923875 0,06901352734375 0,546875 0,074217984375 0,546875 0,39334989453125
21 1 0,59966325390625 0,975314017578125 0,602742345703125 0,95544543359375 0,849419544921875 1 0,846067126953125 1 0,59966325390625
34 1 0,600879076171875 0,869621712890625 0,611903123046875 0,88774241015625 0,871971107421875 0,997454953125 0,856613185546875 1 0,758609296875 1 0,600879076171875
21 0,9136307421875 0,621364388671875 0,909945908203125 0,620274630859375 0,81651708203125 0,633888697265625 0,774518765625 0,8965465703125 0,918225126953125 0,880931533203125 0,9136307421875 0,621364388671875
7 0,777335138671875 0,905868505859375 0,794292240234375 0,657170400390625 0,6414490078125 0,673263103515625 0,6789668125 0,919743361328125 0,777335138671875 0,905868505859375
8 0,68702400390625 0,680161486328125 0,681462162109375 0,6791456640625 0,559719236328125 0,69511165234375 0,55681751953125 0,956250212890625 0,69958372265625 0,92460480078125 0,68702400390625 0,680161486328125