6 0,371086516203704 0,176938657407407 0,434396701388889 0,176938657407407 0,434396701388889 0,234085648148148 0,371086516203704 0,234085648148148
16 0,342737268518519 0,178747106481482 0,406018518518519 0,178747106481482 0,406018518518519 0,233940972222222 0,342737268518519 0,233940972222222
28 0,5317398203125 0,236355365234375 0,5299221171875 0,185885916015625 0,47365475 0,183365076171875 0,47879312109375 0,234174986328125 0,5317398203125 0,236355365234375
14 0,560925814453125 0,186006505859375 0,560002775390625 0,186202107421875 0,501565724609375 0,184739466796875 0,5019583515625 0,23893782421875 0,56130134765625 0,23965023828125 0,560925814453125 0,186006505859375
24 0,503200244140625 0,23573291015625 0,50368891015625 0,185386556640625 0,448586478515625 0,18065614453125 0,44569423828125 0,2331143671875 0,503200244140625 0,23573291015625
7 0,4508522734375 0,23457469921875 0,461950796875 0,1815022421875 0,400953294921875 0,181263953125 0,4137578671875 0,23332903125 0,4508522734375 0,23457469921875
0 0,187239583333333 0,498806423611111 0,304846643518519 0,498806423611111 0,304846643518519 0,665328414351852 0,187239583333333 0,665328414351852
0 0,114872685185185 0,500289351851852 0,22857349537037 0,500289351851852 0,22857349537037 0,666521990740741 0,114872685185185 0,666521990740741
46 0,33984375 0,484700520833333 0,457566550925926 0,484700520833333 0,457566550925926 0,659035011574074 0,33984375 0,659035011574074
37 0,277184606481481 0,494719328703704 0,396802662037037 0,494719328703704 0,396802662037037 0,66529224537037 0,277184606481481 0,66529224537037
7 0,0521267361111111 0,496636284722222 0,175824652777778 0,496636284722222 0,175824652777778 0,679217303240741 0,0521267361111111 0,679217303240741
47 0,405316840277778 0,480758101851852 0,530938946759259 0,480758101851852 0,530938946759259 0,661530671296296 0,405316840277778 0,661530671296296