9 0,410416666666667 0,286255787037037 0,452864583333333 0,286255787037037 0,452864583333333 0,312760416666667 0,410416666666667 0,312760416666667
19 0,470833333333333 0,266362847222222 0,515364583333333 0,266362847222222 0,515364583333333 0,294921875 0,470833333333333 0,294921875
3 0,3728515625 0,295941840277778 0,4173828125 0,295941840277778 0,4173828125 0,324500868055556 0,3728515625 0,324500868055556
24 0,4525390625 0,27123119212963 0,4970703125 0,27123119212963 0,4970703125 0,299790219907407 0,4525390625 0,299790219907407
7 0,390169270833333 0,291124131944444 0,434700520833333 0,291124131944444 0,434700520833333 0,319683159722222 0,390169270833333 0,319683159722222
21 0,435286458333333 0,277025462962963 0,479817708333333 0,277025462962963 0,479817708333333 0,305584490740741 0,435286458333333 0,305584490740741
0 0,830078125 0 0,96484375 0 0,96484375 0,037109375 0,830078125 0,037109375
7 0,765625 0 0,900390625 0 0,900390625 0,052734375 0,765625 0,052734375
31 0,40256390625 0,7895040234375 0,373472759765625 0,67874475390625 0,319220181640625 0,678787638671875 0,3629816484375 0,792551025390625 0,40256390625 0,7895040234375
20 0,370398591796875 0,797085517578125 0,330845544921875 0,679712802734375 0,276167205078125 0,6792929921875 0,303774203125 0,79828495703125 0,370398591796875 0,797085517578125
26 0,31990732421875 0,797019078125 0,28759727734375 0,68459283203125 0,2315147890625 0,688424310546875 0,263269560546875 0,803746560546875 0,31990732421875 0,797019078125
1 0,263210326171875 0,8036418671875 0,2331628203125 0,692244130859375 0,18146669140625 0,69400740234375 0,20824629296875 0,812401912109375 0,263210326171875 0,8036418671875
6 0,223380017578125 0,813234869140625 0,188547763671875 0,69543362109375 0,13393853515625 0,699283654296875 0,165379306640625 0,820335087890625 0,223380017578125 0,813234869140625
8 0,179602701171875 0,815705474609375 0,144350435546875 0,703459490234375 0,095295548828125 0,710569369140625 0,126004234375 0,82012516796875 0,179602701171875 0,815705474609375
23 1 0,4151575625 0,9149813515625 0,447874552734375 1 0,65833235546875 1 0,4151575625
29 1 0,651158486328125 0,926204453125 0,44814565625 0,819175986328125 0,495678140625 0,9183157578125 0,746293412109375 1 0,70979234765625 1 0,651158486328125
30 0,921056048828125 0,7555231484375 0,831470513671875 0,504180181640625 0,72336883984375 0,561868404296875 0,807389845703125 0,807680359375 0,921056048828125 0,7555231484375
1 0,6484375 0,5938016015625 0,6484375 0,828982521484375 0,66885075 0,885232873046875 0,778834640625 0,835846904296875 0,681678275390625 0,58066637890625 0,6484375 0,5938016015625