9 0,327553530092593 0,143265335648148 0,360120081018519 0,143265335648148 0,360120081018519 0,170160590277778 0,327553530092593 0,170160590277778
7 0,349189814814815 0,144921875 0,381756365740741 0,144921875 0,381756365740741 0,17181712962963 0,349189814814815 0,17181712962963
3 0,370927372685185 0,148531539351852 0,403493923611111 0,148531539351852 0,403493923611111 0,175426793981481 0,370927372685185 0,175426793981481
19 0,25560619212963 0,134794560185185 0,288172743055556 0,134794560185185 0,288172743055556 0,161689814814815 0,25560619212963 0,161689814814815
24 0,277293113425926 0,137427662037037 0,309859664351852 0,137427662037037 0,309859664351852 0,164322916666667 0,277293113425926 0,164322916666667
21 0,298003472222222 0,140118634259259 0,330570023148148 0,140118634259259 0,330570023148148 0,167013888888889 0,298003472222222 0,167013888888889
28 0,944798716796875 0,346366634765625 0,95249661328125 0,2413142265625 0,901871408203125 0,23750462109375 0,8929022421875 0,343716150390625 0,944798716796875 0,346366634765625
23 0,9903342578125 0,355103669921875 0,99999701953125 0,24766848828125 0,949070244140625 0,24286706640625 0,937886392578125 0,34874945703125 0,9903342578125 0,355103669921875
8 0,416748357421875 0,509765625 0,4021941796875 0,5381304921875 0,447492130859375 0,570560837890625 0,478051623046875 0,509765625 0,416748357421875 0,509765625
2 0,47375280078125 0,509765625 0,445417427734375 0,566491359375 0,497081828125 0,593431306640625 0,541990296875 0,509765625 0,47375280078125 0,509765625
33 0,6274101953125 0,509765625 0,635531404296875 0,70347184765625 0,737059466796875 0,673729376953125 0,73264396484375 0,509765625 0,6274101953125 0,509765625
30 0,7319907734375 0,509765625 0,73759841796875 0,66312946875 0,8229166484375 0,650257228515625 0,8269079609375 0,509765625 0,7319907734375 0,509765625
15 0,8260051328125 0,509765625 0,823364736328125 0,64498232421875 0,901339880859375 0,634197501953125 0,913762912109375 0,509765625 0,8260051328125 0,509765625
4 1 0,509765625 0,956512869140625 0,509765625 0,9541737578125 0,61151437109375 0,95526989453125 0,615446556640625 1 0,606788109375 1 0,509765625