19 0,493403263671875 0,330615123046875 0,443788830078125 0,332895748046875 0,45187916015625 0,342651080078125 0,45600077734375 0,346149416015625 0,50031027734375 0,343879109375 0,493403263671875 0,330615123046875
24 0,427433947265625 0,3393024296875 0,4321395625 0,34949024609375 0,481417072265625 0,34698748046875 0,4707600078125 0,333760822265625 0,46904988671875 0,33359973828125 0,42644352734375 0,336116541015625 0,427433947265625 0,3393024296875
21 0,4079087890625 0,349031423828125 0,408534068359375 0,35291925 0,4625789765625 0,35067671875 0,454457205078125 0,33741545703125 0,4329425546875 0,3377797421875 0,42974633203125 0,34776710546875 0,4079087890625 0,349031423828125
9 0,385020228515625 0,34419291015625 0,382076583984375 0,348113494140625 0,392297923828125 0,3565929609375 0,436467228515625 0,35463925 0,426745029296875 0,3490788125 0,43250115234375 0,347081548828125 0,4305633515625 0,342466703125 0,385020228515625 0,34419291015625
7 0,418782546875 0,358403759765625 0,4091322421875 0,345479017578125 0,362778765625 0,347388603515625 0,3751988203125 0,3605270078125 0,418782546875 0,358403759765625
3 0,40074423046875 0,361291203125 0,388758845703125 0,348663384765625 0,344675771484375 0,350939494140625 0,351436572265625 0,36334493359375 0,40074423046875 0,361291203125
4 0,966796875 0,021484375 1 0,021484375 1 0,103515625 0,966796875 0,103515625
0 0,93359375 0,029296875 1 0,029296875 1 0,107421875 0,93359375 0,107421875
8 0,899703414351852 0,0395326967592593 0,986291956018519 0,0395326967592593 0,986291956018519 0,118381076388889 0,899703414351852 0,118381076388889
2 0,312622974537037 0,688071469907407 0,403117766203704 0,688071469907407 0,403117766203704 0,766977719907407 0,312622974537037 0,766977719907407
50 0,441037326388889 0,657682291666667 0,5416015625 0,657682291666667 0,5416015625 0,742592592592593 0,441037326388889 0,742592592592593
2 0,278125 0,701287615740741 0,368619791666667 0,701287615740741 0,368619791666667 0,780193865740741 0,278125 0,780193865740741
10 0,403559027777778 0,670081018518519 0,496108217592593 0,670081018518519 0,496108217592593 0,750969328703704 0,403559027777778 0,750969328703704
12 0,368757233796296 0,677495659722222 0,457197627314815 0,677495659722222 0,457197627314815 0,754419849537037 0,368757233796296 0,754419849537037
9 0,247026909722222 0,704767071759259 0,331763599537037 0,704767071759259 0,331763599537037 0,785539641203704 0,247026909722222 0,785539641203704
4 0,9140625 0,76953125 1 0,76953125 1 0,9765625 0,9140625 0,9765625
8 0,840212673611111 0,789756944444444 0,995681423611111 0,789756944444444 0,995681423611111 0,992578125 0,840212673611111 0,992578125