27 0.08578559027777777 0.3729311342592593 0.04956597222222214 0.023668981481481444
19 0.07404513888888897 0.3740813078703704 0.04952256944444455 0.021715856481481444
29 0.06226128472222214 0.3771846064814815 0.04956597222222214 0.023668981481481555
9 0.04752604166666674 0.3813078703703704 0.05151909722222214 0.023697916666666652
9 0.0341796875 0.3828125 0.05078125 0.021484375
5 0.0234375 0.3837890625 0.046875 0.017578125
43 0.9501953125 0.15234375 0.099609375 0.28125
52 0.8994140625 0.1611328125 0.201171875 0.291015625
42 0.7905164930555555 0.17894965277777775 0.19201388888888893 0.28350694444444446
1 0.6556423611111111 0.18582899305555556 0.19201388888888893 0.28350694444444446
9 0.5509982638888888 0.19421296296296298 0.20381944444444455 0.2875868055555555
7 0.45013020833333334 0.20839843749999998 0.20828993055555556 0.3130353009259259
12 0.7790798611111112 0.8666304976851852 0.1328125 0.1674334490740741
11 0.7152994791666667 0.8812427662037037 0.130859375 0.16740451388888888
27 0.6485460069444444 0.8978515625 0.14079861111111103 0.17536168981481493
0 0.5546875 0.9130859375 0.138671875 0.1640625
7 0.4853515625 0.919921875 0.13671875 0.150390625
0 0.419921875 0.9267578125 0.130859375 0.13671875