13 0 0 0 0.27822441796875 0.054775015625 0.289980564453125 0.1020782578125 0.02238278125 0.006742302734375 0 0 0
7 0.182023427734375 0.329748630859375 0.2278152578125 0.06099815625 0.117814498046875 0.033003001953125 0.078141630859375 0.3062099765625 0.182023427734375 0.329748630859375
7 0.163912298828125 0.335213314453125 0.253845763671875 0.362786607421875 0.31729985546875 0.09302060546875 0.207943509765625 0.065025451171875 0.163912298828125 0.335213314453125
7 0.284982837890625 0.37890625 0.358677884765625 0.37890625 0.407991771484375 0.12648044140625 0.2973138359375 0.095609130859375 0.24419175390625 0.36752901171875 0.284982837890625 0.37890625
16 0.4833984375 0.1025390625 0.1796875 0.205078125
24 0.6728515625 0.1162109375 0.22265625 0.232421875
29 0.810546875 0.12890625 0.216796875 0.2578125
10 0.9208984375 0.13671875 0.158203125 0.265625
47 0.0654296875 0.63671875 0.130859375 0.3359375
22 0.15638020833333333 0.6566261574074075 0.22721354166666674 0.3372395833333335
3 0.322265625 0.6796875 0.201171875 0.3515625
46 0.7613281249999999 0.4423538773148148 0.09335937499999991 0.11300636574074074
31 0.8004557291666667 0.4421730324074074 0.09479166666666661 0.10525173611111116
42 0.8410807291666667 0.4497757523148148 0.09101562500000004 0.10708912037037033
1 0.8916015625 0.45904224537037036 0.08723958333333326 0.1089265046296296
2 0.9379557291666667 0.46451822916666663 0.0951822916666667 0.11111111111111116
1 0.966796875 0.4677734375 0.06640625 0.103515625