6 0.333984375 0.3720703125 0.150390625 0.05859375
4 0.263671875 0.3642578125 0.150390625 0.07421875
3 0.19140625 0.353515625 0.154296875 0.095703125
44 0.2783203125 0.4736328125 0.125 0.15625
44 0.33177083333333335 0.48310908564814814 0.12048611111111107 0.1567853009259259
44 0.3890625 0.4994646990740741 0.12829861111111107 0.15701678240740735
31 0.5576171875 0.556640625 0.07421875 0.162109375
22 0.5259548611111111 0.5396773726851852 0.1303385416666667 0.16098090277777777
31 0.46759982638888886 0.5271990740740741 0.1303385416666667 0.16098090277777777
35 0.8721903125 0.82781352734375 0.90622462109375 0.732527427734375 0.852280119140625 0.7154069375 0.813713146484375 0.811151228515625 0.8721903125 0.82781352734375
12 0.834416951171875 0.813061 0.8705939453125 0.720331552734375 0.816018634765625 0.70535188671875 0.781172091796875 0.799578595703125 0.834416951171875 0.813061
27 0.799083228515625 0.800765109375 0.8378745703125 0.706158025390625 0.781010404296875 0.69146262890625 0.745738728515625 0.785008740234375 0.799083228515625 0.800765109375
4 0.75780091015625 0.773655068359375 0.78756868359375 0.6871920078125 0.7364698359375 0.677819421875 0.69833717578125 0.766212357421875 0.75780091015625 0.773655068359375
0 0.720296380859375 0.766686162109375 0.755592091796875 0.674878328125 0.6969340546875 0.664090869140625 0.66429965625 0.75383380859375 0.720296380859375 0.766686162109375
3 0.685756615234375 0.755235177734375 0.719403916015625 0.66200075390625 0.6653025390625 0.6472321875 0.631940857421875 0.74304315625 0.685756615234375 0.755235177734375