21 0.548828125 0.2109375 0.087890625 0.125
5 0.47830584490740735 0.2158130787037037 0.0942708333333333 0.12261284722222232
4 0.42787905092592593 0.21963975694444438 0.09396701388888884 0.11675347222222232
6 0.37570167824074074 0.22725694444444444 0.09777199074074072 0.11503182870370376
44 0.9755859375 0.3798828125 0.048828125 0.240234375
44 0.927734375 0.384765625 0.14453125 0.23046875
44 0.8318793402777778 0.37978877314814813 0.15112847222222214 0.24280960648148142
19 0.5927734375 0.610415021484375 0.52174115625 0.609355109375 0.5536326953125 0.84805756640625 0.5927734375 0.84976439453125 0.5927734375 0.610415021484375
28 0.562801724609375 0.850152873046875 0.543374455078125 0.60779330078125 0.417378017578125 0.60212526171875 0.44212055859375 0.843800595703125 0.562801724609375 0.850152873046875
14 0.453805294921875 0.853745955078125 0.433762734375 0.599893392578125 0.308650462890625 0.60135578125 0.31863472265625 0.8473134765625 0.453805294921875 0.853745955078125
5 0.311052544921875 0.844081412109375 0.293204607421875 0.5995257734375 0.163737662109375 0.59169733984375 0.18465733984375 0.8391190859375 0.311052544921875 0.844081412109375
3 0.20467827734375 0.83828296484375 0.1785274609375 0.590908333984375 0.05357069921875 0.5909399765625 0.086545744140625 0.829090080078125 0.20467827734375 0.83828296484375
5 0 0.820461080078125 0.11191040625 0.83185694921875 0.06716909765625 0.587980126953125 0 0.586507162109375 0 0.820461080078125
41 0.7708043981481482 0.770240162037037 0.0995949074074074 0.15018807870370376
50 0.7134910300925926 0.7726851851851851 0.09703414351851847 0.13835358796296293
38 0.6579788773148149 0.7723162615740741 0.10094039351851847 0.13858506944444438
1 0.595703125 0.7734375 0.064453125 0.1328125