17 0.245947677734375 0.45013425 0.272176984375 0.300275666015625 0.208576021484375 0.29861725 0.1789518203125 0.43986333203125 0.245947677734375 0.45013425
32 0.298791234375 0.44285462109375 0.3275002265625 0.299963615234375 0.267700283203125 0.298509775390625 0.241657640625 0.44259715625 0.298791234375 0.44285462109375
28 0.293812037109375 0.441477837890625 0.356803544921875 0.450907923828125 0.384778185546875 0.307318623046875 0.324892505859375 0.30049730078125 0.293812037109375 0.441477837890625
0 0.432836755859375 0.453139734375 0.459249021484375 0.306574279296875 0.399253728515625 0.3037082890625 0.3695234609375 0.44498012109375 0.432836755859375 0.453139734375
8 0.4824558828125 0.454861888671875 0.508509763671875 0.310794392578125 0.4531081328125 0.3089088359375 0.42308104296875 0.45481965625 0.4824558828125 0.454861888671875
3 0.474352875 0.45876730859375 0.528737841796875 0.46446813671875 0.53450259375 0.453087234375 0.564519984375 0.31785590234375 0.5051565546875 0.311812701171875 0.474352875 0.45876730859375
29 0.8753616898148149 0.2900173611111111 0.076171875 0.10789930555555549
21 0.9167390046296297 0.30008680555555556 0.07233796296296302 0.10982349537037028
10 0.9600694444444444 0.3101707175925925 0.07638888888888884 0.11375868055555571
0 0.9892578125 0.3193359375 0.021484375 0.111328125
15 0.0595703125 0.849609375 0.119140625 0.30078125
10 0.154296875 0.86328125 0.19921875 0.2734375
2 0.3193359375 0.880859375 0.201171875 0.23828125
7 0.4443359375 0.8916015625 0.201171875 0.216796875
0 0.624352876953125 1 0.66449908203125 0.848038775390625 0.531665798828125 0.810140619140625 0.495587328125 1 0.624352876953125 1