31 0.160405361328125 0.15913391796875 0.124526978515625 0.05118692578125 0.06595108984375 0.07050233203125 0.1154659296875 0.17077851171875 0.160405361328125 0.15913391796875
20 0.21150487890625 0.138136349609375 0.159324458984375 0.03091615234375 0.10289973828125 0.051505490234375 0.1415905625 0.1618293046875 0.21150487890625 0.138136349609375
26 0.25108300390625 0.122551986328125 0.204718671875 0.017252798828125 0.144427369140625 0.034494115234375 0.18823648046875 0.137640005859375 0.25108300390625 0.122551986328125
1 0.242252205078125 0.116170025390625 0.303331904296875 0.103825537109375 0.25112745703125 0.001953125 0.237445869140625 0.001953125 0.196189814453125 0.015079306640625 0.242252205078125 0.116170025390625
6 0.345441982421875 0.090020166015625 0.304829943359375 0.001953125 0.23812158984375 0.001953125 0.280929150390625 0.1052816640625 0.345441982421875 0.090020166015625
8 0.3804018125 0.070912744140625 0.34803835546875 0.001953125 0.284092798828125 0.001953125 0.31982119140625 0.0863026640625 0.3804018125 0.070912744140625
28 0.560319638671875 0.359057728515625 0.57335271875 0.32764080078125 0.534966314453125 0.324881984375 0.521912509765625 0.356296265625 0.560319638671875 0.359057728515625
15 0.572483078125 0.361020072265625 0.586207998046875 0.329765626953125 0.545563662109375 0.327763697265625 0.534249658203125 0.358701662109375 0.572483078125 0.361020072265625
29 0.585697841796875 0.364060787109375 0.599429265625 0.3321033203125 0.558898166015625 0.329354453125 0.546461234375 0.362020734375 0.585697841796875 0.364060787109375
2 0.56595772265625 0.366519451171875 0.614532390625 0.371300576171875 0.61061607421875 0.3558485390625 0.621398521484375 0.3369855625 0.580072451171875 0.3356116484375 0.579603939453125 0.354121232421875 0.56595772265625 0.366519451171875
5 0.624512017578125 0.373262919921875 0.634798681640625 0.3386650859375 0.59230284375 0.3362580390625 0.58251637109375 0.370647828125 0.624512017578125 0.373262919921875
13 0.64163515234375 0.37661977734375 0.6502238671875 0.342464673828125 0.60537317578125 0.339337486328125 0.59599474609375 0.375105740234375 0.64163515234375 0.37661977734375
7 0.465540732421875 0.99395865625 0.469746017578125 0.998046875 0.52032260546875 0.998046875 0.510587912109375 0.988091162109375 0.465540732421875 0.99395865625
19 0.5341796875 0.5986328125 0.083984375 0.216796875
33 0.5927734375 0.58984375 0.189453125 0.19921875
31 0.70703125 0.5791015625 0.203125 0.177734375
3 0.8984375 0.5576171875 0.1875 0.134765625
2 0.955078125 0.544921875 0.08984375 0.109375