16 0.2850549768518519 0.2001953125 0.05986689814814805 0.0859375
15 0.3249927662037037 0.193359375 0.05989583333333337 0.087890625
29 0.3687644675925926 0.181640625 0.06184895833333326 0.087890625
5 0.4310474537037037 0.1669921875 0.06380208333333348 0.087890625
5 0.47483362268518525 0.15625 0.06184895833333348 0.087890625
7 0.5186487268518518 0.1474609375 0.05986689814814827 0.0859375
44 0.9453125 0.2685546875 0.109375 0.294921875
44 0.8583984375 0.28125 0.1640625 0.27734375
44 0.74609375 0.291015625 0.158203125 0.2578125
17 0.640625 0.30859375 0.064453125 0.22265625
35 0.15730613425925927 0.767578125 0.05403645833333337 0.087890625
27 0.1923611111111111 0.7607421875 0.05208333333333326 0.087890625
22 0.22645399305555558 0.7548828125 0.05010127314814805 0.0859375
4 0.27513744212962965 0.7451171875 0.05208333333333326 0.087890625
0 0.31019241898148153 0.73828125 0.05013020833333348 0.087890625
8 0.3452763310185185 0.7333984375 0.05013020833333326 0.087890625