21 0.5771484375 0.3605884453125 0.5771484375 0.250428697265625 0.563664625 0.246721982421875 0.507465640625 0.41693533984375 0.557734962890625 0.434299587890625 0.5771484375 0.3605884453125
30 0.514656669921875 0.42294315625 0.566065599609375 0.243671939453125 0.5165772421875 0.229519521484375 0.4715009375 0.403553130859375 0.514656669921875 0.42294315625
28 0.4813350390625 0.407326849609375 0.52538309375 0.2294494765625 0.484987873046875 0.2149737578125 0.43083301953125 0.387282392578125 0.4813350390625 0.407326849609375
2 0.437778806640625 0.379060634765625 0.47937408984375 0.211406490234375 0.43552910546875 0.194065009765625 0.39076790625 0.36414061328125 0.437778806640625 0.379060634765625
1 0.398065794921875 0.364466525390625 0.44232762890625 0.195368650390625 0.407936484375 0.18485508203125 0.362978869140625 0.3526250078125 0.398065794921875 0.364466525390625
5 0.414489818359375 0.181804767578125 0.41479809375 0.180616904296875 0.37200373828125 0.1675849140625 0.3292772890625 0.342108828125 0.370381046875 0.35572259765625 0.414489818359375 0.181804767578125
21 1 0.222668728515625 0.97349790625 0.216658439453125 0.9042489609375 0.400711326171875 0.969984515625 0.412849306640625 1 0.3280311171875 1 0.222668728515625
43 0.9759845546875 0.2160444375 0.9149385390625 0.19832625 0.852721642578125 0.381938498046875 0.915828888671875 0.39397414453125 0.9759845546875 0.2160444375
21 0.922473181640625 0.201116353515625 0.87268837890625 0.189970404296875 0.804327529296875 0.35952559375 0.863001955078125 0.374418166015625 0.922473181640625 0.201116353515625
4 0.849513306640625 0.170729845703125 0.797103328125 0.158017587890625 0.733958439453125 0.336797271484375 0.789641751953125 0.347604912109375 0.849513306640625 0.170729845703125
0 0.80239799609375 0.162338486328125 0.74716171484375 0.149795380859375 0.68655065234375 0.321157060546875 0.74762759765625 0.332783375 0.80239799609375 0.162338486328125
3 0.759489330078125 0.145100662109375 0.699545021484375 0.1305819140625 0.638806830078125 0.304257544921875 0.697431560546875 0.31557685546875 0.759489330078125 0.145100662109375
41 0.91406341015625 0.626976697265625 0.8119058046875 0.6409135234375 0.8614187578125 0.8559821875 0.949692607421875 0.832111513671875 0.91406341015625 0.626976697265625
47 0.8312296015625 0.648491400390625 0.727443052734375 0.6634572578125 0.783594935546875 0.862715796875 0.866050208984375 0.844432591796875 0.8312296015625 0.648491400390625
27 0.79580915234375 0.860436578125 0.737249361328125 0.6697081953125 0.637029376953125 0.6836450234375 0.690477736328125 0.883932591796875 0.79580915234375 0.860436578125
1 0.5595703125 0.699072828125 0.5595703125 0.807644373046875 0.5916344765625 0.904043603515625 0.668049236328125 0.886933833984375 0.626452783203125 0.68760764453125 0.5595703125 0.699072828125