26 0.541015625 0.31640625 0.146484375 0.216796875
13 0.43731915509259256 0.2833984375 0.1597366898148147 0.21668113425925928
6 0.27939091435185187 0.23808593749999996 0.1636284722222222 0.21493055555555562
9 0.16725983796296295 0.20882523148148147 0.1557581018518519 0.20671296296296293
4 0.06640625 0.181640625 0.1328125 0.21875
30 0.815234375 0.18838252314814816 0.06513310185185173 0.09658564814814813
34 0.7801215277777778 0.18070023148148148 0.06124131944444455 0.09833622685185184
24 0.7440465856481482 0.17101417824074075 0.06317997685185173 0.09648437500000001
4 0.6942997685185185 0.16061921296296297 0.05729166666666674 0.09227430555555555
5 0.6582248263888889 0.1509331597222222 0.06516203703703716 0.10049189814814818
6 0.62890625 0.142578125 0.048828125 0.103515625
15 0.200758306640625 0.718393873046875 0.227725591796875 0.672249625 0.197567466796875 0.65688825390625 0.174973779296875 0.70394048828125 0.200758306640625 0.718393873046875
13 0.179069435546875 0.705228970703125 0.202880330078125 0.6586361171875 0.173379876953125 0.645767845703125 0.1491923671875 0.69036374609375 0.179069435546875 0.705228970703125
27 0.153361658203125 0.69101910546875 0.179994712890625 0.6458308046875 0.1501346953125 0.6322733984375 0.120782779296875 0.675922810546875 0.153361658203125 0.69101910546875
6 0.11316781640625 0.669651638671875 0.1358636953125 0.624837978515625 0.107896583984375 0.60748589453125 0.080753833984375 0.654241236328125 0.11316781640625 0.669651638671875
1 0.084810501953125 0.655444080078125 0.111558625 0.6084633515625 0.086744853515625 0.597521041015625 0.057818595703125 0.644046935546875 0.084810501953125 0.655444080078125
17 0.061750916015625 0.6429425625 0.088846337890625 0.598388423828125 0.059701671875 0.581656693359375 0.03003255078125 0.629976263671875 0.061750916015625 0.6429425625
20 0.939453125 0.7294921875 0.12109375 0.255859375
2 0.8216507523148148 0.6979817708333333 0.169921875 0.2738281250000001
4 0.7212094907407407 0.6732349537037037 0.14642650462962958 0.26480034722222223
0 0.6552734375 0.64453125 0.1015625 0.271484375