21 0.24335970703125 0.3566152890625 0.288581921875 0.17958544140625 0.205548052734375 0.16110151171875 0.13327769140625 0.343580609375 0.24335970703125 0.3566152890625
16 0.307782662109375 0.36167812890625 0.39409010546875 0.17780709765625 0.2754662578125 0.176868548828125 0.2260362265625 0.35793509375 0.307782662109375 0.36167812890625
16 0.42523728125 0.35853875390625 0.47785994921875 0.182818416015625 0.38418383984375 0.175100501953125 0.299046599609375 0.35897153515625 0.42523728125 0.35853875390625
2 0.57421875 0.24752633984375 0.57421875 0.191922580078125 0.4739203046875 0.186772681640625 0.414783072265625 0.36653120703125 0.523602005859375 0.37152706640625 0.57421875 0.24752633984375
22 0.610573033203125 0 0.606153658203125 0.055788806640625 0.72795855078125 0.0539826328125 0.73410043359375 0 0.610573033203125 0
1 0.735781408203125 0 0.7338433671875 0.050987328125 0.8516954453125 0.04065794921875 0.854168150390625 0 0.735781408203125 0
0 0.8244473046875 0 0.82207838671875 0.044924646484375 0.940438546875 0.05451944921875 0.9502950859375 0 0.8244473046875 0
2 0.06673177083333337 0.8411820023148149 0.07670717592592591 0.08716724537037024
2 0.10263310185185182 0.8463179976851851 0.07670717592592591 0.08716724537037024
12 0.0224609375 0.8408203125 0.044921875 0.087890625
9 0.13681278935185182 0.8437861689814815 0.07096354166666652 0.09063946759259256
9 0.7700810185185185 0.5283203125 0.05739293981481475 0.02727141203703698
19 0.6882233796296297 0.5285373263888888 0.057450810185185164 0.02922453703703698
7 0.7954137731481481 0.5283926504629629 0.05739293981481497 0.02727141203703698
3 0.8197989004629629 0.5275607638888888 0.05739293981481497 0.02727141203703698
24 0.7125795717592592 0.5286820023148148 0.05739293981481475 0.02727141203703698
21 0.7369357638888889 0.5288266782407407 0.05739293981481475 0.02727141203703698