15 0.297396337890625 0.182974087890625 0.3615483359375 0.010702388671875 0.324394732421875 0.0029296875 0.27170258203125 0.0029296875 0.215352740234375 0.164968291015625 0.297396337890625 0.182974087890625
11 0.2197265625 0.08203125 0.14453125 0.158203125
30 0.150390625 0.07421875 0.150390625 0.142578125
8 0.0634765625 0.060546875 0.126953125 0.1171875
10 0.9169921875 0.2294921875 0.166015625 0.130859375
31 0.84375 0.2158203125 0.251953125 0.16015625
22 0.70703125 0.2041015625 0.255859375 0.18359375
0 0.5322265625 0.1845703125 0.25390625 0.22265625
4 0.462890625 0.173828125 0.115234375 0.244140625
26 0.103875162109375 0.52115447265625 0.16254251953125 0.401302109375 0.09278751171875 0.39200061328125 0.035893787109375 0.509834396484375 0.103875162109375 0.52115447265625
14 0 0.500672857421875 0.049869107421875 0.509419396484375 0.106929134765625 0.3899818984375 0.0378825234375 0.378184689453125 0 0.457262783203125 0 0.500672857421875
26 0 0.46638611328125 0.0522690546875 0.3789923828125 0 0.373503884765625 0 0.46638611328125
28 0.599980513671875 0.508223125 0.5795585625 0.501955037109375 0.5418251484375 0.523293189453125 0.564079986328125 0.52970297265625 0.599980513671875 0.508223125
15 0.589534947265625 0.500611578125 0.56940811328125 0.4957685390625 0.533301580078125 0.5177293671875 0.5499560859375 0.5218366796875 0.589534947265625 0.500611578125
29 0.579660474609375 0.49334386328125 0.558565796875 0.4877360390625 0.52314192578125 0.5097495234375 0.543697564453125 0.514994787109375 0.579660474609375 0.49334386328125
2 0.564979615234375 0.482273779296875 0.54620815234375 0.477494521484375 0.507057400390625 0.49814541015625 0.5290364375 0.503328033203125 0.564979615234375 0.482273779296875
5 0.55450684765625 0.4764381328125 0.536083841796875 0.47108777734375 0.49790979296875 0.493447990234375 0.51423382421875 0.49672962890625 0.55450684765625 0.4764381328125
13 0.544970400390625 0.4702008828125 0.525604376953125 0.465121525390625 0.489309265625 0.4867298203125 0.5089500390625 0.49087209375 0.544970400390625 0.4702008828125