1 0 0.068346259765625 0.051815341796875 0.075024865234375 0.03531841796875 0.0029296875 0 0.0029296875 0 0.068346259765625
6 0.112832845703125 0.09764961328125 0.122139037109375 0.0029296875 0.023335220703125 0.0029296875 0.00489523828125 0.080673169921875 0.112832845703125 0.09764961328125
2 0.190041255859375 0.1250041640625 0.189330181640625 0.015533849609375 0.11040324609375 0.0029296875 0.091723201171875 0.0029296875 0.074524607421875 0.104942609375 0.190041255859375 0.1250041640625
44 0.9619140625 0.119140625 0.076171875 0.234375
44 0.8037109375 0.1083984375 0.224609375 0.2109375
25 0.5341796875 0.09765625 0.205078125 0.189453125
40 0.423828125 0.0869140625 0.203125 0.16796875
40 0.6533203125 0.09765625 0.212890625 0.189453125
44 0.9072265625 0.1162109375 0.185546875 0.228515625
6 0.029296875 0.5830078125 0.05859375 0.123046875
1 0.0546875 0.59375 0.109375 0.12890625
8 0.9326171875 0.787109375 0.134765625 0.17578125
20 0.612890625 0.7398943865740741 0.15651041666666665 0.1753906249999999
4 0.8677734374999999 0.7801070601851852 0.1571614583333334 0.1851562499999999
2 0.79296875 0.7724175347222222 0.16523437500000004 0.18917824074074074
43 0.6978515624999999 0.7532986111111111 0.1625000000000001 0.17743055555555554
46 0.5438802083333334 0.7311414930555555 0.1654947916666667 0.19308449074074074