36 0.8666449652777778 0.26843894675925917 0.18923611111111116 0.266579861111111
36 0.7769458912037037 0.24334490740740744 0.17317708333333326 0.2543981481481481
20 0.6809534143518519 0.20635850694444446 0.17520254629629628 0.2564091435185185
2 0.5421006944444444 0.17102864583333333 0.18952546296296302 0.2743923611111112
4 0.453125 0.1435546875 0.14453125 0.263671875
0 0.4091796875 0.125 0.056640625 0.25
12 0.30078125 0.767578125 0.19140625 0.46484375
15 0.19921875 0.751953125 0.2734375 0.49609375
24 0.0947265625 0.734375 0.189453125 0.5078125
35 0.923828125 0.8505859375 0.15234375 0.298828125
27 0.849609375 0.83203125 0.2578125 0.3359375
2 0.6669921875 0.8076171875 0.267578125 0.384765625
6 0.5283203125 0.7919921875 0.251953125 0.416015625
3 0.453125 0.7744140625 0.14453125 0.451171875