17 0.3916015625 0.396484375 0.173828125 0.5625
31 0.2807219328703703 0.41898148148148145 0.22387152777777786 0.5536747685185185
2 0.0966796875 0.443359375 0.193359375 0.53515625
4 0.0234375 0.4580078125 0.046875 0.529296875
44 0.6579644097222223 0.42355324074074074 0.1777488425925926 0.11582754629629632
4 0.775515994140625 0.269696935546875 0.621941646484375 0.24953923828125 0.609076365234375 0.302057046875 0.757557712890625 0.3283985390625 0.775515994140625 0.269696935546875
2 0.74075801953125 0.403404025390625 0.760393859375 0.32938261328125 0.607610017578125 0.300885681640625 0.584154427734375 0.379544939453125 0.74075801953125 0.403404025390625
36 0.6968760859375 0.564423931640625 0.71738086328125 0.50263043359375 0.556667875 0.479333216796875 0.53596999609375 0.53840940234375 0.6968760859375 0.564423931640625
31 0.676353189453125 0.645425921875 0.69961568359375 0.564049349609375 0.548780931640625 0.543517068359375 0.527889955078125 0.5998759375 0.676353189453125 0.645425921875
46 0.6830090859375 0.64177215234375 0.534932046875 0.601656796875 0.515778953125 0.68247149609375 0.66709644921875 0.709797064453125 0.6830090859375 0.64177215234375
17 0.46135119140625 0.943100958984375 0.464705134765625 0.90655516796875 0.436703666015625 0.90814198828125 0.433849119140625 0.94594493359375 0.46135119140625 0.943100958984375
25 0.434854798828125 0.94565478515625 0.436866201171875 0.90826239453125 0.410399751953125 0.910516853515625 0.40840043359375 0.9459124765625 0.434854798828125 0.94565478515625
18 0.408047724609375 0.946724166015625 0.4103510390625 0.910552087890625 0.38536890234375 0.913481359375 0.38358353125 0.949000130859375 0.408047724609375 0.946724166015625
4 0.368382763671875 0.94878787890625 0.368381822265625 0.914124169921875 0.343286806640625 0.916181099609375 0.34106242578125 0.95130171875 0.368382763671875 0.94878787890625
9 0.340977427734375 0.95299315625 0.344270662109375 0.915588404296875 0.315089099609375 0.917898548828125 0.316470568359375 0.954664134765625 0.340977427734375 0.95299315625
13 0.315293916015625 0.955435837890625 0.31625501171875 0.916975671875 0.2887959453125 0.920424830078125 0.286625619140625 0.9563015234375 0.315293916015625 0.955435837890625