11 0.511578779296875 0.38859887890625 0.536034962890625 0.04176575390625 0.421946380859375 0.027192939453125 0.3735106953125 0.36625658203125 0.511578779296875 0.38859887890625
28 0.3748023984375 0.366826806640625 0.419073021484375 0.02464134375 0.288401724609375 0.002682021484375 0.25883169921875 0.3405343046875 0.3748023984375 0.366826806640625
18 0.17042566015625 0 0.144310873046875 0.32063281640625 0.25175678515625 0.34064353125 0.283966044921875 0.000739044921875 0.279878626953125 0 0.17042566015625 0
8 0.005145203125 0 0 0.05044114453125 0 0.282204884765625 0.090415 0.302994583984375 0.12063991015625 0 0.005145203125 0
7 0.9296875 0.037109375 0.138671875 0.07421875
12 0.5424776015625 0.765981470703125 0.564005884765625 0.604523173828125 0.508207814453125 0.601976591796875 0.4865506875 0.766542830078125 0.5424776015625 0.765981470703125
27 0.491166349609375 0.767294962890625 0.511995119140625 0.6026759375 0.457236771484375 0.60072781640625 0.43256114453125 0.768087775390625 0.491166349609375 0.767294962890625
22 0.4371747265625 0.76810722265625 0.4593174296875 0.607692365234375 0.40160217578125 0.606240916015625 0.3787948125 0.771116146484375 0.4371747265625 0.76810722265625
9 0.362696095703125 0.776293818359375 0.384793529296875 0.611379861328125 0.32597494140625 0.612905443359375 0.30760890625 0.772481044921875 0.362696095703125 0.776293818359375
8 0.30695816796875 0.774781654296875 0.32416788671875 0.613378923828125 0.267156615234375 0.61345431640625 0.2490385625 0.777829388671875 0.30695816796875 0.774781654296875
4 0.249294017578125 0.78018005078125 0.26693516015625 0.61815297265625 0.212593541015625 0.61642451171875 0.19020686328125 0.78022073046875 0.249294017578125 0.78018005078125