12 0.109375 0.3271484375 0.185546875 0.22265625
24 0.060546875 0.3203125 0.12109375 0.234375
25 0.951171875 0.294921875 0.09765625 0.16796875
34 0.9124348958333333 0.28211082175925917 0.15104166666666652 0.17701099537037024
12 0.8501157407407407 0.2606987847222222 0.14920428240740735 0.17890625000000004
9 0.76171875 0.23362268518518514 0.1470196759259259 0.17494212962962963
4 0.700318287037037 0.21321614583333337 0.1470196759259259 0.17494212962962963
3 0.6388020833333333 0.1947627314814815 0.1489728009259259 0.17500000000000004
4 0.4248046875 0.668033294921875 0.4248046875 0.610097705078125 0.36920483203125 0.595703865234375 0.295891783203125 0.73546756640625 0.389388681640625 0.75238789453125 0.4248046875 0.668033294921875
8 0.319806283203125 0.7387723671875 0.371674388671875 0.594684904296875 0.288869310546875 0.579312294921875 0.2370064140625 0.716751146484375 0.319806283203125 0.7387723671875
4 0.30772667578125 0.577422658203125 0.305348638671875 0.576503724609375 0.222409513671875 0.562276224609375 0.171329525390625 0.702326068359375 0.25556546875 0.721399052734375 0.30772667578125 0.577422658203125
26 0.15418643359375 0.76356172265625 0.4248046875 0.825143787109375 0.4248046875 0.55362219140625 0.2177341015625 0.5034237890625 0.203409890625 0.514301912109375 0.1451419453125 0.75035097265625 0.15418643359375 0.76356172265625
6 0.42578125 0.8134765625 0.068359375 0.0546875
28 0.519629412109375 0.878166796875 0.553818408203125 0.83264056640625 0.509129908203125 0.821827896484375 0.47744269140625 0.86816411328125 0.519629412109375 0.878166796875
14 0.5822841484375 0.84238546875 0.581413025390625 0.84241663671875 0.53551285546875 0.831959404296875 0.4996192578125 0.880678142578125 0.5467473671875 0.890603609375 0.5822841484375 0.84238546875
24 0.493435166015625 0.86861169921875 0.528443953125 0.823510248046875 0.487518212890625 0.810896798828125 0.44913028515625 0.857528169921875 0.493435166015625 0.86861169921875
7 0.444064388671875 0.852539669921875 0.49068127734375 0.806741607421875 0.43861140625 0.7968095859375 0.4131688828125 0.84551315234375 0.444064388671875 0.852539669921875