22 0 0.40183665625 0.007100970703125 0.46555547265625 0.130415806640625 0.472656791015625 0.095997810546875 0.144911630859375 0 0.135585572265625 0 0.40183665625
9 0.17544953515625 0.480096640625 0.283522826171875 0.484981353515625 0.295513880859375 0.27319763671875 0.286581755859375 0.1643189296875 0.1580197890625 0.157493029296875 0.17544953515625 0.480096640625
5 0.349609375 0.168609375 0.29270294921875 0.165505162109375 0.3222520703125 0.488981732421875 0.349609375 0.496064373046875 0.349609375 0.168609375
12 0.69707916796875 0.56990625 0.75535689453125 0.507304779296875 0.616321302734375 0.310173365234375 0.534527638671875 0.37599391796875 0.69707916796875 0.56990625
40 0.742031068359375 0.513958494140625 0.84879980078125 0.46270501953125 0.688059318359375 0.26671287890625 0.625186744140625 0.32161652734375 0.742031068359375 0.513958494140625
31 0.839772234375 0.449285615234375 0.91561871875 0.40759423046875 0.791719998046875 0.20172929296875 0.685599767578125 0.260887728515625 0.839772234375 0.449285615234375
2 1 0.2920751171875 0.88962328515625 0.13903265625 0.808830041015625 0.192892197265625 0.933053013671875 0.4027096171875 1 0.364748435546875 1 0.2920751171875
5 1 0.100068388671875 0.989986125 0.082161173828125 0.891272205078125 0.134976603515625 1 0.28472378515625 1 0.100068388671875
13 0.3583984375 0.796875 0.017578125 0.1171875
31 0.3902777777777778 0.7958984375 0.052358217592592626 0.119140625
13 0.4332175925925926 0.794921875 0.054311342592592515 0.119140625
3 0.4996527777777778 0.7958984375 0.056264467592592626 0.119140625
1 0.5436270254629629 0.796875 0.04270833333333335 0.123046875
3 0.5903862847222222 0.79296875 0.058391203703703765 0.125