20 0.414685115234375 0.3779296875 0.416698166015625 0.340385791015625 0.33080835546875 0.336596197265625 0.345591333984375 0.3779296875 0.414685115234375 0.3779296875
18 0.328812455078125 0.3779296875 0.330875607421875 0.340568861328125 0.26067196875 0.3384119921875 0.25710301171875 0.3779296875 0.328812455078125 0.3779296875
0 0.226085015625 0.3779296875 0.22879244921875 0.341670119140625 0.14660959375 0.343979671875 0.144615595703125 0.3779296875 0.226085015625 0.3779296875
22 0.95535037109375 0.01876711328125 0.80672953125 0.027662341796875 0.808466568359375 0.32061246875 0.951357107421875 0.323064041015625 0.95535037109375 0.01876711328125
16 0.8181180546875 0.320602095703125 0.814053234375 0.032010314453125 0.686444458984375 0.0536015546875 0.691910421875 0.3213966796875 0.8181180546875 0.320602095703125
6 0.658505216796875 0.320965044921875 0.641859388671875 0.056634283203125 0.5122161875 0.0548929765625 0.538854640625 0.324243453125 0.658505216796875 0.320965044921875
5 0.4248046875 0.061019103515625 0.4248046875 0.277674435546875 0.4332502578125 0.338277908203125 0.548825986328125 0.3325181796875 0.517456080078125 0.0522203515625 0.4248046875 0.061019103515625
24 0.966796875 0.1630859375 0.06640625 0.314453125
10 0.3631646953125 0.773469630859375 0.404550603515625 0.718116533203125 0.377884330078125 0.706879970703125 0.330460162109375 0.751667615234375 0.3631646953125 0.773469630859375
24 0.333426501953125 0.7514451328125 0.377261333984375 0.702834482421875 0.338259205078125 0.68407027734375 0.303943447265625 0.731921203125 0.333426501953125 0.7514451328125
15 0.307049865234375 0.73301949609375 0.345649205078125 0.6798992421875 0.31087958984375 0.6630096328125 0.279324328125 0.713373494140625 0.307049865234375 0.73301949609375
8 0.26765317578125 0.702714529296875 0.3019267265625 0.650970998046875 0.27226274609375 0.638576826171875 0.23750994921875 0.684608896484375 0.26765317578125 0.702714529296875
0 0.243382654296875 0.6855165703125 0.275974333984375 0.633960435546875 0.247217232421875 0.6189101328125 0.214638806640625 0.6695776171875 0.243382654296875 0.6855165703125
17 0.220383109375 0.668328552734375 0.2520504140625 0.6171838203125 0.222245701171875 0.60145494921875 0.19286655859375 0.65267264453125 0.220383109375 0.668328552734375
44 0.564453125 0.4306640625 0.111328125 0.1015625
46 0.892578125 0.4365234375 0.130859375 0.11328125
44 0.47265625 0.4306640625 0.095703125 0.1015625
37 0.7958984375 0.435546875 0.12890625 0.111328125
23 0.6982421875 0.4365234375 0.140625 0.11328125