25 0.560108830078125 0.0341109609375 0.43925852734375 0.04331979296875 0.449403859375 0.317306771484375 0.570652029296875 0.31102203515625 0.560108830078125 0.0341109609375
22 0.46036739453125 0.32187894921875 0.444738576171875 0.04241585546875 0.31315182421875 0.042227529296875 0.335371583984375 0.334476962890625 0.46036739453125 0.32187894921875
5 0.301247400390625 0.33098048828125 0.282037576171875 0.032603818359375 0.139303453125 0.039286876953125 0.179015103515625 0.337544283203125 0.301247400390625 0.33098048828125
2 0.1882163828125 0.346502595703125 0.1488709140625 0.040841943359375 0.0195320546875 0.05390505078125 0.05253885546875 0.357106703125 0.1882163828125 0.346502595703125
4 0 0.373226685546875 0.072058212890625 0.372631099609375 0.017552783203125 0.05738725390625 0 0.0569488984375 0 0.373226685546875
1 0.9833984375 0.1201171875 0.033203125 0.076171875
1 0.9715277777777778 0.12277922453703705 0.03910590277777781 0.07649016203703707
1 0.9559534143518519 0.12398726851851849 0.04126157407407405 0.08042534722222228
28 0.3730758101851852 0.7233145254629629 0.12469618055555554 0.2592592592592593
31 0.2963324652777778 0.7322699652777778 0.12294560185185177 0.2631365740740741
15 0.21425057870370368 0.7325086805555555 0.12520254629629646 0.2690248842592593
4 0.10590277777777779 0.7350911458333333 0.12038483796296295 0.2513888888888889
7 0.0458984375 0.73828125 0.091796875 0.26171875