5 0 0.3310342109375 0.027608048828125 0.5654296875 0.039252236328125 0.5654296875 0.159417685546875 0.54978048046875 0.154591318359375 0.2764028203125 0 0.296506521484375 0 0.3310342109375
2 0.140538439453125 0.5654296875 0.141772505859375 0.5654296875 0.28730569921875 0.540811056640625 0.277348833984375 0.256023509765625 0.121054625 0.280359056640625 0.140538439453125 0.5654296875
4 0.40599244921875 0.529903474609375 0.400979068359375 0.2526173046875 0.25013612109375 0.267388484375 0.258451650390625 0.546953689453125 0.40599244921875 0.529903474609375
46 0.6943359375 0.0283203125 0.0859375 0.05078125
41 0.740234375 0.029296875 0.091796875 0.052734375
47 0.7900390625 0.0283203125 0.09375 0.05078125
1 0.84765625 0.02734375 0.087890625 0.048828125
3 0.89453125 0.0234375 0.087890625 0.041015625
6 0.9384765625 0.0244140625 0.0859375 0.04296875
18 0 0.699314994140625 0.106389728515625 0.69146424609375 0.10053145703125 0.5712890625 0 0.5712890625 0 0.699314994140625
4 0.134925861328125 0.5712890625 0.139852603515625 0.683919314453125 0.277647146484375 0.6773895625 0.2700251328125 0.5712890625 0.134925861328125 0.5712890625
3 0.2495694921875 0.5712890625 0.254600025390625 0.67224593359375 0.3883294140625 0.661289 0.38837648046875 0.5712890625 0.2495694921875 0.5712890625
8 0.4931640625 0.5712890625 0.363291994140625 0.5712890625 0.36435808203125 0.657571306640625 0.4931640625 0.655393685546875 0.4931640625 0.5712890625
24 0.5849609375 0.859375 0.23828125 0.275390625
6 0.7734375 0.859375 0.228515625 0.275390625
8 0.8955078125 0.8583984375 0.208984375 0.275390625
2 0.9609375 0.8623046875 0.078125 0.267578125