31 0.061501935546875 0 0.054615826171875 0.163420921875 0.168142384765625 0.18243668359375 0.18697588671875 0 0.061501935546875 0
37 0.17583917578125 0 0.16438208203125 0.17997933984375 0.311889607421875 0.200856330078125 0.327437197265625 0 0.17583917578125 0
8 0.361407794921875 0 0.34147866015625 0.218606984375 0.49435041796875 0.221423541015625 0.503701365234375 0 0.361407794921875 0
8 0.500504712890625 0 0.4925145234375 0.21910937109375 0.6170931953125 0.254444076171875 0.632483341796875 0 0.500504712890625 0
10 0.6923828125 0.095703125 0.095703125 0.19140625
2 0.8056640625 0.1025390625 0.146484375 0.205078125
3 0.9150390625 0.109375 0.146484375 0.21875
7 0.9697265625 0.1123046875 0.060546875 0.224609375
21 0.77717008984375 0.908312220703125 0.7773548671875 0.848636341796875 0.737535822265625 0.8477805 0.73331665625 0.908263640625 0.77717008984375 0.908312220703125
30 0.8098477265625 0.907018654296875 0.81702443359375 0.847178517578125 0.773760490234375 0.847661603515625 0.769937244140625 0.907855212890625 0.8098477265625 0.907018654296875
13 0.84491828125 0.905550126953125 0.852103712890625 0.8474156796875 0.81272113671875 0.846434076171875 0.804941064453125 0.9068699765625 0.84491828125 0.905550126953125
6 0.89373298828125 0.906800607421875 0.902083833984375 0.848477904296875 0.862727986328125 0.84676151171875 0.854158005859375 0.906428404296875 0.89373298828125 0.906800607421875
4 0.92889738671875 0.90800473046875 0.935622494140625 0.8493603671875 0.897641708984375 0.847858921875 0.889718208984375 0.906691869140625 0.92889738671875 0.90800473046875
8 0.96440937109375 0.90876544921875 0.973006216796875 0.850456060546875 0.93141279296875 0.8494934453125 0.923869369140625 0.906633998046875 0.96440937109375 0.90876544921875