21 0.2470703125 0.0205078125 0.224609375 0.03515625
22 0.2587022569444445 0.0658854166666667 0.23378182870370368 0.10039062499999996
12 0.26778790509259265 0.15130208333333334 0.21232638888888888 0.10091145833333337
8 0.2674696180555556 0.2617838541666666 0.2124999999999999 0.11263020833333348
6 0.28245804398148144 0.3497395833333333 0.21844618055555554 0.11888020833333335
0 0.2876085069444445 0.4334635416666667 0.2222366898148147 0.111328125
44 0.8369140625 0.0771484375 0.099609375 0.1484375
44 0.9033203125 0.0771484375 0.095703125 0.1484375
44 0.771484375 0.0732421875 0.09375 0.140625
36 0.6875 0.078125 0.07421875 0.150390625
46 0.20423177083333333 0.7041666666666667 0.13640046296296293 0.244140625
42 0.30191695601851853 0.699609375 0.1225549768518519 0.2315104166666666
46 0.39756221064814823 0.6893229166666667 0.12850115740740753 0.2377604166666667
4 0.52734375 0.6806640625 0.140625 0.23828125
4 0.6142578125 0.677734375 0.103515625 0.232421875
7 0.650390625 0.856344935546875 0.650390625 0.87181973828125 0.662074892578125 0.88156579296875 0.682009091796875 0.877286357421875 0.66798044921875 0.851317890625 0.650390625 0.856344935546875
6 0.69954996484375 0.870242400390625 0.68218271875 0.847435166015625 0.6598755078125 0.850917826171875 0.673037111328125 0.8769667890625 0.69954996484375 0.870242400390625
16 0.714698365234375 0.86379638671875 0.69860862890625 0.841731267578125 0.673825927734375 0.84684914453125 0.69027178125 0.869610392578125 0.714698365234375 0.86379638671875