4 0.982421875 0.05859375 0.03515625 0.1171875
6 0.9484519675925926 0.06511140046296293 0.07311921296296298 0.11631944444444442
31 0.533203125 1 0.533203125 0.789555087890625 0.44869948046875 0.966024005859375 0.524730369140625 1 0.533203125 1
2 0.52861039453125 0.749257603515625 0.436404625 0.696820001953125 0.317794853515625 0.904235392578125 0.434947970703125 0.961450587890625 0.52861039453125 0.749257603515625
5 0.437541443359375 0.69279105859375 0.326789234375 0.641721369140625 0.2375196640625 0.85999180078125 0.3221668828125 0.89242080078125 0.437541443359375 0.69279105859375
8 0.246990009765625 0.59549733203125 0.15389843359375 0.82353385546875 0.246637623046875 0.84831332421875 0.32556730078125 0.6494389609375 0.3306596484375 0.63578004296875 0.246990009765625 0.59549733203125
4 0.5595703125 0.89453125 0.068359375 0.1640625
3 0.6181351273148148 0.8969039351851852 0.09691840277777786 0.15649594907407405
12 0.7088975694444444 0.900636574074074 0.09921874999999991 0.16245659722222205
47 0.7753038194444444 0.9040798611111112 0.08359374999999991 0.1616464120370371
12 0.8394675925925925 0.9025390625 0.08519965277777786 0.15588831018518512