5 0 0.134866638671875 0.2964838671875 0.150548248046875 0.31432148046875 0.0090154140625 0.1502011875 0.0029296875 0 0.0029296875 0 0.134866638671875
9 0 0.2752239375 0.310324228515625 0.27325610546875 0.31996978515625 0.148251595703125 0 0.140748568359375 0 0.2752239375
0 0 0.38227703515625 0.3038449375 0.4033114140625 0.31446283984375 0.283315630859375 0 0.270155822265625 0 0.38227703515625
20 0.904296875 0.0478515625 0.19140625 0.091796875
2 0.74609375 0.0595703125 0.19921875 0.11328125
8 0.6357421875 0.06640625 0.177734375 0.126953125
6 0.4033203125 0.57421875 0.197265625 0.302734375
5 0.298828125 0.5810546875 0.19140625 0.31640625
0 0.1962890625 0.591796875 0.193359375 0.337890625
3 0.9541015625 0.8330078125 0.091796875 0.150390625
4 0.9067057291666667 0.8417100694444444 0.10381944444444446 0.14995659722222232
2 0.8502097800925926 0.8489583333333334 0.10571469907407405 0.14613715277777772