10 0.43359375 0.3798828125 0.177734375 0.498046875
20 0.30786313657407405 0.3865234375 0.20972222222222214 0.4989583333333333
5 0.11676793981481481 0.39628906249999996 0.19363425925925926 0.4822916666666668
7 0.0390625 0.4033203125 0.078125 0.490234375
20 0.923828125 0.365234375 0.15234375 0.35546875
2 0.7705656828703704 0.37617187500000004 0.1703414351851853 0.3540364583333333
8 0.6450737847222222 0.3844401041666667 0.17401620370370385 0.34648437500000007
1 0.5595703125 0.3916015625 0.0859375 0.349609375
21 0.7021484375 0.9892578125 0.04296875 0.021484375
30 0.6748046875 0.9892578125 0.0390625 0.021484375
13 0.6484375 0.990234375 0.041015625 0.01953125
8 0.6103515625 0.990234375 0.0390625 0.01953125
0 0.58203125 0.9912109375 0.041015625 0.017578125
1 0.5576171875 0.9912109375 0.0390625 0.017578125