2 0.2294921875 0.4150390625 0.146484375 0.443359375
1 0.12724247685185186 0.46304976851851853 0.17319155092592592 0.44985532407407414
15 0.960116501953125 0.37548923046875 0.93714279296875 0.326989275390625 0.902455984375 0.332370525390625 0.929224384765625 0.381406462890625 0.960116501953125 0.37548923046875
31 0.942730748046875 0.3824704140625 0.91834755859375 0.333383685546875 0.88333120703125 0.3386603046875 0.910297958984375 0.387939982421875 0.942730748046875 0.3824704140625
25 0.92358170703125 0.38647288671875 0.89963815234375 0.338742498046875 0.86194255859375 0.345395501953125 0.888411734375 0.392972787109375 0.92358170703125 0.38647288671875
1 0.89169175390625 0.398077970703125 0.871323751953125 0.3487615703125 0.83393762890625 0.35374957421875 0.853065708984375 0.404524630859375 0.89169175390625 0.398077970703125
7 0.8706064609375 0.404773958984375 0.851587919921875 0.354530900390625 0.808511333984375 0.361770349609375 0.832889021484375 0.411167333984375 0.8706064609375 0.404773958984375
9 0.84968475390625 0.411601607421875 0.82768433984375 0.36269141796875 0.78510457421875 0.370140662109375 0.806134224609375 0.419734095703125 0.84968475390625 0.411601607421875
9 0.7459563078703704 0.9612485532407408 0.05292245370370363 0.026895254629629717
19 0.8279441550925926 0.9505280671296297 0.05293692129629646 0.028848379629629495
7 0.720580150462963 0.9647063078703704 0.05292245370370363 0.026895254629629495
3 0.6961733217592593 0.9671296296296297 0.05292245370370363 0.026895254629629495
24 0.8035445601851852 0.9539279513888889 0.05292245370370363 0.026895254629629717
21 0.7791449652777778 0.9573278356481482 0.05292245370370363 0.026895254629629717