21 0.323963388671875 0.313041095703125 0.3028656953125 0.243315466796875 0.10350821875 0.339007578125 0.134158166015625 0.422602296875 0.323963388671875 0.313041095703125
22 0.359267970703125 0.397079083984375 0.3306485546875 0.321495533203125 0.137428880859375 0.407244875 0.174190740234375 0.480896826171875 0.359267970703125 0.397079083984375
12 0.381983228515625 0.474815875 0.35841394921875 0.40227210546875 0.1769522421875 0.470732421875 0.220477673828125 0.560628341796875 0.381983228515625 0.474815875
8 0.424027775390625 0.568359375 0.435277349609375 0.563001830078125 0.400669810546875 0.49476453515625 0.2384650703125 0.568359375 0.424027775390625 0.568359375
10 0.587890625 0.10174070703125 0.61012920703125 0.09434125390625 0.597889392578125 0.04612525 0.587890625 0.04826073046875 0.587890625 0.10174070703125
12 0.14077690972222223 0.8058087384259259 0.04279513888888886 0.08528645833333326
20 0.1113064236111111 0.8029875578703703 0.04474826388888897 0.08535879629629628
47 0.08179253472222225 0.7991898148148148 0.044835069444444375 0.08731192129629628
2 0.04633246527777779 0.7936559606481481 0.04474826388888886 0.08535879629629628
3 0.020768229166666652 0.7906901041666666 0.038541666666666696 0.07732928240740744
3 0.0078125 0.7900390625 0.015625 0.080078125