18 0.5927734375 0.267578125 0.1953125 0.45703125
28 0.46463396990740735 0.270703125 0.21798321759259265 0.44257812499999993
15 0.32736545138888884 0.26126302083333336 0.21591435185185182 0.4385416666666667
5 0 0.475758888671875 0.0712498203125 0.477303552734375 0.102146802734375 0.05579797265625 0 0.060115923828125 0 0.475758888671875
2 0.15026041666666667 0.26132812499999997 0.23153935185185182 0.4395833333333333
15 1 0.105421796875 0.933409142578125 0.094701416015625 0.890410451171875 0.331303955078125 1 0.347510201171875 1 0.105421796875
20 0.957949611328125 0.095631751953125 0.8072901171875 0.066578501953125 0.778632830078125 0.299195755859375 0.92193318359375 0.328132861328125 0.957949611328125 0.095631751953125
9 0.6494140625 0.271955013671875 0.773806169921875 0.295149611328125 0.80936620703125 0.061308115234375 0.6494140625 0.040324025390625 0.6494140625 0.271955013671875
20 0.4580078125 0.689453125 0.16015625 0.1171875
30 0.359375 0.6884765625 0.166015625 0.115234375
23 0.255859375 0.6923828125 0.169921875 0.123046875
1 0.123046875 0.6943359375 0.158203125 0.126953125
6 0.0478515625 0.693359375 0.095703125 0.125