21 0.4635416666666667 0.24609375 0.1874131944444445 0.0859375
37 0.4775390625 0.310546875 0.19921875 0.080078125
28 0.2043964140625 0.607363470703125 0.277403791015625 0.5989124765625 0.23404909375 0.4662806484375 0.15137920703125 0.482932740234375 0.2043964140625 0.607363470703125
28 0.339653990234375 0.58401029296875 0.31199238671875 0.45710598046875 0.217847044921875 0.46748923046875 0.264827169921875 0.59692718359375 0.339653990234375 0.58401029296875
10 0.41215263671875 0.57073304296875 0.32543984375 0.433559853515625 0.2927499296875 0.45116763671875 0.313166525390625 0.58876627734375 0.41215263671875 0.57073304296875
0 0.486442263671875 0.55014219921875 0.448600125 0.41266074609375 0.37066921875 0.435911115234375 0.40498683984375 0.564998130859375 0.486442263671875 0.55014219921875
1 0.5461189140625 0.543474048828125 0.49098259765625 0.411371046875 0.432945740234375 0.420285470703125 0.4681378828125 0.553879935546875 0.5461189140625 0.543474048828125
3 0.6025858046875 0.53129092578125 0.574807623046875 0.392862818359375 0.485059529296875 0.409419109375 0.529184900390625 0.54100049609375 0.6025858046875 0.53129092578125
30 0.7817491319444444 0.5673828125 0.05169270833333339 0.04296875
35 0.7983072916666667 0.5654296875 0.04973958333333339 0.04296875
23 0.8138671875 0.5625 0.04973958333333339 0.04296875
4 0.8352864583333333 0.5595703125 0.04973958333333339 0.04296875
0 0.8518446180555556 0.5576171875 0.04973958333333339 0.04296875
9 0.8674262152777777 0.5556640625 0.04969618055555558 0.041015625