21 0.6806640625 0.1235528203125 0.6806640625 0.102134998046875 0.623537390625 0.077136943359375 0.510952330078125 0.207605865234375 0.583368287109375 0.2413252578125 0.6806640625 0.1235528203125
37 0.450339529296875 0.178875744140625 0.516695703125 0.2064888515625 0.631204109375 0.07434456640625 0.574765658203125 0.04849973828125 0.450339529296875 0.178875744140625
20 0.399075486328125 0.14106264453125 0.471706154296875 0.17241026953125 0.57771791015625 0.0412495078125 0.50519209765625 0.01684237109375 0.399075486328125 0.14106264453125
3 0.392467755859375 0.12317753515625 0.507345236328125 0.004432544921875 0.503844486328125 0.0029296875 0.405838685546875 0.0029296875 0.31916094140625 0.092964087890625 0.392467755859375 0.12317753515625
7 0.342851255859375 0.083798880859375 0.418065623046875 0.0029296875 0.336389962890625 0.0029296875 0.2694111640625 0.05828151953125 0.342851255859375 0.083798880859375
5 0.286787228515625 0.061721775390625 0.356294185546875 0.0029296875 0.237521318359375 0.0029296875 0.20795271875 0.025267845703125 0.286787228515625 0.061721775390625
28 0.8477213541666666 0.30670572916666666 0.18567708333333321 0.2021122685185185
23 0.9150390625 0.322265625 0.169921875 0.20703125
13 0.95703125 0.330078125 0.0859375 0.19140625
35 0.103515625 0.5146484375 0.154296875 0.1640625
10 0.1669921875 0.5301287615740741 0.15013020833333335 0.16671006944444433
25 0.23040364583333334 0.5452763310185186 0.16197916666666667 0.16874999999999996
6 0.3222005208333334 0.5738787615740741 0.1617187499999999 0.16484375000000018
1 0.3852213541666667 0.5948857060185184 0.14622395833333335 0.16668113425925934
1 0.4493489583333333 0.6139322916666666 0.1421874999999999 0.16469907407407414
26 0.810189064453125 0.65592608203125 0.86377248046875 0.5037357421875 0.773434169921875 0.495117275390625 0.723511828125 0.6359847890625 0.810189064453125 0.65592608203125
30 0.86863203515625 0.664443759765625 0.9274689765625 0.516869669921875 0.8281035390625 0.5066291875 0.78411626171875 0.65663133203125 0.86863203515625 0.664443759765625
25 0.979909404296875 0.585634515625 0.988814595703125 0.53715703125 0.899824482421875 0.517870505859375 0.8418076796875 0.66755379296875 0.887610095703125 0.670331978515625 0.908342185546875 0.6208290859375 0.948507158203125 0.607816568359375 0.979909404296875 0.585634515625
6 1 0.59588134375 0.9626735546875 0.619275880859375 0.940944939453125 0.65009658203125 0.9277306484375 0.68020202734375 1 0.695197515625 1 0.59588134375