0 0.0673828125 0.1787109375 0.134765625 0.357421875
9 0.1723958333333333 0.21640625000000002 0.19357638888888884 0.38006365740740744
5 0.302734375 0.2548828125 0.208984375 0.42578125
28 0.662109375 0.0458984375 0.068359375 0.08984375
31 0.7021484375 0.0498046875 0.06640625 0.09765625
19 0.7406032986111111 0.05224971064814815 0.06951678240740744 0.09605034722222217
1 0.7948350694444444 0.060633680555555514 0.0677662037037039 0.09994212962962967
1 0.8754846643518519 0.06784577546296294 0.06180555555555545 0.09794560185185186
2 0.835546875 0.0661892361111111 0.0717737268518519 0.10192418981481488
27 0 0.848190580078125 0.070336994140625 0.746858990234375 0.021983271484375 0.679837701171875 0 0.6792174921875 0 0.848190580078125
0 0.10929586328125 0.692760666015625 0.0586520390625 0.97933601953125 0.1755680625 0.9990234375 0.192553123046875 0.9990234375 0.24469654296875 0.7224796171875 0.10929586328125 0.692760666015625
1 0.244530072265625 0.723575728515625 0.185655353515625 0.998026158203125 0.192361822265625 0.9990234375 0.317100119140625 0.9990234375 0.3541468203125 0.7243103671875 0.244530072265625 0.723575728515625
4 0.382516453125 0.732698505859375 0.3137880390625 0.9990234375 0.4072265625 0.9990234375 0.4072265625 0.733836802734375 0.382516453125 0.732698505859375
26 0.4208984375 0.740234375 0.0625 0.201171875
12 0.4672526041666667 0.7513961226851852 0.12802372685185182 0.20776909722222214
6 0.5743200231481482 0.7574363425925925 0.11569733796296289 0.19596354166666652
4 0.6430483217592593 0.7686414930555555 0.11219618055555536 0.20374710648148153
3 0.7179904513888888 0.7729673032407407 0.11795428240740735 0.20183738425925934