35 0 0 0 0.34253625390625 0.059865833984375 0.3528640625 0.081887939453125 0 0 0
27 0.063557447265625 0 0.04487311328125 0.3580734375 0.197527734375 0.3841140625 0.2104311328125 0 0.063557447265625 0
21 0.191107546875 0 0.178101423828125 0.3880203125 0.330202220703125 0.4205734375 0.346416875 0.0247390625 0.191914166015625 0 0.191107546875 0
5 0.529296875 0.258944927734375 0.529296875 0.06224226953125 0.392194923828125 0.05078125 0.3614149296875 0.44140625 0.50936685546875 0.4674484375 0.529296875 0.258944927734375
2 0.5419921875 0.1064453125 0.064453125 0.212890625
1 0.6171875 0.1103515625 0.10546875 0.220703125
9 0.7294921875 0.107421875 0.130859375 0.21484375
11 0.0746976484375 1 0.06702612109375 0.755377716796875 0 0.760748916015625 0 1 0.0746976484375 1
30 0.221082134765625 1 0.226906931640625 0.72266213671875 0.06299569921875 0.747509962890625 0.063718623046875 1 0.221082134765625 1
27 0.36636442578125 1 0.37206578515625 0.687432064453125 0.22468640625 0.709263587890625 0.212171310546875 1 0.36636442578125 1
6 0.529296875 1 0.529296875 0.655660544921875 0.4175778125 0.6861730078125 0.401190181640625 1 0.529296875 1