22 0.74719804296875 0.075037537109375 0.773684892578125 0.0009765625 0.633793419921875 0.0009765625 0.619204861328125 0.0356884609375 0.74719804296875 0.075037537109375
29 0.787333154296875 0.09569009765625 0.85568743359375 0.0009765625 0.75625351953125 0.0009765625 0.729937443359375 0.080747578125 0.787333154296875 0.09569009765625
4 1 0.0009765625 0.8981856953125 0.0009765625 0.852535642578125 0.056302076171875 0.851663896484375 0.127143849609375 0.9398326484375 0.15193338671875 1 0.030942677734375 1 0.0009765625
52 0.1201171875 0.4951171875 0.240234375 0.470703125
40 0.20243778935185186 0.5126953125 0.30109953703703707 0.4808593750000001
43 0.3232421875 0.5595703125 0.3046875 0.4921875
6 0.416015625 0.611328125 0.119140625 0.501953125
10 0.7887080439814815 0.5830729166666667 0.06550925925925921 0.05078125
33 0.8059968171296297 0.5867838541666667 0.0653935185185186 0.048828125
22 0.8242621527777778 0.5904296874999999 0.0673466435185186 0.048958333333333215
6 0.8493055555555555 0.5945963541666667 0.0653935185185186 0.048828125
6 0.8867549189814814 0.6027994791666667 0.0653935185185186 0.048828125
5 0.8675130208333333 0.5992187499999999 0.0673466435185186 0.048958333333333215