12 0.547840759765625 0.4990234375 0.56298091015625 0.48196055078125 0.46780358203125 0.418065138671875 0.40815115234375 0.4990234375 0.547840759765625 0.4990234375
40 0.4261439609375 0.4990234375 0.46918571875 0.4287053671875 0.396794005859375 0.37494248828125 0.291631578125 0.4990234375 0.4261439609375 0.4990234375
31 0.2978439375 0.4990234375 0.4052957578125 0.3685037578125 0.287730560546875 0.310446865234375 0.176490697265625 0.4990234375 0.2978439375 0.4990234375
2 0.135816056640625 0.4990234375 0.164110869140625 0.4990234375 0.278137853515625 0.301277251953125 0.188284931640625 0.248210966796875 0.042538658203125 0.45196906640625 0.135816056640625 0.4990234375
5 0 0.420629865234375 0.04927693359375 0.439833623046875 0.192364341796875 0.243753365234375 0.08198175 0.191812494140625 0 0.341336015625 0 0.420629865234375
8 0 0.341313185546875 0.083270171875 0.198933884765625 0.090748689453125 0.1855009296875 0.000104095703125 0.144641267578125 0 0.144815306640625 0 0.341313185546875
0 0.968814599609375 0.21510634765625 0.9702434140625 0.025276669921875 0.88265668359375 0.024503798828125 0.88317387890625 0.2138858046875 0.968814599609375 0.21510634765625
4 0.89201593359375 0.209907556640625 0.894567365234375 0.024842609375 0.808846791015625 0.023598830078125 0.804246529296875 0.2127671953125 0.89201593359375 0.209907556640625
8 0.81941975 0.024425474609375 0.818787177734375 0.02440059765625 0.724471505859375 0.0217372421875 0.7262632265625 0.21064753125 0.811102607421875 0.212415263671875 0.81941975 0.024425474609375
39 0.16690478125 0.5009765625 0.151567919921875 0.6021458515625 0.561790552734375 0.570064951171875 0.563652908203125 0.5009765625 0.16690478125 0.5009765625
0 0.54685517578125 0.7543805546875 0.542050423828125 0.613699302734375 0.149521560546875 0.64274136328125 0.12214558203125 0.786036435546875 0.54685517578125 0.7543805546875
9 0.53434135546875 0.76155612890625 0.12451344140625 0.7775854140625 0.12328242578125 0.903440716796875 0.522514830078125 0.882871638671875 0.53434135546875 0.76155612890625
5 0.115199447265625 0.90071551953125 0.11385644921875 0.9990234375 0.52623178125 0.9990234375 0.531045333984375 0.89110225 0.115199447265625 0.90071551953125
19 0.98269011328125 0.66093192578125 0.853636708984375 0.65335192578125 0.839418572265625 0.893165962890625 0.945609658203125 0.90408858203125 0.98269011328125 0.66093192578125
28 0.845478373046875 0.89490366015625 0.864131375 0.65166053515625 0.749741333984375 0.641896966796875 0.736052734375 0.884627666015625 0.845478373046875 0.89490366015625
14 0.73550019140625 0.894007501953125 0.75506919140625 0.639297529296875 0.641877748046875 0.636701580078125 0.61439771875 0.883183876953125 0.73550019140625 0.894007501953125
5 0.560546875 0.876839142578125 0.58783328125 0.878562115234375 0.61324888671875 0.633260978515625 0.560546875 0.6289351484375 0.560546875 0.876839142578125