15 0.0703125 0.2666015625 0.140625 0.447265625
24 0.1953125 0.2646484375 0.177734375 0.451171875
6 0.3837890625 0.2734375 0.16796875 0.43359375
44 0.5986328125 0.3896484375 0.1484375 0.201171875
44 0.72265625 0.380859375 0.162109375 0.21875
44 0.8427734375 0.3759765625 0.140625 0.228515625
33 0.0458984375 0.6396484375 0.091796875 0.302734375
34 0.1337890625 0.6337890625 0.15234375 0.294921875
6 0.3095703125 0.6220703125 0.15625 0.271484375
5 0.4150390625 0.623046875 0.12890625 0.2734375
30 0.486328125 0.9853515625 0.05078125 0.029296875
9 0.5205078125 0.984375 0.052734375 0.03125
9 0.5458984375 0.9833984375 0.048828125 0.033203125
0 0.5712890625 0.982421875 0.048828125 0.03515625