24 0.0283203125 0.2705078125 0.056640625 0.462890625
6 0.14176070601851842 0.2617983217592593 0.1929398148148147 0.4575665509259259
8 0.271484375 0.25 0.162109375 0.4453125
16 0.4208984375 0.4091796875 0.1484375 0.298828125
21 0.5396918402777777 0.40162037037037035 0.15746527777777786 0.31313657407407414
14 0.6637442129629629 0.39329427083333335 0.15941840277777786 0.31325231481481475
6 0.8317997685185186 0.3804108796296297 0.1592447916666666 0.30739293981481497
1 0.94140625 0.384765625 0.1171875 0.3203125
35 0.03125 0.8935546875 0.0625 0.212890625
0 0.1240234375 0.8818359375 0.12109375 0.236328125
0 0.2158203125 0.87109375 0.12890625 0.2578125
0 0.298828125 0.861328125 0.107421875 0.265625
12 0.379897216796875 0.728515625 0.4123230546875 0.88961576953125 0.49436623828125 0.86204683984375 0.469879345703125 0.728515625 0.379897216796875 0.728515625
23 0.47282991796875 0.728515625 0.49479187890625 0.8714059375 0.58403870703125 0.8539762109375 0.56939090625 0.728515625 0.47282991796875 0.728515625
10 0.574168021484375 0.728515625 0.58477678125 0.85108467578125 0.66916565625 0.833428765625 0.6560862734375 0.728515625 0.574168021484375 0.728515625
7 0.709063361328125 0.728515625 0.720249962890625 0.817915521484375 0.802510587890625 0.799981681640625 0.7985060859375 0.728515625 0.709063361328125 0.728515625
3 0.7971546015625 0.728515625 0.801203259765625 0.797136146484375 0.89127906640625 0.781079046875 0.888180080078125 0.728515625 0.7971546015625 0.728515625
7 0.890435453125 0.728515625 0.893421962890625 0.780677416015625 0.9731893515625 0.759486673828125 0.97323359375 0.728515625 0.890435453125 0.728515625