30 0.0888671875 0.2099609375 0.177734375 0.419921875
4 0.25390625 0.04692703515625 0.243186328125 0.045360314453125 0.138403705078125 0.43411659765625 0.25390625 0.461759591796875 0.25390625 0.04692703515625
11 0.884017880859375 0.5332572734375 0.92938744140625 0.530270451171875 0.940639369140625 0.477346794921875 0.895756046875 0.47954155859375 0.884017880859375 0.5332572734375
20 0.904250845703125 0.531515224609375 0.948335267578125 0.528527306640625 0.96224423046875 0.475684328125 0.91588466015625 0.47811701171875 0.904250845703125 0.531515224609375
2 1 0.47149926171875 0.963240392578125 0.47226853125 0.950509998046875 0.523364583984375 0.99024651171875 0.52338981640625 1 0.489983095703125 1 0.47149926171875
0 1 0.470256169921875 0.9871784375 0.47117696484375 0.969177423828125 0.523201560546875 1 0.52056323828125 1 0.470256169921875
13 0.924233205078125 0.528369931640625 0.966413962890625 0.525032474609375 0.97816262890625 0.473900330078125 0.940678275390625 0.47525963671875 0.924233205078125 0.528369931640625
38 0 0.842080818359375 0.1462418515625 0.82826732421875 0.15435844140625 0.7223927734375 0 0.740933470703125 0 0.842080818359375
21 0 0.928790537109375 0.139328625 0.917383017578125 0.141737466796875 0.81984990234375 0 0.832873197265625 0 0.928790537109375
20 0 1 0.12413421875 1 0.12969334375 0.912368888671875 0 0.923309515625 0 1
18 0.4077143984375 1 0.44824528515625 0.660654109375 0.303995533203125 0.6478701796875 0.253819166015625 1 0.4077143984375 1
29 0.5495639765625 1 0.61193280859375 0.667130458984375 0.442433791015625 0.673948953125 0.397813025390625 1 0.5495639765625 1
14 0.715092376953125 1 0.712640330078125 0.84295701171875 0.765057703125 0.685693806640625 0.579660041015625 0.6817373125 0.52859712109375 1 0.715092376953125 1
8 0.921912625 1 0.95899215234375 0.713420126953125 0.7988108984375 0.708051537109375 0.798440203125 0.710845431640625 0.740956767578125 1 0.921912625 1
6 1 1 1 0.7261128203125 0.942414232421875 0.724334603515625 0.89167415625 1 1 1