46 0.405097029296875 0.316579626953125 0.34727276171875 0.3132365078125 0.306986431640625 0.445406841796875 0.36066153515625 0.447766740234375 0.405097029296875 0.316579626953125
37 0.35545630078125 0.308607578125 0.296813634765625 0.305445365234375 0.25524391015625 0.4343829140625 0.315643845703125 0.435476462890625 0.35545630078125 0.308607578125
46 0.300885244140625 0.304281236328125 0.234812615234375 0.29897167578125 0.20222462890625 0.4279879140625 0.26601619140625 0.431099017578125 0.300885244140625 0.304281236328125
5 0.228046337890625 0.295038787109375 0.17057200390625 0.286394220703125 0.130069939453125 0.416857708984375 0.190035740234375 0.42940758203125 0.228046337890625 0.295038787109375
5 0.124134076171875 0.274465755859375 0.07604890234375 0.41765191015625 0.13407001171875 0.421848453125 0.1730169296875 0.286445328125 0.172704115234375 0.283885056640625 0.124134076171875 0.274465755859375
6 0.122233634765625 0.2760939140625 0.077486904296875 0.2676578359375 0.030238466796875 0.395793068359375 0.075769298828125 0.40234139453125 0.122233634765625 0.2760939140625
21 0.844080466796875 0.076505529296875 0.780105884765625 0.08287201171875 0.780975873046875 0.27309464453125 0.84887809375 0.263698427734375 0.844080466796875 0.076505529296875
43 0.787416763671875 0.08360294921875 0.720819986328125 0.08700853125 0.7264167734375 0.275229001953125 0.792974033203125 0.265954609375 0.787416763671875 0.08360294921875
21 0.731336404296875 0.090003849609375 0.677307791015625 0.0956923828125 0.672092689453125 0.272853177734375 0.736424029296875 0.26775791796875 0.731336404296875 0.090003849609375
4 0.65161405078125 0.089540046875 0.594406453125 0.0945664765625 0.598116927734375 0.27843300390625 0.657887619140625 0.270620482421875 0.65161405078125 0.089540046875
0 0.60334558203125 0.099529537109375 0.544225556640625 0.105617958984375 0.547617953125 0.281891572265625 0.61216216796875 0.27310447265625 0.60334558203125 0.099529537109375
23 0.32726323828125 0.529296875 0.337173119140625 0.590959576171875 0.41446322265625 0.573448595703125 0.4068716328125 0.529296875 0.32726323828125 0.529296875
12 0.262909693359375 0.529296875 0.275511767578125 0.605427208984375 0.348411146484375 0.589256359375 0.338904365234375 0.529296875 0.262909693359375 0.529296875
20 0.274857375 0.529296875 0.2080699609375 0.529296875 0.20996838671875 0.532934712890625 0.203822703125 0.628154814453125 0.287686306640625 0.606497748046875 0.274857375 0.529296875
0 0.09898629296875 0.529296875 0.116102802734375 0.654019962890625 0.19189971875 0.635120576171875 0.174804193359375 0.529296875 0.09898629296875 0.529296875
2 0.02700965625 0.529296875 0.047943525390625 0.67692834765625 0.12968090625 0.6480946796875 0.106420052734375 0.529296875 0.02700965625 0.529296875
7 0 0.687488044921875 0.056926140625 0.678527974609375 0.033276080078125 0.529296875 0 0.529296875 0 0.687488044921875