43 0.227606783203125 0 0.110102181640625 0.05167990234375 0.1544048359375 0.18494822265625 0.5826988359375 0 0.227606783203125 0
6 0.22725540234375 0.3505859375 0.6611328125 0.16572380078125 0.6611328125 0.0606340078125 0.64649903125 0.029915517578125 0.16797478125 0.21614435546875 0.220471525390625 0.3505859375 0.22725540234375 0.3505859375
9 0.6611328125 0.1616215703125 0.223714859375 0.3505859375 0.551312755859375 0.3505859375 0.6611328125 0.30564055859375 0.6611328125 0.1616215703125
2 1 0.09409989453125 0.92284984375 0.114704189453125 1 0.2215221875 1 0.09409989453125
7 1 0.21261617578125 0.944278873046875 0.104518029296875 0.855812046875 0.134670578125 0.950224587890625 0.276859373046875 1 0.257445125 1 0.21261617578125
10 0.448306955078125 0.6027270625 0.430535751953125 0.449759548828125 0.34321493359375 0.464727822265625 0.35150796875 0.626321611328125 0.448306955078125 0.6027270625
11 0.3855929140625 0.473587775390625 0.280810529296875 0.4913156171875 0.28722399609375 0.5699619765625 0.295101533203125 0.6465117890625 0.392232056640625 0.62975019140625 0.3855929140625 0.473587775390625
30 0.33797934375 0.65836144140625 0.319302810546875 0.500913244140625 0.212277384765625 0.532519130859375 0.243007458984375 0.683838462890625 0.33797934375 0.65836144140625
0 0.25216388671875 0.699081291015625 0.224871759765625 0.54950616015625 0.126412796875 0.57565544140625 0.151261916015625 0.73615230859375 0.25216388671875 0.699081291015625
0 0.19137673046875 0.7341181875 0.158774169921875 0.57832201953125 0.05855932421875 0.60246056640625 0.09103414453125 0.76859271875 0.19137673046875 0.7341181875
4 0 0.707027701171875 0.026907310546875 0.80223373828125 0.128214291015625 0.766228115234375 0.087736615234375 0.623393720703125 0 0.638490341796875 0 0.707027701171875
7 1 0.657228822265625 0.89128175 0.6814428359375 0.99845862109375 0.9520884453125 1 0.951677927734375 1 0.657228822265625
7 0.91791148828125 0.683836259765625 0.80314604296875 0.71598783984375 0.884741498046875 0.98886183984375 0.999507236328125 0.9567118203125 0.91791148828125 0.683836259765625