40 0.317704234375 0.44921875 0.4140625 0.2475616484375 0.4140625 0.070509568359375 0.33565561328125 0.07003625 0.192464009765625 0.43599870703125 0.248569611328125 0.44921875 0.317704234375 0.44921875
41 0.332287599609375 0.054034345703125 0.216929154296875 0.037896939453125 0.067752990234375 0.403180408203125 0.18668755859375 0.430793017578125 0.332287599609375 0.054034345703125
48 0 0.38830561328125 0.05562834765625 0.403746291015625 0.21943662890625 0.043419533203125 0.068901861328125 0.004716564453125 0 0.189629056640625 0 0.38830561328125
21 0.914836697265625 0.392770544921875 0.940354626953125 0.30747400390625 0.727360046875 0.22419904296875 0.710690828125 0.295070419921875 0.914836697265625 0.392770544921875
22 0.867190615234375 0.44921875 0.880506884765625 0.44921875 0.91126065625 0.3776833984375 0.70532915625 0.30395548828125 0.68131815234375 0.3811335234375 0.867190615234375 0.44921875
12 0.8738611171875 0.44921875 0.8762433046875 0.443502546875 0.68299436328125 0.386290337890625 0.666731453125 0.44921875 0.8738611171875 0.44921875
1 0.064453125 0.5859375 0.12890625 0.2734375
1 0.15234375 0.5791015625 0.19140625 0.259765625
9 0.279296875 0.578125 0.2109375 0.2578125
9 0.6907118055555556 0.6991319444444444 0.18980034722222228 0.2788628472222223
2 0.8094401041666667 0.6916883680555556 0.20629340277777786 0.29908854166666665
3 0.908203125 0.6640625 0.18359375 0.296875
47 0.5395616319444444 0.7315538194444444 0.21154513888888893 0.2856770833333333
41 0.40234375 0.627679935546875 0.40234375 0.83097407421875 0.4222325859375 0.887696015625 0.52787898046875 0.87609291015625 0.4339915703125 0.62257309765625 0.40234375 0.627679935546875