46 0.17369068287037037 0.30249565972222225 0.15548321759259265 0.08700810185185182
37 0.1689453125 0.35419560185185184 0.15536747685185182 0.08505497685185182
46 0.16040943287037035 0.4078197337962963 0.1493923611111112 0.083058449074074
5 0.1474609375 0.4775390625 0.1484375 0.083984375
5 0.138671875 0.505859375 0.142578125 0.02734375
25 0.855728240234375 0.34300883984375 0.859742759765625 0.298526390625 0.823922375 0.29212320703125 0.821206345703125 0.338014412109375 0.855728240234375 0.34300883984375
17 0.8926999140625 0.35055265234375 0.89386065234375 0.30457328125 0.853665876953125 0.298602080078125 0.851835357421875 0.34447299609375 0.8926999140625 0.35055265234375
28 0.923991244140625 0.35375446484375 0.92867391796875 0.310381205078125 0.888645595703125 0.3044678203125 0.886990525390625 0.349770525390625 0.923991244140625 0.35375446484375
7 0.9738723671875 0.3639677421875 0.984333423828125 0.3185737421875 0.94002344140625 0.3115708828125 0.94281669921875 0.359283248046875 0.9738723671875 0.3639677421875
2 1 0.323029734375 0.9786892890625 0.3199166328125 0.97236948046875 0.365198505859375 1 0.369336921875 1 0.323029734375
41 0.62353051953125 0.51953125 0.60915624609375 0.63762053125 0.71215251171875 0.642976099609375 0.735308099609375 0.51953125 0.62353051953125 0.51953125
23 0.735384498046875 0.51953125 0.714498408203125 0.655177478515625 0.845581119140625 0.71105668359375 0.880924076171875 0.51953125 0.735384498046875 0.51953125
39 1 0.51953125 0.867867341796875 0.51953125 0.8381127265625 0.69445796875 0.942726603515625 0.741223087890625 1 0.524441767578125 1 0.51953125