21 0.23961128125 0.5225586875 0.207742533203125 0.5746156015625 0.4207470625 0.6472132421875 0.443077115234375 0.600275791015625 0.23961128125 0.5225586875
43 0.4397956328125 0.5968014140625 0.4769303359375 0.53433853125 0.2641613515625 0.471458880859375 0.232420158203125 0.525749357421875 0.4397956328125 0.5968014140625
21 0.290697884765625 0.418981169921875 0.258577029296875 0.475599685546875 0.471457318359375 0.54079656640625 0.491539427734375 0.4877683203125 0.290697884765625 0.418981169921875
4 0.52211953125 0.414532193359375 0.324752857421875 0.3566648125 0.3009091328125 0.413052552734375 0.49688347265625 0.463339740234375 0.52211953125 0.414532193359375
0 0.5283203125 0.411973927734375 0.5283203125 0.371074896484375 0.340108462890625 0.309736294921875 0.31715932421875 0.359921333984375 0.5231337578125 0.42295947265625 0.5283203125 0.411973927734375
3 0.5283203125 0.31372458984375 0.363154404296875 0.270059263671875 0.338081490234375 0.315984279296875 0.5283203125 0.37182794921875 0.5283203125 0.31372458984375
10 1 0.097547181640625 0.947012865234375 0.09494777734375 0.8938254921875 0.394185662109375 1 0.399429580078125 1 0.097547181640625
6 0.86604213671875 0.3894982890625 0.8815310078125 0.0950574375 0.71102772265625 0.08706278125 0.7149348828125 0.388302333984375 0.86604213671875 0.3894982890625
9 0.744852564453125 0.088965892578125 0.593719203125 0.087769904296875 0.57446316796875 0.18268686328125 0.5889019921875 0.38235506640625 0.743864251953125 0.389503642578125 0.744852564453125 0.088965892578125
5 0.4912109375 0.3808984453125 0.608613841796875 0.385492720703125 0.60184180859375 0.092062017578125 0.4912109375 0.085148328125 0.4912109375 0.3808984453125
49 0.07012442129629631 0.9135561342592593 0.07339409722222223 0.08333333333333348
37 0.0398075810185185 0.9117476851851851 0.07141203703703702 0.08130787037037024
42 0.021484375 0.9091796875 0.04296875 0.080078125