21 0.074138744140625 0.27975471875 0.0531723515625 0.334335486328125 0.265852578125 0.386220708984375 0.277725763671875 0.3407136953125 0.074138744140625 0.27975471875
43 0.070172615234375 0.280488375 0.279055439453125 0.33837670703125 0.298940763671875 0.285057580078125 0.09002225 0.23271727734375 0.089898802734375 0.23218086328125 0.070172615234375 0.280488375
21 0.11233119921875 0.179013865234375 0.087464673828125 0.23359977734375 0.303577560546875 0.2849237109375 0.31474016796875 0.24783833984375 0.11233119921875 0.179013865234375
4 0.136712513671875 0.11720285546875 0.118848201171875 0.159530197265625 0.32447807421875 0.213388115234375 0.34092465234375 0.1734733671875 0.136712513671875 0.11720285546875
0 0.341059609375 0.168267859375 0.354337953125 0.127029947265625 0.154221890625 0.06884095703125 0.130058802734375 0.113612681640625 0.341059609375 0.168267859375
3 0.357492640625 0.122994322265625 0.372992796875 0.079007025390625 0.167180734375 0.025728654296875 0.142874275390625 0.07197024609375 0.357492640625 0.122994322265625
16 0.9501953125 0.2724609375 0.099609375 0.388671875
30 0.8828125 0.2841796875 0.234375 0.365234375
2 0.70703125 0.3056640625 0.248046875 0.322265625
1 0.5849609375 0.31640625 0.21484375 0.30078125
0 0.4716796875 0.3271484375 0.21484375 0.279296875
13 0.282643541015625 0.835154146484375 0.31267339453125 0.998046875 0.3935546875 0.998046875 0.3935546875 0.82227716796875 0.282643541015625 0.835154146484375
33 0.2548828125 0.916015625 0.20703125 0.1640625
34 0.1357421875 0.927734375 0.19921875 0.140625
10 0.8984375 0.8110026041666667 0.068359375 0.05946180555555558
27 0.8740234375 0.8153428819444444 0.072265625 0.06150173611111098
37 0.8486328125 0.8196614583333334 0.0703125 0.06341145833333339
8 0.80859375 0.8246310763888889 0.068359375 0.06532118055555558
4 0.78515625 0.8328993055555556 0.068359375 0.06922743055555558
7 0.7568359375 0.8342230902777777 0.068359375 0.06336805555555558