40 0 0.50390625 0.150577619140625 0.50390625 0.149938783203125 0.130386244140625 0 0.13703547265625 0 0.50390625
3 0.336848654296875 0.50390625 0.3271811875 0.10584334765625 0.14434584375 0.1278684375 0.148463138671875 0.50390625 0.336848654296875 0.50390625
3 0.419921875 0.50390625 0.419921875 0.1234680703125 0.28989032421875 0.12605964453125 0.28443134375 0.50390625 0.419921875 0.50390625
45 0.48851996527777775 0.14707031250000002 0.12855902777777772 0.15026041666666667
39 0.5577690972222222 0.1416232638888889 0.12269965277777772 0.15013020833333335
51 0.6290798611111111 0.14101562499999998 0.11905381944444438 0.16176215277777772
4 0.7285807291666666 0.13391927083333333 0.11879340277777795 0.15004340277777772
0 0.7929253472222222 0.12760416666666669 0.1285156249999999 0.14830729166666667
5 0.8632378472222222 0.12604166666666672 0.12460937499999991 0.14822048611111116
31 0.8378472222222222 0.5787326388888889 0.2737847222222223 0.09687500000000004
2 0.840993923611111 0.7203342013888889 0.2835937500000001 0.09904513888888888
5 0.8393229166666667 0.8210069444444444 0.30503472222222205 0.09756944444444438
8 0.8327690972222223 0.9217881944444444 0.3013020833333333 0.10529513888888875