24 0.0537109375 0.3232421875 0.107421875 0.447265625
6 0.17578125 0.326171875 0.232421875 0.44140625
8 0.2919921875 0.3271484375 0.1953125 0.439453125
2 0.3564453125 0.33203125 0.06640625 0.4296875
31 0.4111328125 0.501953125 0.0859375 0.08984375
8 0.46875 0.49609375 0.095703125 0.1015625
0 0.5126953125 0.4951171875 0.09375 0.103515625
5 0.5595703125 0.4892578125 0.0859375 0.115234375
5 0.05070573046875 0.55078125 0.046959443359375 0.689716966796875 0.1574639765625 0.69523828515625 0.1662358359375 0.55078125 0.05070573046875 0.55078125
8 0.1481073984375 0.55078125 0.137745521484375 0.697873529296875 0.254132953125 0.69687330078125 0.24987059375 0.55078125 0.1481073984375 0.55078125
5 0.235912125 0.55078125 0.2252229140625 0.69700944140625 0.33527419140625 0.701429111328125 0.353242875 0.55078125 0.235912125 0.55078125
12 0.620605634765625 0.920668353515625 0.685461001953125 0.857468119140625 0.535158154296875 0.6665264296875 0.44441419140625 0.73349024609375 0.620605634765625 0.920668353515625
40 0.6616504609375 0.8634986015625 0.779533130859375 0.81031570703125 0.605545599609375 0.621180736328125 0.535812978515625 0.6768628359375 0.6616504609375 0.8634986015625
31 0.763468275390625 0.796249439453125 0.847072107421875 0.753262560546875 0.71398825390625 0.553469947265625 0.597003857421875 0.61442903515625 0.763468275390625 0.796249439453125
2 0.7250566640625 0.55078125 0.854471986328125 0.74723619140625 0.969540904296875 0.68665474609375 0.859750341796875 0.55078125 0.7250566640625 0.55078125
5 1 0.565350177734375 0.990336853515625 0.55078125 0.85291373828125 0.55078125 0.959792755859375 0.673754515625 1 0.658107486328125 1 0.565350177734375