40 0.0837466953125 0 0.07066468359375 0.067102353515625 0.5684152734375 0.003325916015625 0.568946060546875 0 0.0837466953125 0
43 0.4613655625 0 0.0698075859375 0.057674193359375 0.061099423828125 0.195662421875 0.565922609375 0.1467836796875 0.58108525 0 0.4613655625 0
6 0.570596 0.32571109765625 0.57540270703125 0.192894166015625 0.034588525390625 0.23432562890625 0.033690880859375 0.389080220703125 0.570596 0.32571109765625
9 0.547863908203125 0.46449337109375 0.56380212109375 0.331877884765625 0.041386306640625 0.37178919140625 0.041019595703125 0.51069285546875 0.547863908203125 0.46449337109375
9 0.524947017578125 0.5224609375 0.5281326484375 0.474767974609375 0.04896084375 0.494520765625 0.045731234375 0.5224609375 0.524947017578125 0.5224609375
11 0.474609375 0.9188151041666667 0.12622974537037046 0.1592447916666666
26 0.4145688657407407 0.916015625 0.13042534722222232 0.16341145833333326
10 0.3544921875 0.916015625 0.123046875 0.16796875
2 0.2826967592592593 0.9121744791666666 0.12890625 0.16914062499999982
4 0.2237051504629629 0.9083333333333333 0.12080439814814814 0.16471354166666674
4 0.16330295138888884 0.9104166666666667 0.12861689814814814 0.16523437500000004
44 0.68359375 0.7939453125 0.228515625 0.38671875
44 0.611328125 0.787109375 0.083984375 0.388671875
47 0.9326171875 0.7822265625 0.134765625 0.353515625
40 0.8500434027777778 0.7927083333333333 0.24001736111111116 0.35729166666666656