40 0.790119255859375 0.3932372109375 0.81640625 0.246738611328125 0.81640625 0.0009765625 0.70593703515625 0.0009765625 0.66364881640625 0.34628044921875 0.790119255859375 0.3932372109375
41 0.71098017578125 0.004353845703125 0.57747850390625 0.00765780859375 0.53431854296875 0.395357548828125 0.6578564921875 0.390677416015625 0.71098017578125 0.004353845703125
48 0.532324921875 0.3955432890625 0.57745544140625 0.02994185546875 0.42836192578125 0.013799447265625 0.38856383203125 0.3870072734375 0.532324921875 0.3955432890625
4 0.345798943359375 0.403472357421875 0.38431302734375 0.025191634765625 0.24474862109375 0.0246933828125 0.2080353828125 0.38887373828125 0.345798943359375 0.403472357421875
8 0.212490970703125 0.408741951171875 0.251467388671875 0.034944423828125 0.10109296484375 0.03840416796875 0.0660795 0.419384826171875 0.212490970703125 0.408741951171875
6 0 0.433375287109375 0.07075252734375 0.43299340625 0.120095453125 0.041607765625 0 0.04263020703125 0 0.433375287109375
20 0.9775390625 0.4833984375 0.044921875 0.146484375
0 0.9323423032407407 0.4756438078703704 0.07925347222222223 0.152242476851852
6 0.8873625578703703 0.46650028935185184 0.08122106481481484 0.1542534722222222
4 0.8423828125 0.45735677083333326 0.07533275462962963 0.15017361111111116
46 0.4258174189814815 0.7598668981481481 0.07112268518518516 0.10904224537037033
41 0.3798900462962963 0.7546006944444444 0.07705439814814818 0.11898148148148135
47 0.3319950810185185 0.7473234953703703 0.0771122685185186 0.12679398148148158
1 0.2734157986111111 0.7475405092592593 0.07311921296296298 0.11495949074074074
3 0.22647569444444443 0.7373625578703704 0.07116608796296298 0.11490162037037033
6 0.18255931712962964 0.739966724537037 0.07113715277777777 0.11099537037037033