5 0.3681640625 0.025390625 0.228515625 0.048828125
8 0.37109375 0.099609375 0.22265625 0.107421875
52 0.40451388888888884 0.4607204861111111 0.09730902777777795 0.1591869212962963
10 0.33513454861111114 0.46370081018518516 0.09318576388888888 0.149363425925926
25 0.2647135416666667 0.4696252893518519 0.09926215277777772 0.1592158564814814
6 0.1669487847222222 0.4759548611111111 0.0971354166666667 0.1513744212962963
1 0.0996310763888889 0.4740234375 0.09531249999999991 0.1572048611111112
1 0.0419921875 0.4833984375 0.083984375 0.169921875
18 0.7334201388888889 0.8564380787037037 0.059982638888888884 0.06100983796296289
23 0.6953342013888889 0.8570023148148148 0.06779513888888888 0.06112557870370372
29 0.6582248263888889 0.8575520833333333 0.06388888888888888 0.061067708333333304
1 0.6083984375 0.8592664930555556 0.059982638888888884 0.06100983796296289
0 0.5703125 0.8598307291666667 0.06779513888888888 0.06112557870370372
3 0.53125 0.8604094328703704 0.06388888888888888 0.061067708333333304