22 0.15104375390625 0 0.08417962890625 0.07328714453125 0.198139349609375 0.173174712890625 0.369267439453125 0 0.15104375390625 0
10 0.3580314140625 0 0.17906309765625 0.172222490234375 0.2950246796875 0.268432314453125 0.506196685546875 0.010423080078125 0.49133108984375 0 0.3580314140625 0
20 0.51953125 0.27477048828125 0.51953125 0.015336822265625 0.5100613359375 0.0089676796875 0.274250775390625 0.265586986328125 0.42842437890625 0.374247349609375 0.51953125 0.27477048828125
21 0.909405283203125 0.395259435546875 0.945580673828125 0.201482638671875 0.874834521484375 0.191732443359375 0.821253564453125 0.381984029296875 0.909405283203125 0.395259435546875
24 0.8463310546875 0.3777441953125 0.88770416796875 0.189413708984375 0.804190154296875 0.178323017578125 0.77419037890625 0.365428001953125 0.8463310546875 0.3777441953125
21 0.798520041015625 0.36179342578125 0.831931005859375 0.1774235703125 0.7686795390625 0.172579220703125 0.715989626953125 0.349814255859375 0.798520041015625 0.36179342578125
4 0.7238471796875 0.3371410078125 0.757762919921875 0.164319798828125 0.68971164453125 0.143374162109375 0.64638152734375 0.33079990234375 0.7238471796875 0.3371410078125
0 0.6753033515625 0.327413314453125 0.704990548828125 0.155174720703125 0.6355606328125 0.140438515625 0.598287796875 0.32295074609375 0.6753033515625 0.327413314453125
3 0.621644927734375 0.318444947265625 0.65840243359375 0.139533294921875 0.585302404296875 0.12372348046875 0.55069848046875 0.306279591796875 0.621644927734375 0.318444947265625
36 0.419544798828125 0.824363806640625 0.3667484609375 0.821725451171875 0.335900529296875 0.910409876953125 0.394619546875 0.914946796875 0.419544798828125 0.824363806640625
12 0.387258283203125 0.8182733671875 0.332364994140625 0.813221306640625 0.298540365234375 0.897880603515625 0.35816163671875 0.904239162109375 0.387258283203125 0.8182733671875
31 0.355419734375 0.81380995703125 0.29285940234375 0.808042037109375 0.273140359375 0.8950385390625 0.318463927734375 0.89735818359375 0.355419734375 0.81380995703125
2 0.312548216796875 0.802523970703125 0.256288013671875 0.798023818359375 0.226382755859375 0.8851150625 0.286778669921875 0.888116638671875 0.312548216796875 0.802523970703125
4 0.279115662109375 0.7974223203125 0.229431115234375 0.791073021484375 0.19801359375 0.877034126953125 0.2488639140625 0.882317775390625 0.279115662109375 0.7974223203125
6 0.245141353515625 0.792242396484375 0.19971064453125 0.786129369140625 0.167737783203125 0.8738538671875 0.22808095703125 0.87440267578125 0.245141353515625 0.792242396484375
23 0.92619962109375 1 0.981841361328125 0.634971869140625 0.827497580078125 0.62829630859375 0.756604994140625 1 0.92619962109375 1
31 0.780765236328125 1 0.85164216015625 0.6281317421875 0.685331564453125 0.623499208984375 0.640553830078125 1 0.780765236328125 1
37 0.670227111328125 1 0.728195193359375 0.64007094921875 0.549741662109375 0.63187874609375 0.49634246484375 1 0.670227111328125 1