28 0.1181914375 0 0.122452654296875 0.177679009765625 0.223018841796875 0.17781248046875 0.2280611484375 0 0.1181914375 0
19 0.2158485703125 0 0.214480994140625 0.175189296875 0.319971724609375 0.163264111328125 0.324055951171875 0 0.2158485703125 0
28 0.314485791015625 0 0.316922580078125 0.172431873046875 0.4190065234375 0.1738635546875 0.418117173828125 0 0.314485791015625 0
4 0.446975240234375 0 0.4421988359375 0.179658537109375 0.54296875 0.18201274609375 0.54296875 0 0.446975240234375 0
9 0.5556640625 0.435546875 0.041015625 0.06640625
5 0.587890625 0.435546875 0.0546875 0.06640625
19 0.186701697265625 0.847154341796875 0.21020941796875 0.849894810546875 0.2145901640625 0.8045472109375 0.1883034140625 0.802365390625 0.186701697265625 0.847154341796875
19 0.22967787890625 0.8525857265625 0.231576681640625 0.80425740234375 0.207957072265625 0.803706818359375 0.203635666015625 0.85023096875 0.22967787890625 0.8525857265625
28 0.246954037109375 0.855144833984375 0.249328712890625 0.806639359375 0.225006279296875 0.80475256640625 0.22188621875 0.85243124609375 0.246954037109375 0.855144833984375
7 0.271467970703125 0.857322458984375 0.27665219921875 0.808426423828125 0.249279017578125 0.80727120703125 0.2506985703125 0.856376462890625 0.271467970703125 0.857322458984375
7 0.291010052734375 0.859658759765625 0.29640408984375 0.810249423828125 0.2701338203125 0.808085734375 0.265656716796875 0.857813095703125 0.291010052734375 0.859658759765625
3 0.31247195703125 0.863122396484375 0.317367357421875 0.8130494921875 0.289589841796875 0.810412966796875 0.286312994140625 0.86146261328125 0.31247195703125 0.863122396484375
32 0.6469184027777778 0.7986328125 0.10384837962962967 0.23615451388888875
32 0.725462962962963 0.784375 0.10509259259259252 0.22256944444444438
10 0.8069372106481482 0.7699869791666667 0.09522569444444451 0.2201822916666667
4 0.9127242476851852 0.7525607638888889 0.08926504629629628 0.21796874999999982
8 0.9677734375 0.740234375 0.064453125 0.21484375