22 0.0625 0.259765625 0.125 0.28125
10 0.140625 0.2509765625 0.248046875 0.298828125
20 0.2763671875 0.240234375 0.2578125 0.3203125
2 0.453125 0.2294921875 0.248046875 0.341796875
8 0.576171875 0.2216796875 0.232421875 0.357421875
1 0.6552734375 0.2109375 0.14453125 0.36328125
29 0.880387888671875 0.241648921875 0.831246896484375 0.04376235546875 0.73738415625 0.060452009765625 0.796098359375 0.2532538515625 0.880387888671875 0.241648921875
23 0.96231933203125 0.23834216015625 0.9154276328125 0.034206650390625 0.80820933203125 0.045426255859375 0.85725361328125 0.249300876953125 0.96231933203125 0.23834216015625
15 1 0.027370884765625 0.99960948046875 0.025331359375 0.890070947265625 0.037692138671875 0.939588974609375 0.2390849609375 1 0.2322679296875 1 0.027370884765625
18 0.3569878472222222 0.8028790509259259 0.08577835648148147 0.07783564814814814
23 0.3913700810185185 0.8002387152777778 0.08773148148148147 0.07790798611111116
35 0.42703269675925926 0.7917751736111112 0.08958333333333335 0.07602719907407396
6 0.47539062499999996 0.7837818287037037 0.08742766203703711 0.07204861111111116
9 0.5108506944444444 0.7792245370370371 0.08567708333333335 0.07588252314814814
6 0.545384837962963 0.7736545138888888 0.08567708333333335 0.07588252314814836
29 1 0.64897498828125 0.91393995703125 0.6578043125 0.9722144375 0.83991078125 1 0.836079640625 1 0.64897498828125