10 0.055953265625 0.529296875 0.295498416015625 0.529296875 0.38208046484375 0.497979322265625 0.351391630859375 0.406237259765625 0.04063059375 0.47510034765625 0.055953265625 0.529296875
20 0 0.359002806640625 0.0360098203125 0.474570125 0.344395654296875 0.39872205078125 0.308040650390625 0.24591788671875 0 0.33431138671875 0 0.359002806640625
20 0.3434715 0.398616005859375 0.3054372421875 0.249454830078125 0.003123228515625 0.332712068359375 0.04027276171875 0.472182533203125 0.3434715 0.398616005859375
2 0 0.30306880859375 0.28573507421875 0.187664333984375 0.252565740234375 0.0659878515625 0 0.148259939453125 0 0.30306880859375
8 0.08104912890625 0 0 0.025944978515625 0 0.14320735546875 0.2388527578125 0.07304459375 0.223769478515625 0 0.08104912890625 0
26 0.726910048828125 0 0.70542512109375 0.07948314453125 0.75550148828125 0.08754690625 0.779814849609375 0 0.726910048828125 0
14 0.66895401953125 0 0.651033857421875 0.070151884765625 0.70116141796875 0.079380322265625 0.724049265625 0 0.66895401953125 0
26 0.6108437890625 0 0.595274296875 0.067615962890625 0.64588254296875 0.0730371953125 0.665825982421875 0 0.6108437890625 0
6 0.531190755859375 0 0.52060450390625 0.058275396484375 0.572685046875 0.06347914453125 0.58718084375 0 0.531190755859375 0
2 0.472805947265625 0 0.461088330078125 0.054536037109375 0.518600328125 0.061135408203125 0.5294637890625 0 0.472805947265625 0
9 0.4091796875 0.6416015625 0.060546875 0.119140625
7 0.36953125 0.6321614583333334 0.07348090277777786 0.11827256944444442
31 0.746267361111111 0.6111328125 0.05707465277777768 0.10000000000000009
24 0.7055555555555555 0.6061197916666666 0.05290798611111125 0.09396701388888884
31 0.6688368055555556 0.5989800347222223 0.05494791666666665 0.09600694444444446
1 0.6165798611111111 0.5905815972222223 0.04908854166666665 0.09574652777777781
2 0.5797743055555555 0.5853949652777778 0.05707465277777768 0.09999999999999987
6 0.5439453125 0.576171875 0.052734375 0.09375