42 0.285662109375 0 0.182516515625 0.017372796875 0.19518443359375 0.13280251171875 0.460460111328125 0.08131648046875 0.450400927734375 0 0.285662109375 0
46 0.467746076171875 0.163753001953125 0.441909501953125 0.071472646484375 0.196247580078125 0.11254894921875 0.209984349609375 0.221993755859375 0.467746076171875 0.163753001953125
4 0.203442072265625 0.34301559375 0.48006701171875 0.315166103515625 0.47669673828125 0.211480765625 0.203939224609375 0.240410734375 0.203442072265625 0.34301559375
4 0.234564013671875 0.444191259765625 0.495121080078125 0.407029919921875 0.48893801171875 0.2978581953125 0.207663771484375 0.343463548828125 0.234564013671875 0.444191259765625
4 0.223045134765625 0.535906470703125 0.51926625 0.507649021484375 0.5080639921875 0.4003893359375 0.21542753125 0.439990298828125 0.223045134765625 0.535906470703125
10 1 0.104544087890625 0.702443109375 0.009016283203125 0.669519279296875 0.1021865390625 1 0.24845805859375 1 0.104544087890625
52 0.948875173828125 0.357611005859375 0.997369171875 0.23453791015625 0.662661322265625 0.10838600390625 0.614584720703125 0.234132142578125 0.948875173828125 0.357611005859375
23 0.879079455078125 0.4829438359375 0.936483650390625 0.342265353515625 0.61734180078125 0.219383103515625 0.54966821484375 0.350799373046875 0.879079455078125 0.4829438359375
2 0.6581333046875 0.5537109375 0.8407480390625 0.5537109375 0.85731723828125 0.50885202734375 0.5470608828125 0.3867115078125 0.505044470703125 0.4803828671875 0.6581333046875 0.5537109375
21 0.387140654296875 0.794021765625 0.363908501953125 0.7217265390625 0.31115325390625 0.726198833984375 0.330827755859375 0.799501732421875 0.387140654296875 0.794021765625
30 0.41300990234375 0.788834630859375 0.39514462109375 0.71568627734375 0.338243486328125 0.721041353515625 0.361007576171875 0.79473385546875 0.41300990234375 0.788834630859375
13 0.44031200390625 0.7820968671875 0.421393423828125 0.71120033984375 0.365479892578125 0.716833513671875 0.38336993359375 0.788725369140625 0.44031200390625 0.7820968671875
8 0.477795626953125 0.776088849609375 0.45514437109375 0.704125751953125 0.402954310546875 0.709125404296875 0.4231400390625 0.781559787109375 0.477795626953125 0.776088849609375
0 0.5051892421875 0.77158139453125 0.485771044921875 0.700125517578125 0.42868323046875 0.70597323828125 0.4499197265625 0.77630774609375 0.5051892421875 0.77158139453125
1 0.51953125 0.76977976171875 0.51953125 0.705460765625 0.515507125 0.695175994140625 0.45831703125 0.699561544921875 0.486176029296875 0.77220034375 0.51953125 0.76977976171875
14 0.6123046875 0.86328125 0.193359375 0.2734375
21 0.724609375 0.85546875 0.19140625 0.2890625
18 0.84296875 0.828833912037037 0.17400173611111125 0.28793402777777777
9 0.9521484375 0.7919921875 0.095703125 0.298828125