30 0.691914794921875 0 0.67212846484375 0.002294083984375 0.701149244140625 0.275588091796875 0.740234375 0.2674925859375 0.740234375 0 0.691914794921875 0
32 0.694270736328125 0.278997595703125 0.669943541015625 0.005936341796875 0.54633437109375 0.026512318359375 0.58135037890625 0.294537484375 0.694270736328125 0.278997595703125
26 0.57695148828125 0.30062070703125 0.54387475 0.029437552734375 0.42311275 0.047475837890625 0.45890816796875 0.316121296875 0.57695148828125 0.30062070703125
4 0.4146764140625 0.3246653515625 0.372369033203125 0.058326376953125 0.264430384765625 0.071036421875 0.30277454296875 0.342258455078125 0.4146764140625 0.3246653515625
4 0.3015213828125 0.34427412890625 0.264685056640625 0.07285821875 0.146470390625 0.093473287109375 0.193168029296875 0.359231052734375 0.3015213828125 0.34427412890625
7 0.185111908203125 0.360684279296875 0.13916800390625 0.10137696875 0.02237662109375 0.12691263671875 0.0949589375 0.3769023359375 0.185111908203125 0.360684279296875
6 0.9736328125 0.484375 0.052734375 0.15625
5 0.4072265625 0.646484375 0.083984375 0.09375
8 0.470703125 0.642578125 0.078125 0.0859375
36 0.6806640625 0.6318359375 0.087890625 0.064453125
4 0.537109375 0.640625 0.0859375 0.08203125
20 0.6181640625 0.6357421875 0.087890625 0.072265625
11 0.8720703125 0.9080367476851852 0.04296875 0.06561053240740744
20 0.837890625 0.9149088541666667 0.04296875 0.06561053240740744
13 0.8037109375 0.9208043981481482 0.044921875 0.06566840277777786
2 0.7568359375 0.9287109375 0.041015625 0.068359375