6 0.3046875 0.408203125 0.3046875 0.291103443359375 0.213087302734375 0.291266873046875 0.22124699609375 0.408203125 0.3046875 0.408203125
7 0.226734240234375 0.408203125 0.220095578125 0.292143140625 0.0972520859375 0.29243180078125 0.10971914453125 0.408203125 0.226734240234375 0.408203125
28 1 0.08418938671875 0.87992477734375 0.08482580859375 0.872403203125 0.306273025390625 0.988421380859375 0.310361677734375 1 0.09022356640625 1 0.08418938671875
23 0.88581454296875 0.30934473828125 0.892312955078125 0.089859783203125 0.7736583515625 0.08842477734375 0.783581658203125 0.30976893359375 0.88581454296875 0.30934473828125
23 0.7357494212962963 0.2002025462962963 0.12442129629629628 0.21559606481481475
5 0.638169333984375 0.09168155078125 0.52523644140625 0.08640358984375 0.557171666015625 0.301519376953125 0.662163046875 0.308085689453125 0.638169333984375 0.09168155078125
9 0.572075095703125 0.3082175 0.52998046484375 0.08960183984375 0.42835266796875 0.085082142578125 0.461096029296875 0.30514929296875 0.572075095703125 0.3082175
7 0.435555982421875 0.08032503125 0.32317796484375 0.086822419921875 0.383340240234375 0.324374072265625 0.468432333984375 0.309942369140625 0.435555982421875 0.08032503125
4 0.2421875 0.505859375 0.125 0.1953125
8 0.1259765625 0.5068359375 0.162109375 0.197265625
5 0.0380859375 0.501953125 0.076171875 0.1875
29 0.6461805555555555 0.6134693287037036 0.03530092592592604 0.07826967592592604
24 0.6286024305555555 0.6133391203703704 0.03334780092592604 0.07825520833333321
14 0.6121021412037038 0.6151692708333334 0.03530092592592604 0.07826967592592604
1 0.5867115162037038 0.6149811921296297 0.03324652777777759 0.07630208333333321
1 0.5710358796296297 0.6138888888888889 0.03324652777777781 0.07630208333333321
1 0.5554615162037038 0.6147497106481481 0.03530092592592604 0.07826967592592604