11 0.1552734375 0.431640625 0.185546875 0.11328125
11 0.267578125 0.4453125 0.1796875 0.0859375
10 0.37109375 0.4541015625 0.16796875 0.068359375
15 0.7282214765625 0.427676482421875 0.7809617421875 0.434995693359375 0.796121982421875 0.375334134765625 0.74126680078125 0.371180244140625 0.7282214765625 0.427676482421875
34 0.756033361328125 0.434888873046875 0.81091170703125 0.442528919921875 0.82619237109375 0.3809039765625 0.77179560546875 0.375988701171875 0.756033361328125 0.434888873046875
20 0.785933443359375 0.4370796484375 0.849335072265625 0.442956626953125 0.858424529296875 0.38548525390625 0.802750513671875 0.381665044921875 0.785933443359375 0.4370796484375
1 0.834797138671875 0.443484591796875 0.889014765625 0.449221537109375 0.8974761328125 0.392385609375 0.840328876953125 0.38771673828125 0.834797138671875 0.443484591796875
0 0.862978162109375 0.447814849609375 0.921116595703125 0.45421879296875 0.930622498046875 0.39857062109375 0.873153578125 0.393271107421875 0.862978162109375 0.447814849609375
1 0.895869134765625 0.453958251953125 0.949561396484375 0.462800654296875 0.958699388671875 0.40183784375 0.905026322265625 0.39822669921875 0.895869134765625 0.453958251953125
36 0.0498046875 0.9814453125 0.064453125 0.037109375
31 0.02734375 0.9775390625 0.0546875 0.044921875
3 0.083984375 0.9833984375 0.07421875 0.033203125
2 0.1103515625 0.98828125 0.072265625 0.0234375
5 0.1357421875 0.9912109375 0.068359375 0.017578125
1 0.41796875 0.931640625 0.07421875 0.0703125
9 0.4326171875 0.9375 0.044921875 0.078125
22 0.453125 0.7470703125 0.05859375 0.232421875
10 0.498046875 0.7607421875 0.1484375 0.228515625
7 0.6185619212962963 0.7786892361111111 0.15208333333333335 0.23116319444444455
8 0.714134837962963 0.7983940972222222 0.15598958333333335 0.23124999999999996
4 0.8087601273148148 0.8141710069444444 0.15208333333333335 0.23116319444444455