17 0.4853515625 0.4375 0.4853515625 0.3021939609375 0.42732172265625 0.282586841796875 0.34855116015625 0.4375 0.4853515625 0.4375
48 0.37285671484375 0.4375 0.43929855078125 0.29409309375 0.322799193359375 0.2505058828125 0.23804131640625 0.4375 0.37285671484375 0.4375
20 0.25454759765625 0.4375 0.3402522109375 0.24847225390625 0.22357717578125 0.209418861328125 0.116492876953125 0.4375 0.25454759765625 0.4375
1 0 0.4375 0.070560185546875 0.4375 0.190521638671875 0.174049650390625 0.096028025390625 0.152635642578125 0 0.34675068359375 0 0.4375
5 0 0.318414384765625 0.094087681640625 0.141434509765625 0 0.112102576171875 0 0.318414384765625
21 1 0.024089443359375 0.994662646484375 0.001953125 0.828996384765625 0.001953125 0.8662167734375 0.15123294140625 1 0.11332226953125 1 0.024089443359375
5 0.848269705078125 0.1771931796875 0.798804330078125 0.001953125 0.6371824140625 0.001953125 0.701001775390625 0.214415373046875 0.848269705078125 0.1771931796875
2 0.727959044921875 0.228083009765625 0.65699267578125 0.001953125 0.480340646484375 0.001953125 0.563599994140625 0.285398740234375 0.727959044921875 0.228083009765625
1 0.5842951953125 0.305733689453125 0.4790084296875 0.001953125 0.4521484375 0.001953125 0.4521484375 0.337395048828125 0.5842951953125 0.305733689453125
32 0.433803494140625 0.823905046875 0.34680556640625 0.829537525390625 0.38753646484375 0.96305688671875 0.466004849609375 0.9621872265625 0.433803494140625 0.823905046875
29 0.3703561953125 0.829680828125 0.290827939453125 0.83529693359375 0.3366063046875 0.968167736328125 0.405407001953125 0.9632352578125 0.3703561953125 0.829680828125
21 0.351860240234375 0.96985958203125 0.3108075625 0.835505451171875 0.244365349609375 0.838531525390625 0.2570744375 0.974643546875 0.351860240234375 0.96985958203125
2 0.26960001953125 0.974147529296875 0.226918880859375 0.838861978515625 0.145014267578125 0.84590126171875 0.177310353515625 0.981870896484375 0.26960001953125 0.974147529296875
6 0.20408334765625 0.981805443359375 0.164317314453125 0.8486061953125 0.0847337109375 0.849380541015625 0.121766091796875 0.986588234375 0.20408334765625 0.981805443359375
6 0.146620080078125 0.988178517578125 0.102748046875 0.850810955078125 0.026610638671875 0.85794417578125 0.06779640234375 0.991106279296875 0.146620080078125 0.988178517578125
28 0.7815755208333333 0.6854817708333333 0.18988715277777768 0.28125
34 0.712190646484375 0.564462515625 0.5664038359375 0.57688306640625 0.6591193203125 0.8171606328125 0.762230068359375 0.81222287890625 0.712190646484375 0.564462515625
19 0.67241837109375 0.8177779921875 0.59034469921875 0.578108267578125 0.473802947265625 0.5826626328125 0.529381607421875 0.83286734375 0.67241837109375 0.8177779921875