30 0.4716796875 0.087890625 0.134765625 0.17578125
20 0.3603515625 0.087890625 0.138671875 0.17578125
1 0.2021484375 0.0849609375 0.134765625 0.169921875
5 0.091796875 0.0791015625 0.140625 0.158203125
10 0.34369807421875 0.44921875 0.3211187734375 0.576136544921875 0.3996145546875 0.560815494140625 0.413790521484375 0.44921875 0.34369807421875 0.44921875
11 0.3611954921875 0.44921875 0.2789386640625 0.44921875 0.269622986328125 0.512540111328125 0.259811791015625 0.5879090078125 0.337953623046875 0.57961717578125 0.3611954921875 0.44921875
30 0.297835216796875 0.44921875 0.27921522265625 0.44921875 0.20299767578125 0.46624819140625 0.19703898046875 0.616780369140625 0.281081322265625 0.600392625 0.297835216796875 0.44921875
0 0.19143141015625 0.62876146484375 0.199899044921875 0.48020825390625 0.112612109375 0.49694426171875 0.099839048828125 0.6559477734375 0.19143141015625 0.62876146484375
0 0.12648391015625 0.654855482421875 0.131065171875 0.499633333984375 0.039739375 0.513987763671875 0.032882291015625 0.6792968359375 0.12648391015625 0.654855482421875
4 0 0.69170530078125 0.05984798046875 0.67780193359375 0.053152220703125 0.534506208984375 0 0.53824328515625 0 0.69170530078125
38 0.96875 0.5751953125 0.0625 0.138671875
1 0.904296875 0.578125 0.07421875 0.130859375
3 0.84765625 0.58203125 0.08984375 0.134765625
7 0.78515625 0.578125 0.080078125 0.13671875