23 0.3674975078125 0 0.351709982421875 0.197857814453125 0.479841671875 0.202337056640625 0.49163047265625 0 0.3674975078125 0
2 0.19708321875 0 0.18854454296875 0.1857267421875 0.312427416015625 0.18370595703125 0.317669193359375 0 0.19708321875 0
8 0.08136878515625 0 0.07223528125 0.17779540625 0.187663560546875 0.1856307578125 0.195674505859375 0 0.08136878515625 0
0 0 0 0 0.17434108984375 0.0667286640625 0.178807458984375 0.074646880859375 0 0 0
46 0.7396412037037037 0.29932002314814815 0.09875578703703702 0.15494791666666663
36 0.6780598958333333 0.30153356481481486 0.09129050925925908 0.16040219907407405
20 0.6117115162037037 0.30595341435185186 0.08773148148148158 0.1660590277777778
9 0.546875 0.30078125 0.056640625 0.1640625
21 0.4921875 0.8173828125 0.056640625 0.283203125
18 0.42314091435185186 0.8028067129629629 0.13695023148148144 0.27375578703703707
9 0.2617115162037037 0.7896267361111111 0.159129050925926 0.2865885416666667
6 0.14813368055555554 0.7739655671296296 0.15487557870370372 0.28052662037037046
3 0.0556640625 0.765625 0.111328125 0.28515625