4 0.4072265625 0.2802734375 0.171875 0.177734375
6 0.3369140625 0.271484375 0.18359375 0.1953125
3 0.26953125 0.267578125 0.169921875 0.203125
29 0.937297712890625 0.057002021484375 0.827779890625 0.018491771484375 0.759278619140625 0.23972019921875 0.856598046875 0.268849947265625 0.937297712890625 0.057002021484375
20 0.71914798828125 0 0.653888638671875 0.22542667578125 0.78982675 0.247408021484375 0.83868526953125 0.026980552734375 0.721801708984375 0 0.71914798828125 0
20 0.604588857421875 0 0.561116265625 0.19524048046875 0.679607109375 0.222488109375 0.73958666796875 0 0.604588857421875 0
7 0.4638671875 0 0.4638671875 0.1727597578125 0.53442697265625 0.18715325390625 0.5844846015625 0 0.4638671875 0
25 0.4931640625 1 0.4931640625 0.785357294921875 0.465400650390625 0.7824306328125 0.4336861796875 0.997634626953125 0.45251618359375 1 0.4931640625 1
25 0.460352826171875 0.996433572265625 0.4808985390625 0.782826537109375 0.3723655625 0.7679423828125 0.352773732421875 0.976757337890625 0.460352826171875 0.996433572265625
2 0.34692880078125 0.96989524609375 0.363525720703125 0.762281810546875 0.258244837890625 0.749258482421875 0.226650859375 0.955962078125 0.34692880078125 0.96989524609375
7 0.2557204609375 0.956219080078125 0.27895706640625 0.74886264453125 0.164488544921875 0.7221443984375 0.14828521484375 0.9389388828125 0.2557204609375 0.956219080078125
8 0.173239794921875 0.94705725 0.189896142578125 0.73199209375 0.086297650390625 0.720295384765625 0.058845205078125 0.93271470703125 0.173239794921875 0.94705725
44 0.9482421875 0.5107421875 0.103515625 0.193359375