14 0.0732421875 0.2880859375 0.146484375 0.302734375
6 0.23770978009259258 0.2962890625 0.15982349537037033 0.2959635416666666
1 0.36161747685185186 0.31562500000000004 0.1430555555555555 0.3111979166666665
7 0.5048828125 0.175151783203125 0.425722068359375 0.17459165234375 0.449270044921875 0.46832346875 0.5048828125 0.466271279296875 0.5048828125 0.175151783203125
4 0.7031431796875 0.450237701171875 0.671036806640625 0.084546177734375 0.556905599609375 0.0849121953125 0.577737107421875 0.429605828125 0.7031431796875 0.450237701171875
6 0.84269705859375 0.44744703125 0.8009748515625 0.072034798828125 0.674648791015625 0.08840740625 0.705828439453125 0.448487763671875 0.84269705859375 0.44744703125
7 0.933315669921875 0.45040017578125 0.939131087890625 0.09649704296875 0.804215921875 0.10168433984375 0.843637626953125 0.442961244140625 0.933315669921875 0.45040017578125
30 0.0986328125 0.91796875 0.16796875 0.162109375
2 0.271484375 0.9189453125 0.166015625 0.16015625
2 0.3955078125 0.9130859375 0.16796875 0.171875
4 0.4716796875 0.9150390625 0.06640625 0.16796875
30 0.8927589699074074 0.8474175347222223 0.062008101851851904 0.10260416666666661
10 0.9337239583333333 0.8473524305555555 0.058101851851851904 0.1025173611111112
26 0.97265625 0.8447265625 0.0546875 0.103515625