21 0.373046875 0.4267578125 0.19140625 0.146484375
14 0.2568359375 0.4140625 0.197265625 0.171875
6 0.08984375 0.4169921875 0.1796875 0.166015625
34 0.62999541796875 0.02399271484375 0.605499537109375 0.020057654296875 0.598315681640625 0.077388984375 0.612035205078125 0.079639375 0.62999541796875 0.02399271484375
10 0.594446103515625 0.078809669921875 0.6015840390625 0.01950000390625 0.5900264140625 0.015696865234375 0.56896663671875 0.07350396875 0.594446103515625 0.078809669921875
25 0.553264759765625 0.032056978515625 0.555132302734375 0.070245900390625 0.56821157421875 0.074146859375 0.585357775390625 0.015780861328125 0.570469044921875 0.01212405078125 0.55778729296875 0.016772208984375 0.553264759765625 0.032056978515625
8 0.53379126953125 0.069680126953125 0.54882474609375 0.012679248046875 0.528782421875 0.00802901953125 0.510901703125 0.066251814453125 0.53379126953125 0.069680126953125
9 0.509962529296875 0.06685921484375 0.527058046875 0.00868055859375 0.503380939453125 0.005299162109375 0.49067526953125 0.061566095703125 0.509962529296875 0.06685921484375
6 0.46875 0.037893822265625 0.46875 0.0572243671875 0.487109787109375 0.06186273828125 0.5014720390625 0.005916748046875 0.478301759765625 0.00066194921875 0.46875 0.037893822265625
10 0.225957537109375 1 0.2505993125 0.9444415546875 0.223946904296875 0.93303038671875 0.191695326171875 1 0.225957537109375 1
11 0.190106267578125 1 0.22288778125 0.930242798828125 0.188912814453125 0.913729962890625 0.150354875 1 0.190106267578125 1
20 0.151195951171875 1 0.18947212890625 0.91568285546875 0.150859390625 0.897537677734375 0.128636861328125 0.9877261640625 0.119617994140625 1 0.151195951171875 1
5 0.09647896875 1 0.144430396484375 0.898511857421875 0.113342912109375 0.88071054296875 0.096171154296875 0.929434234375 0.061395052734375 1 0.09647896875 1
8 0.06257928125 1 0.111204595703125 0.88325015625 0.08624978515625 0.869584404296875 0.0477069140625 0.9544118828125 0.024685328125 1 0.06257928125 1
8 0.028647904296875 1 0.0813543359375 0.871592546875 0.05565228125 0.856674419921875 0 0.979822857421875 0 1 0.028647904296875 1
15 0.9150390625 0.71875 0.169921875 0.4375
24 0.8134765625 0.7060546875 0.248046875 0.412109375
6 0.638671875 0.6962890625 0.25 0.392578125
8 0.5439453125 0.6845703125 0.150390625 0.369140625