5 0.462890625 0.435546875 0.078125 0.16796875
4 0.4072193287037037 0.4341145833333333 0.07265625000000009 0.1596788194444443
3 0.3418041087962963 0.4316840277777778 0.08428819444444446 0.15407986111111116
12 0.2509693287037037 0.4306423611111111 0.08434606481481488 0.15798611111111116
47 0.1845486111111111 0.4301432291666667 0.06872106481481488 0.15763888888888888
12 0.12015335648148151 0.4248046875 0.07254050925925926 0.1518663194444445
26 0.19372398828125 0.7160837421875 0.263270638671875 0.7132985234375 0.250886736328125 0.5543780234375 0.183322779296875 0.5529499609375 0.19372398828125 0.7160837421875
15 0.329902572265625 0.7087000546875 0.325315056640625 0.541434494140625 0.250829916015625 0.5508030859375 0.261161287109375 0.7187976640625 0.329902572265625 0.7087000546875
34 0.39599451171875 0.7107867109375 0.404934619140625 0.53712007421875 0.32567433203125 0.54577943359375 0.33403941796875 0.71677232421875 0.39599451171875 0.7107867109375
4 0.49616684765625 0.7081430234375 0.49921499609375 0.543470384765625 0.42283889453125 0.54732923828125 0.421286953125 0.708385953125 0.49616684765625 0.7081430234375
23 0.498046875 0.947074875 0.585737330078125 0.94654313671875 0.584630912109375 0.632447830078125 0.498046875 0.6293922109375 0.498046875 0.947074875
2 0.745604005859375 0.94819226171875 0.73289298828125 0.624329052734375 0.618915109375 0.63709921484375 0.614179345703125 0.947261986328125 0.745604005859375 0.94819226171875
8 0.7517528359375 0.942695171875 0.85953678515625 0.9564378984375 0.864538494140625 0.629149576171875 0.7368349453125 0.634012388671875 0.7517528359375 0.942695171875
0 0.852259751953125 0.9373249375 0.977813740234375 0.943836875 0.980357966796875 0.648854533203125 0.856737591796875 0.64428771875 0.852259751953125 0.9373249375