2 0.35293494921875 0 0.253165921875 0.239007908203125 0.37966394921875 0.29381921875 0.427734375 0.18122210546875 0.427734375 0 0.35293494921875 0
9 0.233075623046875 0 0.186086341796875 0.208956478515625 0.269808173828125 0.2413146640625 0.3659976015625 0 0.233075623046875 0
6 0.100353033203125 0 0.05368668359375 0.128487345703125 0.18697915625 0.1844626640625 0.23432833984375 0 0.100353033203125 0
28 0.439453125 0.3046875 0.1015625 0.306640625
20 0.4963324652777778 0.3199291087962963 0.18372395833333333 0.29914641203703707
23 0.6065393518518518 0.33619068287037035 0.20137442129629646 0.30943287037037037
5 0.7479166666666667 0.3622685185185185 0.19555844907407405 0.31511863425925934
4 0.8541594328703703 0.38645833333333335 0.19558738425925926 0.31902488425925934
6 0.9287109375 0.3974609375 0.142578125 0.318359375
7 0 0.8106714453125 0.0015413984375 0.861512841796875 0.055723619140625 0.865018826171875 0.076990822265625 0.80633480078125 0 0.80094652734375 0 0.8106714453125
2 0.10380411328125 0.870210412109375 0.107812859375 0.811059763671875 0.04354658984375 0.806599091796875 0.030343853515625 0.864896912109375 0.10380411328125 0.870210412109375
13 0.136700953125 0.873664798828125 0.143245654296875 0.813727625 0.070685865234375 0.808114697265625 0.0665796015625 0.868769935546875 0.136700953125 0.873664798828125