21 0.615234375 0.4462890625 0.0625 0.248046875
18 0.55078125 0.435546875 0.1484375 0.26953125
9 0.3924623842592593 0.4120442708333334 0.17073206018518516 0.2894531250000001
6 0.2812717013888889 0.38556857638888886 0.1665219907407407 0.28342013888888884
3 0.17157841435185184 0.36796875 0.16487268518518516 0.2891927083333333
10 0.958984375 0.076171875 0.08203125 0.15234375
25 0.8994140625 0.0712890625 0.107421875 0.142578125
6 0.80078125 0.06640625 0.10546875 0.1328125
1 0.732421875 0.06640625 0.08984375 0.1328125
1 0.6689453125 0.0625 0.076171875 0.125
44 0.93359375 0.72265625 0.1328125 0.12109375
4 1 0.56640625 0.948799072265625 0.56640625 0.93471929296875 0.59101878125 1 0.6172884609375 1 0.56640625
2 1 0.6137541953125 0.939793623046875 0.58769815625 0.89452129296875 0.661180751953125 1 0.7030952734375 1 0.6137541953125
36 1 0.811713126953125 0.850043240234375 0.7495102421875 0.814914150390625 0.80375753515625 0.97784197265625 0.8743223046875 1 0.83875257421875 1 0.811713126953125
31 0.940022353515625 0.948464767578125 0.98298949609375 0.872533119140625 0.829082123046875 0.8104860234375 0.7942989375 0.861765634765625 0.940022353515625 0.948464767578125
46 0.92324745703125 1 0.950760771484375 0.94503332421875 0.803969931640625 0.863936724609375 0.76538859765625 0.940424236328125 0.89749884765625 1 0.92324745703125 1