42 0.328125 0.1171875 0.1640625 0.234375
46 0.224609375 0.1123046875 0.14453125 0.224609375
10 0.1220703125 0.11328125 0.162109375 0.2265625
1 0.025390625 0.1064453125 0.05078125 0.212890625
19 0.5932653356481481 0.31508969907407414 0.05342881944444455 0.03140914351851842
24 0.5948408046875 0.329952435546875 0.601173962890625 0.301585626953125 0.557087666015625 0.2981848984375 0.547788021484375 0.327102919921875 0.5948408046875 0.329952435546875
21 0.528004123046875 0.31861294921875 0.528820353515625 0.32533219140625 0.57461259765625 0.328358955078125 0.582431052734375 0.298845615234375 0.5622746484375 0.297092126953125 0.5537799140625 0.318755248046875 0.528004123046875 0.31861294921875
9 0.5556459375 0.297124177734375 0.513671875 0.295633044921875 0.513671875 0.32410706640625 0.550218607421875 0.324911447265625 0.54051641015625 0.31368762890625 0.55018365625 0.308796392578125 0.5556459375 0.297124177734375
10 0.5009765625 0.9462890625 0.087890625 0.107421875
25 0.4423828125 0.943359375 0.111328125 0.11328125
6 0.3427734375 0.9453125 0.115234375 0.109375
1 0.275390625 0.9443359375 0.09375 0.111328125
1 0.20703125 0.9443359375 0.09375 0.111328125
30 0.965406783203125 0.6240042734375 0.96404646875 0.62303830859375 0.911273822265625 0.61540277734375 0.90114757421875 0.73038974609375 0.958982958984375 0.73266549609375 0.965406783203125 0.6240042734375
15 0.9303285546875 0.733207802734375 0.93717073046875 0.614732056640625 0.880238962890625 0.60856545703125 0.87650363671875 0.724202462890625 0.9303285546875 0.733207802734375
14 0.908086501953125 0.61121238671875 0.849671798828125 0.606147490234375 0.860351177734375 0.653207375 0.843231853515625 0.720122958984375 0.902940884765625 0.7265184375 0.908086501953125 0.61121238671875
2 0.822015208984375 0.600463611328125 0.80869591796875 0.616554048828125 0.818304923828125 0.665062513671875 0.80648309375 0.71430355859375 0.86713559375 0.720805916015625 0.85799983984375 0.657235263671875 0.874060951171875 0.608507712890625 0.822015208984375 0.600463611328125
4 0.782339689453125 0.7104897890625 0.830956552734375 0.713676115234375 0.84366526171875 0.6827798984375 0.839643572265625 0.597602431640625 0.801134466796875 0.595285923828125 0.78699180859375 0.66056311328125 0.782339689453125 0.7104897890625
3 0.8077198828125 0.710210171875 0.8202625703125 0.59972295703125 0.761548318359375 0.598024884765625 0.75801370703125 0.708800953125 0.8077198828125 0.710210171875