25 0.5068359375 0.1357421875 0.064453125 0.271484375
2 0.4248046875 0.1728515625 0.216796875 0.345703125
9 0.3166015625 0.22041377314814814 0.19205729166666663 0.3354311342592593
6 0.20655381944444445 0.265552662037037 0.20386284722222225 0.3382523148148149
29 0.7900390625 0.03515625 0.107421875 0.0703125
28 0.72265625 0.046875 0.11328125 0.09375
13 0.6572265625 0.05859375 0.115234375 0.1171875
0 0.58203125 0.072265625 0.0859375 0.14453125
46 0.5390625 0.439453125 0.3059951015625 0.439453125 0.320563931640625 0.52233962890625 0.5390625 0.44537951953125 0.5390625 0.439453125
42 0.5390625 0.447500935546875 0.339266857421875 0.510001513671875 0.362545267578125 0.605838158203125 0.5390625 0.55551143359375 0.5390625 0.447500935546875
46 0.5390625 0.544268501953125 0.375110779296875 0.595463140625 0.383627009765625 0.683309900390625 0.5390625 0.6446158359375 0.5390625 0.544268501953125
4 0.5390625 0.68001734765625 0.392974806640625 0.735933548828125 0.4226813125 0.8233582734375 0.5390625 0.77809657421875 0.5390625 0.68001734765625
4 0.5390625 0.778188060546875 0.410386244140625 0.81934614453125 0.439802068359375 0.913219689453125 0.5390625 0.8793347734375 0.5390625 0.778188060546875
4 0.487634484375 1 0.5390625 0.97961908984375 0.5390625 0.88107603515625 0.42661472265625 0.920615685546875 0.447338544921875 1 0.487634484375 1
19 0.95703125 0.5087890625 0.0859375 0.138671875
33 0.892578125 0.529296875 0.171875 0.1796875
31 0.779296875 0.5478515625 0.1875 0.216796875
3 0.6064453125 0.5830078125 0.134765625 0.263671875