15 0.5439453125 0.3837890625 0.271484375 0.4140625
21 0.538790494140625 0.183341462890625 0.463530919921875 0.15732044140625 0.33985879296875 0.4187603984375 0.312671728515625 0.51914918359375 0.456944724609375 0.553684546875 0.538790494140625 0.183341462890625
10 0.332896677734375 0.514616328125 0.4060877578125 0.151016015625 0.275269830078125 0.131250990234375 0.1864443359375 0.4975040546875 0.332896677734375 0.514616328125
4 0.169476498046875 0.46123902734375 0.235187505859375 0.116409794921875 0.10341676953125 0.092216236328125 0.02214662109375 0.45596308203125 0.169476498046875 0.46123902734375
6 0 0.44765348828125 0.0265443125 0.45196975390625 0.11851680078125 0.09419376171875 0 0.06363020703125 0 0.44765348828125
15 1 0.29604757421875 0.887390640625 0.274357 0.8248339140625 0.532084990234375 0.9542807421875 0.56126271875 1 0.416302173828125 1 0.29604757421875
27 0.753989552734375 0.410746310546875 0.695216052734375 0.506336673828125 0.844084794921875 0.540186654296875 0.911399322265625 0.27213746875 0.757642892578125 0.243178666015625 0.732995673828125 0.334038990234375 0.753989552734375 0.410746310546875
10 0.63671875 0.325462515625 0.63671875 0.49080040234375 0.722797251953125 0.50975562109375 0.76812987109375 0.24135006640625 0.688635330078125 0.2230490546875 0.63671875 0.325462515625
28 0.87109375 0.7802734375 0.23046875 0.20703125
34 0.7705078125 0.763671875 0.208984375 0.173828125
19 0.7060546875 0.7470703125 0.138671875 0.140625