4 0.3798828125 0.0859375 0.16015625 0.171875
6 0.2822265625 0.1005859375 0.21875 0.201171875
7 0.1572265625 0.1201171875 0.234375 0.240234375
0 0.829623306640625 0 0.8343865390625 0.051526267578125 0.920336337890625 0.055709822265625 0.91327532421875 0 0.829623306640625 0
6 0.73352062890625 0 0.740525349609375 0.0625339765625 0.820180666015625 0.05984048046875 0.812949859375 0 0.73352062890625 0
5 0.648288845703125 0 0.6564427421875 0.064516140625 0.752530439453125 0.05500103515625 0.74373470703125 0 0.648288845703125 0
11 0.29788504296875 0.67697576953125 0.163184251953125 0.686043943359375 0.2200842421875 0.981504068359375 0.34570304296875 0.970723515625 0.29788504296875 0.67697576953125
29 0.123046875 0.8408203125 0.208984375 0.318359375
23 0.0439453125 0.849609375 0.087890625 0.30078125
23 0.8984375 0.5625 0.203125 0.265625
31 0.8076171875 0.5673828125 0.2265625 0.275390625
37 0.6767578125 0.5908203125 0.25390625 0.322265625
8 0.5419921875 0.6005859375 0.16796875 0.341796875