35 0.52734375 0.242326439453125 0.52734375 0.2355753359375 0.4800917578125 0.232514021484375 0.455827 0.321975130859375 0.507735466796875 0.326965705078125 0.52734375 0.242326439453125
12 0.495107111328125 0.327405025390625 0.52734375 0.330030423828125 0.52734375 0.241785736328125 0.495107111328125 0.327405025390625
27 0.588857896484375 0.212551373046875 0.632717943359375 0.22167101171875 0.651613826171875 0.142786173828125 0.610424072265625 0.132470123046875 0.588857896484375 0.212551373046875
11 0.663562001953125 0.228892240234375 0.6836199140625 0.15512518359375 0.64344124609375 0.14421071875 0.64269090234375 0.144060861328125 0.642617765625 0.144335259765625 0.622349888671875 0.2203724375 0.663562001953125 0.228892240234375
14 0.656460572265625 0.22951698046875 0.70123550390625 0.238587005859375 0.701036966796875 0.196335927734375 0.720397255859375 0.1612259375 0.676371041015625 0.153754201171875 0.656460572265625 0.22951698046875
3 0.743972984375 0.2452394140625 0.764628861328125 0.172794734375 0.7175087421875 0.1647235703125 0.701252703125 0.241236044921875 0.743972984375 0.2452394140625
6 0.77899861328125 0.25845224609375 0.796060322265625 0.182089626953125 0.7576131640625 0.1731951015625 0.733399873046875 0.248409166015625 0.77899861328125 0.25845224609375
7 0.80226602734375 0.267495201171875 0.8293325234375 0.191009384765625 0.785292451171875 0.182040013671875 0.77032084375 0.2611987578125 0.80226602734375 0.267495201171875
23 0.405818486328125 0.930691712890625 0.39937944140625 0.8878768515625 0.354374390625 0.882773697265625 0.361820337890625 0.925499359375 0.405818486328125 0.930691712890625
11 0.43488112890625 0.9346237421875 0.428187640625 0.8933008125 0.38604779296875 0.888470796875 0.392462126953125 0.930749693359375 0.43488112890625 0.9346237421875
17 0.466597515625 0.94010608203125 0.461594015625 0.89789985546875 0.4157739765625 0.8933630234375 0.421685599609375 0.93613012890625 0.466597515625 0.94010608203125
2 0.516027685546875 0.950169482421875 0.515811162109375 0.906168154296875 0.467241513671875 0.9003376953125 0.46887033203125 0.94409319921875 0.516027685546875 0.950169482421875
4 0.52734375 0.9089748515625 0.499416896484375 0.906949943359375 0.501930267578125 0.9507054453125 0.52734375 0.952445310546875 0.52734375 0.9089748515625
10 0.7840133101851852 0.6478732638888889 0.1826822916666666 0.2495225694444445
36 0.8845847800925926 0.6686414930555555 0.1806278935185186 0.2475260416666667
44 0.9638671875 0.708984375 0.072265625 0.24609375
27 0.6889467592592593 0.6203993055555556 0.18298611111111107 0.2553819444444445