41 0.1982421875 0.078125 0.107421875 0.154296875
50 0.255859375 0.0673828125 0.1015625 0.1328125
38 0.3115234375 0.0595703125 0.107421875 0.1171875
1 0.3857421875 0.0478515625 0.095703125 0.09375
3 0.443359375 0.04296875 0.11328125 0.083984375
7 0.482421875 0.0322265625 0.0625 0.0625
42 0.513671875 0.5908203125 0.275000974609375 0.5908203125 0.287831556640625 0.678378263671875 0.513671875 0.606082193359375 0.513671875 0.5908203125
46 0.513671875 0.690104248046875 0.513671875 0.622903462890625 0.506938216796875 0.60178264453125 0.289822291015625 0.6661930546875 0.305581681640625 0.764626703125 0.513671875 0.690104248046875
4 0.513671875 0.7432906953125 0.301752986328125 0.792168583984375 0.30460499609375 0.884811625 0.513671875 0.83774246875 0.513671875 0.7432906953125
4 0.513671875 0.833539994140625 0.308971353515625 0.892523755859375 0.3364632890625 0.981238056640625 0.513671875 0.9337255703125 0.513671875 0.833539994140625
4 0.319986427734375 0.98632238671875 0.32149590625 0.9990234375 0.513671875 0.9990234375 0.513671875 0.937223203125 0.319986427734375 0.98632238671875
21 0.5673828125 0.947265625 0.123046875 0.103515625
15 0.6337890625 0.9345703125 0.162109375 0.12890625
11 0.728515625 0.9208984375 0.16015625 0.15625
6 0.8662109375 0.8984375 0.177734375 0.201171875
4 0.94140625 0.8837890625 0.1171875 0.228515625