33 0.0439453125 0.1083984375 0.087890625 0.142578125
14 0.08550347222222221 0.09443721064814814 0.12556423611111112 0.14576099537037046
1 0.1602213541666666 0.08091001157407407 0.11757812500000009 0.1415653935185186
3 0.2158203125 0.0703125 0.12890625 0.138671875
7 0.2734375 0.060546875 0.119140625 0.119140625
42 0.744140625 0.3330078125 0.142578125 0.03125
8 0.837890625 0.322265625 0.134765625 0.052734375
7 0.9091796875 0.3125 0.140625 0.072265625
0 0.95703125 0.306640625 0.0859375 0.08203125
22 0.12712673611111114 0.7781394675925926 0.08914930555555545 0.072265625
33 0.16291232638888897 0.7689887152777778 0.08719618055555545 0.07219328703703698
32 0.19763454861111107 0.7579210069444444 0.08923611111111107 0.07421875
5 0.24882812499999996 0.7433087384259259 0.08719618055555545 0.07219328703703698
8 0.2846137152777777 0.7341579861111112 0.08524305555555545 0.07212094907407396
6 0.3192925347222222 0.7221137152777778 0.08719618055555545 0.07219328703703698
17 0.52859895703125 0.711530490234375 0.4768141015625 0.633597048828125 0.43148434375 0.63803897265625 0.485179658203125 0.710884431640625 0.52859895703125 0.711530490234375
34 0.552423548828125 0.7145781796875 0.51485048046875 0.635163478515625 0.46268529296875 0.63750246875 0.518380302734375 0.715220107421875 0.552423548828125 0.7145781796875
19 0.59110163671875 0.7165519765625 0.542196923828125 0.633954232421875 0.495829369140625 0.636120556640625 0.533321064453125 0.715392390625 0.59110163671875 0.7165519765625
0 0.634837880859375 0.7182563671875 0.5899412265625 0.634793923828125 0.53695085546875 0.6371731484375 0.58319812109375 0.7161655 0.634837880859375 0.7182563671875
5 0.673348962890625 0.7235416796875 0.6258597578125 0.63474093359375 0.57179997265625 0.638017708984375 0.615111130859375 0.7188167109375 0.673348962890625 0.7235416796875
5 0.70932807421875 0.72169704296875 0.658248294921875 0.631318109375 0.60836566015625 0.634356412109375 0.654114533203125 0.7235620625 0.70932807421875 0.72169704296875