35 0.375171087890625 0.319826712890625 0.38646681640625 0.238061365234375 0.310547658203125 0.23013902734375 0.29867216015625 0.31175598046875 0.375171087890625 0.319826712890625
12 0.3337772265625 0.31117143359375 0.350485138671875 0.23077534765625 0.274141197265625 0.22523376953125 0.263416361328125 0.30232188671875 0.3337772265625 0.31117143359375
27 0.300570046875 0.305120271484375 0.312532392578125 0.2221325 0.236825123046875 0.218306400390625 0.22771044921875 0.295188376953125 0.300570046875 0.305120271484375
0 0.214271744140625 0.28272640234375 0.2258612265625 0.2068902734375 0.153135892578125 0.202296611328125 0.141321435546875 0.27952402734375 0.214271744140625 0.28272640234375
3 0.178840818359375 0.27979521484375 0.189679494140625 0.20000905859375 0.113730517578125 0.193785490234375 0.106973796875 0.274204708984375 0.178840818359375 0.27979521484375
4 0.264013603515625 0.212804080078125 0.191041955078125 0.20849193359375 0.17771790625 0.2853476171875 0.250743568359375 0.289311498046875 0.264013603515625 0.212804080078125
6 0.96950217578125 0.31949435546875 0.9684228671875 0.060395927734375 0.803567513671875 0.04276996875 0.816981939453125 0.307977951171875 0.96950217578125 0.31949435546875
5 0.8597918046875 0.316073607421875 0.841887482421875 0.039694380859375 0.688839326171875 0.0361413671875 0.715727556640625 0.3076477578125 0.8597918046875 0.316073607421875
0 0.75263709765625 0.30588072265625 0.726659509765625 0.0361413671875 0.588315416015625 0.036266201171875 0.629906857421875 0.293423466796875 0.75263709765625 0.30588072265625
31 0.5615234375 0.41110427734375 0.50172072265625 0.410178576171875 0.4994695390625 0.602654029296875 0.5615234375 0.604854146484375 0.5615234375 0.41110427734375
0 0.4982311953125 0.598809732421875 0.516487078125 0.410494357421875 0.393264064453125 0.40510600390625 0.374483626953125 0.59259546875 0.4982311953125 0.598809732421875
6 0.43255058984375 0.40631665625 0.430670185546875 0.40621884375 0.312011703125 0.3964572890625 0.29846303515625 0.58917578515625 0.41645721484375 0.59331930859375 0.43255058984375 0.40631665625
9 0.342794076171875 0.591674365234375 0.351085515625 0.403218970703125 0.239058595703125 0.3983468515625 0.22361130859375 0.58125808203125 0.342794076171875 0.591674365234375
11 0.765625 0.365234375 0.083984375 0.041015625
26 0.7314453125 0.3642578125 0.0859375 0.0390625
10 0.697265625 0.36328125 0.080078125 0.037109375
2 0.6513671875 0.3603515625 0.0859375 0.03125
4 0.6181640625 0.359375 0.08203125 0.029296875
4 0.5830078125 0.3583984375 0.0859375 0.02734375