2 0 0.333984375 0.15456886328125 0.333984375 0.158684146484375 0.266034126953125 0 0.265650587890625 0 0.333984375
7 0.27951465234375 0.333984375 0.29316507421875 0.259812701171875 0.126271126953125 0.262811732421875 0.123487791015625 0.333984375 0.27951465234375 0.333984375
0 0.3798828125 0.333984375 0.3798828125 0.263066810546875 0.2617933828125 0.255764625 0.24806019140625 0.333984375 0.3798828125 0.333984375
21 0.548581126953125 0.328561767578125 0.640745630859375 0.324903232421875 0.62124323046875 0.146900390625 0.5346799296875 0.15267174609375 0.548581126953125 0.328561767578125
43 0.603698140625 0.317661783203125 0.695782060546875 0.31401971484375 0.68279035546875 0.137076568359375 0.591296228515625 0.146210849609375 0.603698140625 0.317661783203125
21 0.66031716015625 0.306159193359375 0.748627826171875 0.29932720703125 0.72167311328125 0.135264080078125 0.64734764453125 0.139689359375 0.66031716015625 0.306159193359375
4 0.738320125 0.29054087890625 0.8230859375 0.28708648828125 0.807043732421875 0.114873306640625 0.72619611328125 0.120466400390625 0.738320125 0.29054087890625
0 0.781792072265625 0.28226103515625 0.87332782421875 0.27869557421875 0.858019083984375 0.114072455078125 0.774399 0.1191620859375 0.781792072265625 0.28226103515625
3 0.8384117265625 0.27261466015625 0.924203458984375 0.2690913515625 0.90951912109375 0.102128572265625 0.82061783203125 0.108440939453125 0.8384117265625 0.27261466015625
17 0.3798828125 0.65465679296875 0.21951207421875 0.8488294375 0.3345479140625 0.8987453359375 0.3798828125 0.84630965234375 0.3798828125 0.65465679296875
48 0.3798828125 0.652909025390625 0.3798828125 0.46579140234375 0.373502494140625 0.463017330078125 0.144622033203125 0.80160941796875 0.235028916015625 0.852686748046875 0.3798828125 0.652909025390625
20 0.3798828125 0.47024730859375 0.3798828125 0.4687717890625 0.26151970703125 0.41886622265625 0.048221185546875 0.744985650390625 0.153000986328125 0.7970754609375 0.3798828125 0.47024730859375
1 0 0.706185919921875 0.23934285546875 0.398254974609375 0.1520591796875 0.3578612421875 0 0.56084555078125 0 0.706185919921875
5 0 0.537534447265625 0.1597480859375 0.357725267578125 0.13518633984375 0.345703125 0.006219796875 0.345703125 0 0.353424109375 0 0.537534447265625
37 0.4150390625 0.6533203125 0.15234375 0.314453125
25 0.5173611111111112 0.6522497106481482 0.20240162037037024 0.295949074074074
2 0.6794343171296295 0.6671296296296296 0.20688657407407396 0.3037905092592592
9 0.79296875 0.6777416087962963 0.18106192129629628 0.2977430555555556
6 0.9033203125 0.68359375 0.193359375 0.296875