39 0.0390625 0.30859375 0.078125 0.3203125
10 0.12126736111111114 0.29279513888888886 0.18337673611111116 0.306467013888889
2 0.28357204861111107 0.2715928819444444 0.1899305555555557 0.3222222222222222
7 0.41480034722222214 0.2549913194444444 0.1800781250000001 0.32005208333333335
0 0.5418619791666667 0.2326171875 0.1475260416666666 0.2900607638888889
23 0.89137277734375 0.534875703125 0.853680974609375 0.27813335546875 0.73292115625 0.275733416015625 0.7798642734375 0.534670255859375 0.89137277734375 0.534875703125
29 0.991260681640625 0.542278259765625 0.9612661796875 0.282034115234375 0.852316166015625 0.2789586640625 0.88932347265625 0.539159060546875 0.991260681640625 0.542278259765625
12 0.115365984375 1 0.1361225390625 0.9955803359375 0.122231462890625 0.786429080078125 0.02394365234375 0.786615130859375 0.049242080078125 1 0.115365984375 1
10 0.229817248046875 0.98292037890625 0.18896523828125 0.762286251953125 0.1155550234375 0.776924607421875 0.132575419921875 0.99649771875 0.229817248046875 0.98292037890625
31 0.29363566796875 0.966643494140625 0.278911943359375 0.758944265625 0.190986681640625 0.767275083984375 0.228883267578125 0.984908912109375 0.29363566796875 0.966643494140625
0 0.421573919921875 0.9597405 0.393020072265625 0.752428048828125 0.31307121875 0.7617971796875 0.3341459140625 0.96396496484375 0.421573919921875 0.9597405
6 0.41771476171875 0.960721396484375 0.4971065859375 0.950754314453125 0.4690381875 0.736620326171875 0.394501626953125 0.74800452734375 0.3921748203125 0.74964915625 0.41771476171875 0.960721396484375
9 0.57303473046875 0.94104128125 0.543435974609375 0.7338558515625 0.470884294921875 0.744988271484375 0.493300103515625 0.952398744140625 0.57303473046875 0.94104128125
29 0.703125 0.6240234375 0.029296875 0.111328125
28 0.73828125 0.6220703125 0.091796875 0.107421875
13 0.8046875 0.6171875 0.091796875 0.09765625
0 0.8984375 0.6123046875 0.091796875 0.087890625
0 0.9580078125 0.607421875 0.083984375 0.078125