15 0.0517578125 0.0341796875 0.103515625 0.068359375
6 0.1533203125 0.0458984375 0.154296875 0.091796875
2 0.208984375 0.0595703125 0.09375 0.119140625
42 0.427734375 0.1044921875 0.1875 0.208984375
3 0.8793619791666667 0.17026909722222228 0.17408854166666665 0.27175925925925926
46 0.53125 0.1123046875 0.1640625 0.224609375
5 0.9423828125 0.185546875 0.115234375 0.2734375
5 0.7735677083333333 0.15404369212962965 0.19557291666666665 0.2720775462962963
38 0.6357421875 0.125 0.177734375 0.25
0 0.029296875 0.8173828125 0.05859375 0.193359375
8 0.06723090277777777 0.8310908564814815 0.12764756944444455 0.19299768518518512
8 0.14181857638888884 0.8458767361111111 0.13164062500000018 0.19500868055555554
1 0.665682173828125 0.568359375 0.652655294921875 0.6066263828125 0.7745083125 0.64254280078125 0.793736119140625 0.568359375 0.665682173828125 0.568359375
4 0.7999536015625 0.568359375 0.77193103125 0.64720823828125 0.897245013671875 0.68715833203125 0.9389881328125 0.568359375 0.7999536015625 0.568359375