20 0.34375 0.4814453125 0.046875 0.056640625
1 0.3770833333333333 0.34062499999999996 0.053515624999999956 0.07330729166666661
9 0.3491536458333333 0.34837239583333335 0.055859375000000044 0.07929687500000004
11 0.958984375 0.203125 0.08203125 0.25
8 0.8636067708333334 0.23105468750000002 0.14088541666666665 0.24635416666666665
5 0.7718098958333333 0.2518880208333334 0.14908854166666652 0.2527343750000002
5 0.6788411458333333 0.26985677083333337 0.1532552083333334 0.2569010416666666
6 0.3994140625 0.8203125 0.224609375 0.359375
9 0.2734375 0.833984375 0.23828125 0.33203125
9 0.1474609375 0.857421875 0.244140625 0.28515625
36 0.660514791015625 0.74031334765625 0.632502603515625 0.746781294921875 0.636731337890625 0.825624494140625 0.6733752109375 0.82866769140625 0.660514791015625 0.74031334765625
12 0.632208412109375 0.7405317109375 0.5974091484375 0.741360310546875 0.599744333984375 0.8220026328125 0.639318091796875 0.82160013671875 0.632208412109375 0.7405317109375
31 0.563078484375 0.739292951171875 0.569564390625 0.824020125 0.604103650390625 0.82185007421875 0.60011205078125 0.740842140625 0.6012574453125 0.73919557421875 0.563078484375 0.739292951171875
2 0.554445943359375 0.73987426953125 0.520851669921875 0.7397270234375 0.52609538671875 0.822594576171875 0.561511228515625 0.82377815625 0.554445943359375 0.73987426953125
4 0.5078125 0.82254875390625 0.527333125 0.822381525390625 0.520378150390625 0.7389958046875 0.5078125 0.7389641328125 0.5078125 0.82254875390625