23 0.2255859375 0.416015625 0.123046875 0.16796875
46 0.3251953125 0.4248046875 0.123046875 0.150390625
35 0.405248263671875 0.08864101171875 0.413895173828125 0.200333734375 0.470814453125 0.200174158203125 0.465116580078125 0.084935482421875 0.405248263671875 0.08864101171875
11 0.48222656250000007 0.14325086805555554 0.06529224537037037 0.11436631944444442
28 0.5242259837962964 0.14320746527777778 0.06919849537037037 0.11445312499999999
0 0.5867476851851852 0.14166666666666666 0.06333912037037037 0.11432291666666666
0 0.6306929976851852 0.14264322916666666 0.06724537037037037 0.11440972222222223
6 0.6765914351851852 0.14366319444444445 0.06727430555555558 0.11831597222222223
2 0.00977888671875 0.70240753125 0.000647658203125 0.71784124609375 0.04153683984375 0.721536521484375 0.0443720859375 0.677953369140625 0.010102236328125 0.674661841796875 0.00977888671875 0.70240753125
5 0.06173371484375 0.723788494140625 0.066274978515625 0.67817883203125 0.030523609375 0.6772148046875 0.026149291015625 0.720790751953125 0.06173371484375 0.723788494140625
13 0.085934130859375 0.72499510546875 0.090036228515625 0.68190605078125 0.05233562109375 0.679771755859375 0.04763246484375 0.72404336328125 0.085934130859375 0.72499510546875