15 0.2958984375 0.1005859375 0.111328125 0.201171875
4 0.1904296875 0.0849609375 0.181640625 0.169921875
8 0.09765625 0.072265625 0.1796875 0.14453125
3 0.046875 0.060546875 0.09375 0.12109375
21 0.42771556640625 0.3818359375 0.645483048828125 0.3818359375 0.657171005859375 0.3784583515625 0.64486215625 0.306599953125 0.423088396484375 0.355731716796875 0.42771556640625 0.3818359375
14 0.290849173828125 0.77928382421875 0.320830369140625 0.74665523828125 0.296182263671875 0.73636592578125 0.264569275390625 0.76805432421875 0.290849173828125 0.77928382421875
28 0.27766169140625 0.7698140390625 0.305195466796875 0.73837440625 0.28171682421875 0.728518765625 0.25204724609375 0.760334443359375 0.27766169140625 0.7698140390625
24 0.264190962890625 0.7616341953125 0.292594048828125 0.731568771484375 0.266763177734375 0.7223493046875 0.2374411015625 0.75109662109375 0.264190962890625 0.7616341953125
7 0.243335443359375 0.7069608671875 0.218557666015625 0.7415031796875 0.2363926328125 0.7487957421875 0.270493353515625 0.7215085859375 0.243335443359375 0.7069608671875
6 0.23013226171875 0.74284725390625 0.25597513671875 0.708126083984375 0.23179511328125 0.7014061484375 0.202458345703125 0.731301845703125 0.23013226171875 0.74284725390625
16 0.2143779375 0.73361945703125 0.24275212890625 0.703215806640625 0.216197546875 0.69385628515625 0.188521322265625 0.7233170625 0.2143779375 0.73361945703125
28 0.5845269097222222 0.6442057291666666 0.0620659722222221 0.05494791666666665
15 0.5604021990740741 0.638671875 0.0581597222222221 0.0546875
29 0.5383752893518519 0.6313151041666667 0.05815972222222232 0.0546875
2 0.5037977430555556 0.6211588541666666 0.06025752314814814 0.056770833333333215
5 0.48079427083333337 0.6137369791666667 0.062210648148148195 0.05690104166666665
13 0.45674189814814814 0.6072265625 0.06025752314814814 0.056770833333333215