21 0.021484375 0.2607421875 0.04296875 0.115234375
12 0.05299479166666665 0.2503472222222222 0.09166666666666679 0.11701388888888886
6 0.1186197916666667 0.24010416666666667 0.08567708333333335 0.11493055555555554
9 0.16490885416666667 0.23235677083333334 0.08203125 0.11875000000000002
5 0.21217447916666665 0.2246310763888889 0.08020833333333321 0.1206597222222221
33 0.905859375 0.13650173611111116 0.06315104166666674 0.09882812499999982
19 0.9424479166666666 0.12951388888888893 0.06901041666666652 0.09895833333333326
10 0.974609375 0.123046875 0.05078125 0.09375
21 0.0458984375 0.66015625 0.091796875 0.2421875
10 0.115234375 0.6474609375 0.23046875 0.216796875
40 0.248046875 0.63671875 0.25 0.1953125
0 0.4111328125 0.62109375 0.201171875 0.1640625