46 0.119145494140625 0.44140625 0.128780361328125 0.328864681640625 0.0216880546875 0.325893322265625 0.013321978515625 0.44140625 0.119145494140625 0.44140625
39 0.23414953515625 0.44140625 0.2491768515625 0.35421752734375 0.109269904296875 0.3370515703125 0.10007172265625 0.44140625 0.23414953515625 0.44140625
4 0.2919921875 0.3974609375 0.14453125 0.087890625
8 0.3955078125 0.40234375 0.15625 0.078125
3 0.486328125 0.4033203125 0.130859375 0.076171875
12 0.535331994140625 0 0.53692417578125 0.032375146484375 0.59731265625 0.027707748046875 0.59372934375 0 0.535331994140625 0
31 0.56966544921875 0 0.5726035546875 0.028172474609375 0.627912041015625 0.026105 0.62618321484375 0 0.56966544921875 0
2 0.61304396484375 0 0.614403216796875 0.02470000390625 0.670815740234375 0.018585494140625 0.6692584609375 0 0.61304396484375 0
12 0.0595703125 0.4697265625 0.119140625 0.064453125
20 0.1435546875 0.4755859375 0.140625 0.076171875
1 0.271484375 0.4833984375 0.134765625 0.091796875
8 0.365234375 0.48828125 0.142578125 0.1015625
7 0.4609375 0.4912109375 0.142578125 0.107421875
21 0.7600911458333333 0.7167751736111111 0.06540798611111098 0.08749999999999991
10 0.7912254050925926 0.7201171875 0.06540798611111098 0.08749999999999991
31 0.8243706597222222 0.7225694444444444 0.06529224537037037 0.08554687499999991
2 0.8680266203703704 0.7294053819444444 0.07149884259259265 0.09166666666666679
2 0.9010561342592592 0.7338107638888889 0.06942997685185182 0.08962673611111116
3 0.9341435185185185 0.7372395833333333 0.06931423611111098 0.08767361111111116