4 0 0.469599189453125 0.019692640625 0.473959599609375 0.090907021484375 0.242021978515625 0 0.22996741796875 0 0.469599189453125
8 0.00914058203125 0.480636490234375 0.138145375 0.511903638671875 0.1839042265625 0.25990271875 0.072305203125 0.241295322265625 0.00914058203125 0.480636490234375
3 0.115579552734375 0.50316793359375 0.216856259765625 0.5249583828125 0.29770735546875 0.27671841015625 0.16700180859375 0.248340703125 0.115579552734375 0.50316793359375
23 0.53102012890625 0.433889197265625 0.505769916015625 0.168781349609375 0.3639559375 0.160018 0.39888658203125 0.42529780078125 0.53102012890625 0.433889197265625
29 0.63186712890625 0.443777138671875 0.617380396484375 0.186028494140625 0.4837402578125 0.17260513671875 0.50422648828125 0.4320632734375 0.63186712890625 0.443777138671875
30 0.754598298828125 0.460699365234375 0.731932904296875 0.206749943359375 0.5922413828125 0.189119345703125 0.611143515625 0.44593881640625 0.754598298828125 0.460699365234375
1 0.91200487890625 0.490965359375 0.879662703125 0.21956964453125 0.760237365234375 0.214856322265625 0.77381084765625 0.48050327734375 0.91200487890625 0.490965359375
0 1 0.2459075859375 0.86659671484375 0.228921935546875 0.88591708203125 0.4933000703125 1 0.511593146484375 1 0.2459075859375
35 0.342881677734375 0.6044921875 0.35425584765625 0.766097013671875 0.45357553125 0.767137314453125 0.442004974609375 0.6044921875 0.342881677734375 0.6044921875
10 0.41598153515625 0.6044921875 0.426725607421875 0.764694861328125 0.5167797890625 0.764730005859375 0.48577215234375 0.6044921875 0.41598153515625 0.6044921875
25 0.578274431640625 0.6044921875 0.47634391796875 0.6044921875 0.4966259296875 0.764311185546875 0.569837552734375 0.7633911171875 0.58339016015625 0.642935451171875 0.578274431640625 0.6044921875
6 0.5787296484375 0.6044921875 0.5878364765625 0.759200009765625 0.68592976171875 0.7563324140625 0.673279427734375 0.6044921875 0.5787296484375 0.6044921875
1 0.647797455078125 0.6044921875 0.660662537109375 0.757784046875 0.753141431640625 0.756816857421875 0.72000123828125 0.6044921875 0.647797455078125 0.6044921875
1 0.710906421875 0.6044921875 0.732815583984375 0.75800945703125 0.81878887109375 0.75649062890625 0.799658716796875 0.6044921875 0.710906421875 0.6044921875