22 0.2907568984375 0.501052732421875 0.24932525390625 0.342296658203125 0.17887064453125 0.351839890625 0.219722443359375 0.50873970703125 0.2907568984375 0.501052732421875
21 0.22462364453125 0.507831509765625 0.18261827734375 0.352458955078125 0.117379337890625 0.359608193359375 0.154961951171875 0.517182056640625 0.22462364453125 0.507831509765625
35 0.159766052734375 0.515655259765625 0.1170001796875 0.359140958984375 0.047607892578125 0.3671579296875 0.089807619140625 0.528389712890625 0.159766052734375 0.515655259765625
3 0 0.5244148671875 0.00400638671875 0.53635453515625 0.070990521484375 0.52920529296875 0.027957015625 0.372498306640625 0 0.37432741015625 0 0.5244148671875
9 0.95703125 0.1669921875 0.0859375 0.181640625
3 0.915234375 0.1903645833333334 0.1299479166666666 0.1938802083333333
0 0.8509114583333333 0.2055121527777778 0.12369791666666652 0.18789062499999987
21 0.470834921875 1 0.45547978125 0.941518716796875 0.396906916015625 0.950971095703125 0.407602712890625 1 0.470834921875 1
26 0.408563435546875 1 0.397277251953125 0.953294234375 0.3347380703125 0.961637453125 0.343631046875 1 0.408563435546875 1
32 0.89453125 0.7607421875 0.2109375 0.349609375
29 0.78125 0.7850694444444444 0.21992187500000004 0.34409722222222205
22 0.6558593749999999 0.8203125 0.23177083333333348 0.34631076388888893
3 0.5380859375 0.83984375 0.10546875 0.3203125