10 0.36291232638888893 0.3559461805555556 0.06584201388888888 0.06309317129629632
27 0.3383897569444445 0.3525101273148148 0.0697916666666667 0.06527777777777777
37 0.3128472222222223 0.34717881944444445 0.06788194444444429 0.06711516203703705
8 0.2744791666666666 0.33674045138888886 0.06597222222222232 0.06895254629629632
4 0.2490234375 0.3353153935185185 0.06605902777777772 0.07285879629629632
7 0.2233940972222222 0.3260778356481482 0.0659288194444444 0.06699942129629632
51 1 0.189980904296875 0.97185043359375 0.182422060546875 0.87595441015625 0.5087890625 1 0.5087890625 1 0.189980904296875
40 0.894376611328125 0.5087890625 0.978488716796875 0.187534095703125 0.8207545234375 0.149094705078125 0.726567828125 0.5087890625 0.894376611328125 0.5087890625
3 0.5791015625 0.3424473359375 0.5791015625 0.5087890625 0.69751776953125 0.5087890625 0.798446431640625 0.1396999296875 0.651169296875 0.089710388671875 0.5791015625 0.3424473359375
43 0.300961109375 0.944665326171875 0.256751615234375 0.98332259765625 0.279558228515625 0.9990234375 0.383943603515625 0.9990234375 0.30079999609375 0.945199673828125 0.300961109375 0.944665326171875
21 0.292142041015625 0.946983017578125 0.370205876953125 0.9990234375 0.45600953125 0.9990234375 0.342277490234375 0.9034283125 0.292142041015625 0.946983017578125
4 0.388829701171875 0.85546507421875 0.352060580078125 0.890073583984375 0.501350037109375 0.9990234375 0.516786408203125 0.9990234375 0.544413767578125 0.972647548828125 0.388829701171875 0.85546507421875
0 0.544089279296875 0.96965538671875 0.576156412109375 0.934676921875 0.42510275 0.816833044921875 0.381545109375 0.851758759765625 0.544089279296875 0.96965538671875
3 0.6005859375 0.911982296875 0.6005859375 0.88650787109375 0.455334009765625 0.781710818359375 0.41068963671875 0.8179923828125 0.57948661328125 0.9338655859375 0.6005859375 0.911982296875
21 0.9677734375 0.662109375 0.064453125 0.109375
10 0.9391276041666666 0.6558159722222223 0.0923177083333333 0.11342592592592604
0 0.8840928819444445 0.643431712962963 0.09422743055555549 0.11158854166666665
5 0.84375 0.6321325231481482 0.09032118055555549 0.11135706018518521
0 0.8005642361111112 0.6249131944444445 0.09023437500000009 0.10745081018518521