34 0.80653363671875 0.22466572265625 0.838832439453125 0.048920490234375 0.74707610546875 0.040570318359375 0.738259064453125 0.2177005859375 0.80653363671875 0.22466572265625
10 0.7072916666666667 0.1297960069444445 0.11814236111111098 0.19616608796296298
25 0.6316189236111112 0.12295283564814813 0.11992187500000018 0.1923611111111111
8 0.5231336805555555 0.12662037037037038 0.11566840277777768 0.18434606481481486
9 0.44288194444444445 0.1268663194444445 0.12152777777777779 0.1846498842592592
9 0.3447265625 0.4111328125 0.10546875 0.21875
4 0.313943626953125 0.329024166015625 0.32257945703125 0.32792441015625 0.215351603515625 0.339659052734375 0.231114595703125 0.532276029296875 0.333587509765625 0.517694759765625 0.313943626953125 0.329024166015625
8 0.247271458984375 0.535530330078125 0.22558480078125 0.339847591796875 0.127309625 0.34914062109375 0.140102955078125 0.5513340625 0.247271458984375 0.535530330078125
30 0.775433521484375 0.642013794921875 0.725062826171875 0.64222519921875 0.71979055859375 0.697981755859375 0.767975517578125 0.69860225390625 0.775433521484375 0.642013794921875
11 0.7390376796875 0.642041685546875 0.697618978515625 0.6406962109375 0.684467587890625 0.695942568359375 0.73654494140625 0.6984024921875 0.7390376796875 0.642041685546875
24 0.707147337890625 0.63894119921875 0.654438560546875 0.63732987890625 0.65063953515625 0.6927943828125 0.69977229296875 0.6952081328125 0.707147337890625 0.63894119921875
6 0.657249486328125 0.63712705078125 0.607475861328125 0.63515955859375 0.602236599609375 0.68998125 0.654918888671875 0.69113325 0.657249486328125 0.63712705078125
0 0.617513302734375 0.6912977578125 0.62333834765625 0.635723041015625 0.577099384765625 0.631583724609375 0.564975599609375 0.68790019921875 0.617513302734375 0.6912977578125
7 0.578682361328125 0.68902112109375 0.59052086328125 0.631684173828125 0.537135037109375 0.627852783203125 0.53588812890625 0.68719490625 0.578682361328125 0.68902112109375