35 0.36692708333333335 0.3773292824074074 0.056640625 0.09062499999999996
27 0.3315972222222222 0.37133969907407405 0.052734375 0.09042245370370372
22 0.29724392361111107 0.36529947916666666 0.0546875 0.09052372685185184
4 0.24819878472222223 0.3580656828703704 0.0546875 0.09052372685185184
0 0.2138454861111111 0.35202546296296294 0.0546875 0.09052372685185184
8 0.17851562499999996 0.3460358796296296 0.05269097222222219 0.08846932870370372
0 0.0859375 0.6025390625 0.171875 0.185546875
40 0.224609375 0.583984375 0.291015625 0.1484375
10 0.304294998046875 0.509765625 0.306239654296875 0.6119956875 0.451916478515625 0.5766248828125 0.4447595078125 0.509765625 0.304294998046875 0.509765625
10 0.923828125 0.685546875 0.15234375 0.3515625
20 0.8203125 0.6796875 0.220703125 0.33984375
2 0.646484375 0.6669921875 0.197265625 0.314453125
8 0.5595703125 0.65625 0.12109375 0.29296875