45 0.08259548611111112 0.44988425925925923 0.1562065972222222 0.17080439814814818
39 0.1485243055555555 0.42693865740740744 0.1503472222222222 0.17076099537037037
51 0.21827256944444445 0.4078703703703703 0.14861111111111114 0.18051215277777777
4 0.31371527777777786 0.37494212962962964 0.14639756944444438 0.16877893518518516
0 0.345703125 0.3515625 0.099609375 0.16796875
46 0.8828014609375 0.141035134765625 0.86954997265625 0.0445019609375 0.61629590625 0.072062662109375 0.6231070703125 0.159194080078125 0.8828014609375 0.141035134765625
42 0.894030763671875 0.239312560546875 0.87908478515625 0.1432311953125 0.622223673828125 0.168667255859375 0.62728480859375 0.2561558515625 0.894030763671875 0.239312560546875
46 0.898404013671875 0.342463876953125 0.881389458984375 0.2326544453125 0.625889298828125 0.26251959765625 0.627910240234375 0.35244188671875 0.898404013671875 0.342463876953125
4 0.620076810546875 0.492920025390625 0.910607716796875 0.471486158203125 0.90734665625 0.377290564453125 0.6228013515625 0.40043413671875 0.620076810546875 0.492920025390625
4 0.625596974609375 0.576171875 0.7728077421875 0.576171875 0.896176513671875 0.566622552734375 0.901524341796875 0.47071741015625 0.623081390625 0.5013079765625 0.625596974609375 0.576171875
0 0.0546875 0.75 0.109375 0.33984375
0 0.1328125 0.7333984375 0.255859375 0.306640625
7 0.2724609375 0.7138671875 0.24609375 0.267578125
11 0.3623046875 0.868791626953125 0.3623046875 0.998046875 0.474247458984375 0.998046875 0.407062310546875 0.85870246484375 0.3623046875 0.868791626953125
25 0.406438384765625 0.854434236328125 0.46099812890625 0.998046875 0.592179708984375 0.998046875 0.528216923828125 0.817146697265625 0.406438384765625 0.854434236328125
22 0.506080130859375 0.825774013671875 0.569646654296875 0.998046875 0.727053212890625 0.998046875 0.641312681640625 0.777753765625 0.506080130859375 0.825774013671875
5 0.812008814453125 0.728836169921875 0.665245373046875 0.770396349609375 0.75167889453125 0.998046875 0.878094931640625 0.998046875 0.88576542578125 0.99587313671875 0.812008814453125 0.728836169921875
2 1 0.929548005859375 0.929464328125 0.68840427734375 0.78577787890625 0.733419095703125 0.8722692109375 0.998046875 0.91344479296875 0.998046875 1 0.9695841484375 1 0.929548005859375
4 1 0.68158221875 0.9110331640625 0.69942005859375 1 0.948808041015625 1 0.68158221875