12 0 0.31910899609375 0.031747208984375 0.405734265625 0.102909541015625 0.396219296875 0.0418672265625 0.192792927734375 0 0.204077158203125 0 0.31910899609375
23 0.11694155092592595 0.2752170138888889 0.15202546296296293 0.22391493055555556
10 0.21255787037037038 0.26137152777777783 0.13048321759259263 0.21562499999999996
6 0.513751970703125 0 0.2861328125 0.102282255859375 0.2861328125 0.24166752734375 0.2878801953125 0.245060966796875 0.6775228515625 0.07550630078125 0.63033950390625 0 0.513751970703125 0
8 0.77826875390625 0.203348490234375 0.70056755078125 0.094116767578125 0.3071385703125 0.24783362890625 0.372504029296875 0.35926814453125 0.77826875390625 0.203348490234375
4 0.832003587890625 0.300046595703125 0.762814376953125 0.191371962890625 0.387934185546875 0.356331087890625 0.48352144140625 0.470728220703125 0.832003587890625 0.300046595703125
48 0.969675521484375 0.470899095703125 0.877479587890625 0.340085517578125 0.518086697265625 0.50066833984375 0.589303826171875 0.6248000078125 0.969675521484375 0.470899095703125
41 1 0.521454171875 0.97111476953125 0.48228584765625 0.59345248046875 0.623882767578125 0.615530076171875 0.658203125 0.838663884765625 0.658203125 1 0.599013111328125 1 0.521454171875
4 0.178331263671875 1 0.156956408203125 0.9289553671875 0.05236412109375 0.945547970703125 0.06273503515625 1 0.178331263671875 1
6 0.2919921875 1 0.2919921875 0.904943083984375 0.177546650390625 0.9257925 0.1947551640625 1 0.2919921875 1
17 0.4560546875 0.9873046875 0.0625 0.025390625
23 0.498046875 0.9833984375 0.060546875 0.033203125
20 0.5380859375 0.9775390625 0.0625 0.044921875
2 0.5947265625 0.9716796875 0.06640625 0.056640625
9 0.6357421875 0.9677734375 0.05859375 0.064453125
1 0.6767578125 0.9638671875 0.0625 0.072265625