12 0.4332031249999999 0.2947048611111111 0.05707465277777768 0.109375
38 0.38838975694444444 0.297923900462963 0.05707465277777768 0.109375
47 0.34646267361111116 0.2992983217592593 0.04926215277777768 0.10908564814814814
3 0.28005642361111116 0.2968388310185185 0.059114583333333304 0.11335358796296302
3 0.23036024305555558 0.29987702546296297 0.05512152777777768 0.10930266203703709
7 0.1875 0.3031684027777778 0.049392361111111116 0.11494502314814814
21 0.473210037109375 0.48828125 0.567637626953125 0.48828125 0.57277749609375 0.47166161328125 0.4677734375 0.432109732421875 0.4677734375 0.486461822265625 0.473210037109375 0.48828125
43 0.4677734375 0.430245767578125 0.574114943359375 0.465915205078125 0.59921043359375 0.40547384375 0.4677734375 0.367757544921875 0.4677734375 0.430245767578125
21 0.4677734375 0.370161369140625 0.5971832265625 0.409077673828125 0.608515052734375 0.358139939453125 0.4677734375 0.310532626953125 0.4677734375 0.370161369140625
4 0.4677734375 0.294129134765625 0.61484827734375 0.33089772265625 0.6308050625 0.284179404296875 0.4677734375 0.237135869140625 0.4677734375 0.294129134765625
0 0.4677734375 0.191950271484375 0.4677734375 0.23914684765625 0.6332220390625 0.28986007421875 0.64644387109375 0.24532815234375 0.469108755859375 0.187251345703125 0.4677734375 0.191950271484375
3 0.651244861328125 0.244537267578125 0.66402624609375 0.19429180859375 0.486918966796875 0.14693884375 0.471496078125 0.190789439453125 0.651244861328125 0.244537267578125
40 0.4697265625 0.48828125 0.214021642578125 0.48828125 0.220303482421875 0.571973572265625 0.4697265625 0.521266705078125 0.4697265625 0.48828125
43 0.4697265625 0.508057345703125 0.217269765625 0.566802255859375 0.24556990625 0.699410369140625 0.4697265625 0.66002398828125 0.4697265625 0.508057345703125
6 0.4697265625 0.707385685546875 0.230467384765625 0.74398615625 0.2704295703125 0.892068248046875 0.4697265625 0.852436208984375 0.4697265625 0.707385685546875
9 0.378448361328125 1 0.4697265625 0.984606466796875 0.4697265625 0.84917000390625 0.274328078125 0.878960076171875 0.307433029296875 1 0.378448361328125 1
7 0.6287543402777778 0.9088179976851851 0.02191840277777768 0.02025462962962976
9 0.6482855902777778 0.9095413773148149 0.0219184027777779 0.02025462962962976
3 0.6092447916666667 0.9090711805555556 0.02391493055555549 0.02228009259259256
24 0.6950954861111112 0.9083478009259259 0.023914930555555713 0.02228009259259256
19 0.7136284722222221 0.9080584490740741 0.023914930555555713 0.02228009259259256
21 0.6755859375 0.9086009837962963 0.023914930555555713 0.02228009259259256