20 0.38592620703125 0.37615147265625 0.410971361328125 0.274655388671875 0.33115515234375 0.2787612421875 0.312134029296875 0.380755490234375 0.38592620703125 0.37615147265625
15 0.342622009765625 0.382326392578125 0.363229484375 0.278429578125 0.272871171875 0.2794209375 0.279431033203125 0.38200109375 0.342622009765625 0.382326392578125
10 0.306337513671875 0.387929224609375 0.310589310546875 0.27902221484375 0.237505859375 0.2816452734375 0.217682390625 0.388936044921875 0.306337513671875 0.387929224609375
7 0.229211763671875 0.390848630859375 0.23954658984375 0.287443490234375 0.147035009765625 0.2900288046875 0.1523286875 0.3950509921875 0.229211763671875 0.390848630859375
0 0.185929669921875 0.394422005859375 0.187816384765625 0.29252320703125 0.094376818359375 0.308213275390625 0.105530517578125 0.403481587890625 0.185929669921875 0.394422005859375
1 0.134293107421875 0.30445060546875 0.133823052734375 0.30337933203125 0.057626576171875 0.301884140625 0.050086119140625 0.413714509765625 0.131354869140625 0.411420857421875 0.134293107421875 0.30445060546875
21 0.81685890234375 0.00526994140625 0.7351229453125 0.003964310546875 0.695722654296875 0.19889175390625 0.783038439453125 0.1975748828125 0.81685890234375 0.00526994140625
43 0.6745485390625 0 0.64136544921875 0.19304009375 0.7285389609375 0.191761646484375 0.76058972265625 0.004287046875 0.682808388671875 0 0.6745485390625 0
21 0.70492684375 0.002530138671875 0.634893865234375 0.001839703125 0.589489287109375 0.182882923828125 0.67250969921875 0.18542577734375 0.70492684375 0.002530138671875
4 0.55001247265625 0 0.51575697265625 0.17774862109375 0.59534369921875 0.17693240625 0.626148958984375 0 0.55001247265625 0
0 0.5078125 0 0.5078125 0.17307540234375 0.537317783203125 0.17283033203125 0.578233564453125 0 0.5078125 0
16 0.55078125 1 0.55078125 0.641656884765625 0.424354396484375 0.63852074609375 0.423688265625 1 0.55078125 1
33 0.462645537109375 1 0.46062620703125 0.646615640625 0.29204633984375 0.634705271484375 0.30719185546875 1 0.462645537109375 1
2 0.293886978515625 1 0.2787419453125 0.6409595859375 0.12092711328125 0.63815310546875 0.1201704921875 1 0.293886978515625 1
8 0.1582488046875 1 0.157845974609375 0.639471421875 0.0088811796875 0.643601578125 0.00352057421875 1 0.1582488046875 1
21 1 1 1 0.73296094140625 0.90199699609375 0.7490407421875 0.892651478515625 1 1 1
5 0.88020857421875 1 0.877831025390625 0.778791064453125 0.696753548828125 0.8010840390625 0.702705951171875 1 0.88020857421875 1
2 0.740594435546875 1 0.73159216015625 0.830929109375 0.541231677734375 0.862013529296875 0.54563997265625 1 0.740594435546875 1