35 0.24547164351851847 0.07443576388888884 0.04163773148148131 0.08702256944444442
27 0.20936053240740748 0.08004195601851849 0.03968460648148131 0.0868778935185186
22 0.17420428240740737 0.08264612268518517 0.03967013888888893 0.08492476851851849
4 0.12539062499999998 0.08821614583333337 0.04163773148148153 0.08702256944444442
0 0.09024884259259258 0.0927734375 0.03968460648148153 0.08687789351851849
8 0.054130497685185186 0.09740306712962965 0.039699074074074026 0.0888310185185186
24 0.78274627734375 0.136156541015625 0.766401291015625 0.14172393359375 0.77607690625 0.181031677734375 0.790917732421875 0.174779720703125 0.78274627734375 0.136156541015625
13 0.776419708984375 0.181863197265625 0.76489680859375 0.14103940234375 0.748308517578125 0.14255496484375 0.760126517578125 0.188298599609375 0.776419708984375 0.181863197265625
18 0.757989564453125 0.18681953515625 0.7490459375 0.145086337890625 0.733705884765625 0.14790189453125 0.743456427734375 0.193323755859375 0.757989564453125 0.18681953515625
6 0.73279787890625 0.19613065625 0.722164017578125 0.15548589453125 0.7042975 0.160079390625 0.716214677734375 0.202602755859375 0.73279787890625 0.19613065625
6 0.7168474921875 0.203397578125 0.702299224609375 0.160915279296875 0.687098548828125 0.166046359375 0.69879489453125 0.209764076171875 0.7168474921875 0.203397578125
14 0.697871416015625 0.209006033203125 0.687133294921875 0.16662500390625 0.66937073046875 0.172955134765625 0.6798706328125 0.21624087109375 0.697871416015625 0.209006033203125
20 0.30834777734375 0.96067727734375 0.3268203828125 0.965120552734375 0.352870255859375 0.936566203125 0.337148154296875 0.93245271484375 0.30834777734375 0.96067727734375
12 0.336099697265625 0.93394162890625 0.322666474609375 0.930047201171875 0.295387130859375 0.957061958984375 0.308850669921875 0.961461224609375 0.336099697265625 0.93394162890625
35 0.32202916796875 0.930806279296875 0.304635333984375 0.92537892578125 0.275609564453125 0.95363137890625 0.2947397109375 0.957652552734375 0.32202916796875 0.930806279296875
7 0.300468728515625 0.92421097265625 0.28367797265625 0.921250046875 0.25938540625 0.94873383984375 0.270273283203125 0.951933615234375 0.300468728515625 0.92421097265625
0 0.281861671875 0.921310099609375 0.26427195703125 0.916416203125 0.23917648828125 0.94569674609375 0.258090560546875 0.9499150234375 0.281861671875 0.921310099609375
6 0.26107998828125 0.9163114140625 0.250602427734375 0.912381908203125 0.222140181640625 0.942427984375 0.2398744609375 0.945947962890625 0.26107998828125 0.9163114140625
9 0.8415581597222223 0.690357349537037 0.02167245370370363 0.02698206018518512
7 0.821043113425926 0.6908998842592593 0.02167245370370363 0.02698206018518512
3 0.8005425347222223 0.6933955439814815 0.01971932870370363 0.0268373842592593
19 0.9109013310185186 0.6861979166666666 0.02167245370370363 0.02698206018518512
24 0.8903935185185186 0.6877170138888888 0.02167245370370363 0.02698206018518512
21 0.8698857060185186 0.6892361111111112 0.02167245370370363 0.02698206018518512