35 0.3432146990740741 0.34953703703703703 0.05717592592592591 0.08297164351851849
27 0.37842881944444445 0.34888599537037035 0.05522280092592591 0.08282696759259256
22 0.4136140046296296 0.3472583912037037 0.05326967592592591 0.08268229166666674
28 0.5644203125 0.235296013671875 0.56930355859375 0.001953125 0.44140625 0.001953125 0.44140625 0.258313099609375 0.5644203125 0.235296013671875
18 0.680787232421875 0.216932046875 0.686870263671875 0.001953125 0.56411383203125 0.001953125 0.56096017578125 0.23521598046875 0.680787232421875 0.216932046875
8 0.8522955 0.1756525703125 0.85336105078125 0.001953125 0.72773387109375 0.001953125 0.72602845703125 0.19978821484375 0.8522955 0.1756525703125
5 0.970665396484375 0.1544355703125 0.974644953125 0.001953125 0.842638240234375 0.001953125 0.844191048828125 0.179964056640625 0.970665396484375 0.1544355703125
29 0.40507089120370365 0.8370587384259259 0.03747106481481488 0.0756655092592593
24 0.42267795138888886 0.8367332175925926 0.03747106481481488 0.0756655092592593
14 0.4375 0.8349609375 0.0390625 0.076171875
30 0.939393283203125 0.645117708984375 0.967443291015625 0.637475544921875 0.955184072265625 0.595660796875 0.955522033203125 0.59606361328125 0.954846615234375 0.595257970703125 0.9230549765625 0.60155057421875 0.939393283203125 0.645117708984375
11 0.9876048828125 0.63016778125 0.97027258984375 0.589045171875 0.94454158984375 0.594574111328125 0.95663430078125 0.639517703125 0.9876048828125 0.63016778125
24 1 0.606980203125 0.9908269140625 0.580088009765625 0.96337498046875 0.587289892578125 0.977557939453125 0.630986271484375 1 0.622480861328125 1 0.606980203125