25 1 0.001953125 0.887579126953125 0.001953125 0.88990514453125 0.170489568359375 1 0.17692969921875 1 0.001953125
15 0.92089808203125 0.181472953125 0.92238276171875 0.001953125 0.771721203125 0.001953125 0.80515521484375 0.167316984375 0.92089808203125 0.181472953125
10 0.8106764375 0.174724333984375 0.76893137890625 0.001953125 0.656726572265625 0.001953125 0.634553365234375 0.161960474609375 0.8106764375 0.174724333984375
2 0.63850596484375 0.159749857421875 0.623143396484375 0.001953125 0.460061408203125 0.001953125 0.475372869140625 0.14999467578125 0.63850596484375 0.159749857421875
7 0.503449240234375 0.155694095703125 0.490002166015625 0.001953125 0.337718638671875 0.001953125 0.369878072265625 0.149673494140625 0.503449240234375 0.155694095703125
0 0.39570526171875 0.1529822734375 0.366781212890625 0.001953125 0.21579424609375 0.001953125 0.250078251953125 0.143862142578125 0.39570526171875 0.1529822734375
8 0.205078125 0.6181640625 0.0703125 0.080078125
23 0.7296947337962962 0.8685546875 0.11264467592592586 0.12135416666666665
44 0.5518446180555555 0.8547526041666667 0.11046006944444442 0.11731770833333344
23 0.7844401041666667 0.8731770833333333 0.1205729166666667 0.12382812499999996
44 0.5003761574074074 0.8561848958333333 0.10092592592592586 0.1205729166666667
44 0.6084852430555555 0.8585286458333333 0.11046006944444442 0.11731770833333344
39 0.6859809027777778 0.8695312500000001 0.10264756944444442 0.11679687499999991