26 0.634292482421875 0.211134796875 0.62317642578125 0.084215509765625 0.561255619140625 0.094460775390625 0.573183185546875 0.21822884375 0.634292482421875 0.211134796875
14 0.57881986328125 0.219474806640625 0.569490083984375 0.09460140625 0.50380819921875 0.1050915859375 0.5174848671875 0.22551371484375 0.57881986328125 0.219474806640625
26 0.5230618046875 0.229852162109375 0.5117396328125 0.10678540625 0.445070986328125 0.11296305078125 0.463143919921875 0.239521689453125 0.5230618046875 0.229852162109375
6 0.4488328671875 0.24245253125 0.430972935546875 0.11738215234375 0.36318277734375 0.1265505546875 0.38828059765625 0.2527502421875 0.4488328671875 0.24245253125
2 0.36952200390625 0.127789595703125 0.369457771484375 0.12742153125 0.308766724609375 0.141929611328125 0.32854173828125 0.266741375 0.395602322265625 0.256147609375 0.36952200390625 0.127789595703125
1 0.33201145703125 0.27018928515625 0.31029346875 0.1414648359375 0.25796660546875 0.150641279296875 0.276343576171875 0.277987212890625 0.33201145703125 0.27018928515625
31 0.821917408203125 0.091738001953125 0.79972617578125 0.0009765625 0.682159125 0.0009765625 0.72635512109375 0.127747291015625 0.821917408203125 0.091738001953125
20 0.67578125 0.514671013671875 0.550194103515625 0.51975424609375 0.568124373046875 0.7781655078125 0.67578125 0.765998931640625 0.67578125 0.514671013671875
20 0.55306062890625 0.532993703125 0.38966201171875 0.570317552734375 0.457874541015625 0.687979359375 0.430042708984375 0.80520674609375 0.578025515625 0.78622853515625 0.55306062890625 0.532993703125
1 0.29717881944444446 0.7020616319444444 0.1601273148148148 0.2643229166666665
6 0.15566406249999998 0.7200737847222223 0.1953269675925926 0.27174479166666665
1 0 0.876642302734375 0.10740398046875 0.8523780703125 0.04622139453125 0.64562230859375 0.013284224609375 0.63406667578125 0 0.6341532421875 0 0.876642302734375
27 0.6996021412037037 0.7579210069444444 0.05923032407407414 0.08606770833333321
20 0.677734375 0.7646484375 0.02734375 0.08203125