21 0.17605613425925926 0.11244936342592593 0.05885416666666665 0.0692997685185186
30 0.1479673032407407 0.11845341435185186 0.05494791666666665 0.06901041666666674
13 0.12183159722222225 0.12431278935185186 0.05690104166666665 0.06915509259259256
8 0.08501157407407411 0.13194444444444442 0.05494791666666665 0.06901041666666674
0 0.057957175925925974 0.13885271990740744 0.05690104166666665 0.06915509259259256
1 0.03285590277777778 0.14561631944444442 0.055063657407407374 0.07096354166666674
20 1 0.187043796875 0.9303173671875 0.247672884765625 1 0.443019263671875 1 0.187043796875
0 0.913665431640625 0.498046875 0.853208169921875 0.350375794921875 0.778515623046875 0.413777 0.808413107421875 0.498046875 0.913665431640625 0.498046875
9 0.820815865234375 0.498046875 0.791084541015625 0.415128013671875 0.71632212890625 0.475331611328125 0.724288916015625 0.498046875 0.820815865234375 0.498046875
9 0.3217447916666667 0.5213035300925926 0.040451388888888884 0.02126736111111116
19 0.384765625 0.5087890625 0.0390625 0.013671875
7 0.3014105902777777 0.5257523148148148 0.03838252314814827 0.01916956018518512
3 0.2829716435185185 0.5290798611111112 0.040451388888888884 0.02126736111111116
24 0.3662109375 0.5107421875 0.037109375 0.017578125
21 0.33056560546875 0.5207773046875 0.3327862734375 0.525047408203125 0.367286634765625 0.52194386328125 0.360029650390625 0.504989515625 0.34600503125 0.505688615234375 0.35002255078125 0.517362078125 0.33056560546875 0.5207773046875
29 0.9189453125 0.8115234375 0.162109375 0.345703125
22 0.8125 0.837890625 0.21875 0.3203125
3 0.634765625 0.8564453125 0.20703125 0.283203125