26 0 0 0 0.10941570703125 0.02810364453125 0.11409487109375 0.05330298828125 0 0 0
14 0.051568435546875 0 0.026240021484375 0.11479498046875 0.084255103515625 0.124069734375 0.111507107421875 0 0.051568435546875 0
26 0.1094609296875 0 0.078797052734375 0.12374195703125 0.13754782421875 0.13557542578125 0.168017314453125 0.01094550390625 0.11366286328125 0 0.1094609296875 0
6 0.20893398828125 0.1541489765625 0.24969452734375 0.029334955078125 0.188970330078125 0.016704794921875 0.153752458984375 0.14102890234375 0.20893398828125 0.1541489765625
2 0.26743416796875 0.168289525390625 0.302240943359375 0.04261875 0.243267349609375 0.02950608984375 0.207567935546875 0.15538361328125 0.26743416796875 0.168289525390625
1 0.316106431640625 0.181951541015625 0.351083462890625 0.05231627734375 0.302833998046875 0.0439591953125 0.2662283828125 0.172002376953125 0.316106431640625 0.181951541015625
10 0.8140986689814815 0.16349826388888888 0.16681134259259256 0.24522569444444442
36 0.912839988425926 0.17888454861111114 0.16474247685185195 0.24325810185185182
6 0.9794921875 0.212890625 0.041015625 0.2421875
27 0.7197265625 0.14032841435185184 0.16727430555555545 0.2530381944444444
14 0.219270037109375 0.671531005859375 0.22447269140625 0.617333158203125 0.190233796875 0.616854068359375 0.184550345703125 0.670033013671875 0.219270037109375 0.671531005859375
28 0.24770517578125 0.672036125 0.251659439453125 0.618520099609375 0.21882676171875 0.61837808984375 0.214174251953125 0.671531005859375 0.24770517578125 0.672036125
26 0.27639875390625 0.67171518359375 0.28081359375 0.61921780859375 0.2463211171875 0.61895733984375 0.242091001953125 0.6717211796875 0.27639875390625 0.67171518359375
2 0.322151044921875 0.672818990234375 0.32528209375 0.620080794921875 0.293324548828125 0.619816494140625 0.285851908203125 0.67265875 0.322151044921875 0.672818990234375
8 0.34922760546875 0.673131453125 0.354555287109375 0.620341263671875 0.3197699296875 0.621659294921875 0.316183634765625 0.67408254296875 0.34922760546875 0.673131453125
16 0.38040898046875 0.674432955078125 0.38349323828125 0.620990806640625 0.35080501953125 0.620582015625 0.34384652734375 0.673520529296875 0.38040898046875 0.674432955078125
0 0.6474609375 0.6845703125 0.18359375 0.189453125
3 0.7587890625 0.69921875 0.21484375 0.21875
3 0.84988983203125 0.58984375 0.78373725 0.812307810546875 0.8926483359375 0.8411963671875 0.98626238671875 0.58984375 0.84988983203125 0.58984375