8 0.92578125 0.0576171875 0.1484375 0.115234375
5 0.84375 0.0498046875 0.173828125 0.099609375
5 0.75 0.041015625 0.177734375 0.08203125
30 0.43325544140625 1 0.4775390625 0.834966109375 0.4775390625 0.618020158203125 0.364341998046875 0.58289958203125 0.271938607421875 0.9655214140625 0.37904659765625 1 0.43325544140625 1
27 0.2897364921875 0.956611763671875 0.3720875390625 0.5667969609375 0.226398416015625 0.520809763671875 0.13710065234375 0.89584356640625 0.2897364921875 0.956611763671875
6 0 0.822048271484375 0.11486648828125 0.858707349609375 0.188123892578125 0.507663095703125 0.04432155859375 0.442530875 0 0.64284934765625 0 0.822048271484375
28 0.79609375 0.5639033564814815 0.12092013888888875 0.1758246527777778
16 0.7388237847222222 0.5531032986111111 0.12287326388888897 0.17592592592592604
30 0.6794704861111112 0.5451316550925926 0.12473958333333313 0.17407407407407405
4 0.594900173611111 0.5319372106481481 0.12482638888888875 0.17602719907407405
6 0.5326605902777778 0.5228370949074075 0.12881944444444438 0.1781828703703705
6 0.484375 0.513671875 0.087890625 0.17578125