3 0.1767578125 0.0380859375 0.134765625 0.076171875
1 0.107421875 0.044921875 0.12890625 0.08984375
8 0.0517578125 0.0517578125 0.103515625 0.103515625
23 0.857312138671875 0 0.88947291796875 0.181567572265625 1 0.144392794921875 1 0 0.857312138671875 0
31 0.73438639453125 0 0.784091884765625 0.2049466171875 0.894613435546875 0.166380271484375 0.864907318359375 0 0.73438639453125 0
37 0.592038951171875 0 0.6452419609375 0.249618505859375 0.788982552734375 0.203032310546875 0.748622462890625 0 0.592038951171875 0
8 0.415506626953125 0 0.468971298828125 0.3035440546875 0.620048298828125 0.27405947265625 0.557834236328125 0 0.415506626953125 0
8 0.283360734375 0 0.3535666015625 0.359084865234375 0.4719150234375 0.3022466640625 0.42029803515625 0 0.283360734375 0
9 0.232421875 0 0.232421875 0.4143105703125 0.23250552734375 0.41462567578125 0.369502857421875 0.38124890625 0.273188287109375 0 0.232421875 0
4 0.244140625 0.702810265625 0.244140625 0.646536044921875 0.218699462890625 0.550297009765625 0.158819392578125 0.560814978515625 0.188444357421875 0.717989228515625 0.244140625 0.702810265625
5 0.16291937890625 0.56045629296875 0.0883960390625 0.57521830859375 0.127697447265625 0.73011632421875 0.1918869453125 0.71546662890625 0.16291937890625 0.56045629296875
12 0.5855324074074074 0.7949580439814814 0.05719039351851851 0.08715277777777786
20 0.5575159143518519 0.8016565393518518 0.05914351851851851 0.08721064814814827
47 0.5274956597222222 0.8074363425925926 0.05924479166666674 0.08916377314814827
2 0.4925925925925926 0.8133608217592592 0.05914351851851851 0.08721064814814827
3 0.46745515046296293 0.8189959490740741 0.05473090277777781 0.07732928240740744
3 0.4443721064814815 0.8265263310185185 0.05493344907407405 0.08123553240740744