40 0.365234375 0.1533203125 0.130859375 0.201171875
8 0.266087962962963 0.14732349537037037 0.14714988425925934 0.20983796296296298
5 0.18245804398148147 0.14484230324074077 0.16317997685185182 0.21846064814814814
4 0.11085069444444445 0.13589409722222223 0.14900173611111112 0.20798611111111098
23 0.4456719375 0 0.488995806640625 0.102393951171875 0.610370041015625 0.06035680859375 0.5844434765625 0 0.4456719375 0
4 0.3857421875 0 0.3857421875 0.1493615859375 0.489980736328125 0.11927830078125 0.418367876953125 0 0.3857421875 0
12 0.171875 0.5673828125 0.185546875 0.220703125
50 0.0869140625 0.5615234375 0.173828125 0.208984375
52 0.0458984375 0.5546875 0.091796875 0.1953125
30 0.7900390625 0.5908203125 0.21484375 0.267578125
32 0.6669921875 0.5947265625 0.203125 0.275390625
26 0.5439453125 0.5888671875 0.2109375 0.263671875
4 0.4345703125 0.5869140625 0.09765625 0.259765625