45 0.25 0.0234375 0.0859375 0.046875
48 0.296875 0.0205078125 0.0859375 0.041015625
25 0.3447265625 0.017578125 0.076171875 0.03515625
3 0.4111328125 0.0146484375 0.080078125 0.029296875
5 0.4609375 0.0146484375 0.078125 0.029296875
9 0.5087890625 0.0146484375 0.080078125 0.029296875
27 0.653042212890625 0.337030232421875 0.64336996484375 0.2562069453125 0.586268240234375 0.257400556640625 0.594222705078125 0.338237169921875 0.653042212890625 0.337030232421875
20 0.689330671875 0.3376798125 0.679420732421875 0.257340181640625 0.621513658203125 0.258457345703125 0.62911755859375 0.33871812890625 0.689330671875 0.3376798125
32 0.721376234375 0.33903640234375 0.7197264375 0.258176546875 0.657628294921875 0.259169150390625 0.66673963671875 0.3395580625 0.721376234375 0.33903640234375
3 0.771394380859375 0.338187408203125 0.771283849609375 0.2596946015625 0.7063869375 0.260818298828125 0.710273681640625 0.339922859375 0.771394380859375 0.338187408203125
2 0.80732365625 0.340538037109375 0.803792875 0.26118186328125 0.742947123046875 0.2619161328125 0.743614109375 0.34160852734375 0.80732365625 0.340538037109375
6 0.77898828125 0.2589781640625 0.779943181640625 0.341043263671875 0.840898953125 0.3420138671875 0.84349859375 0.26203310546875 0.77898828125 0.2589781640625
30 0.481945431640625 0.81707930859375 0.516963349609375 0.811837619140625 0.4950206328125 0.765654794921875 0.45982400390625 0.769499740234375 0.481945431640625 0.81707930859375
29 0.53205519140625 0.8078199296875 0.514710556640625 0.760612185546875 0.47977084375 0.765483521484375 0.5043606171875 0.811934107421875 0.53205519140625 0.8078199296875
28 0.51710398828125 0.80675466015625 0.55128920703125 0.80524925390625 0.537294740234375 0.7719340546875 0.53194690625 0.7571966875 0.498068388671875 0.7609405546875 0.51710398828125 0.80675466015625
4 0.5625 0.79730628515625 0.5625 0.757541486328125 0.557874427734375 0.753439162109375 0.52571412109375 0.755040017578125 0.52948494140625 0.78999595703125 0.5625 0.79730628515625
25 0.805561693359375 0.85302354296875 0.785222345703125 0.72050064453125 0.7040957421875 0.724486548828125 0.728102564453125 0.8590945625 0.805561693359375 0.85302354296875
21 0.873169357421875 0.85275607421875 0.843615341796875 0.7171934765625 0.7685453671875 0.722192177734375 0.7904260546875 0.856137072265625 0.873169357421875 0.85275607421875
26 0.935763166015625 0.849795828125 0.9080675 0.7112950625 0.82925969140625 0.71830196875 0.85505364453125 0.855562291015625 0.935763166015625 0.849795828125
3 1 0.710614111328125 0.92884275 0.71222958984375 0.9440651484375 0.847242947265625 1 0.8461223125 1 0.710614111328125