11 0.29322838671875 0.3024330234375 0.3793849765625 0.288763591796875 0.3390756328125 0.096091849609375 0.250782875 0.104355626953125 0.29322838671875 0.3024330234375
14 0.377224384765625 0.284824796875 0.464098306640625 0.271072265625 0.43069438671875 0.077402365234375 0.337491330078125 0.089855490234375 0.377224384765625 0.284824796875
16 0.54684180859375 0.2580053828125 0.514248232421875 0.066369296875 0.425257150390625 0.080366990234375 0.462394015625 0.270647671875 0.54684180859375 0.2580053828125
44 0.896412037037037 0.17000868055555557 0.13603877314814827 0.2168113425925926
0 0.96484375 0.1572265625 0.0703125 0.208984375
40 0.7821903935185185 0.1955150462962963 0.13778935185185182 0.21300636574074072
46 0.60546875 0.21484375 0.125 0.224609375
23 0.692650462962963 0.2060329861111111 0.14280960648148144 0.23469328703703707
23 0.6973307291666667 0.20187355324074074 0.15031828703703698 0.22923900462962965
13 0.634765625 0.888671875 0.1796875 0.220703125
5 0.8017578125 0.8740234375 0.185546875 0.25
0 0.9208984375 0.8662109375 0.158203125 0.263671875