0 0.2216796875 0.3623046875 0.138671875 0.298828125
8 0.10613425925925923 0.353515625 0.12611400462962963 0.28515625
0 0.0283203125 0.3505859375 0.056640625 0.271484375
12 0.94154767578125 0.332590458984375 0.959617091796875 0.228115400390625 0.92084516796875 0.222903037109375 0.902216775390625 0.3260265625 0.94154767578125 0.332590458984375
18 0.907016787109375 0.32779524609375 0.923880697265625 0.2222618203125 0.889441236328125 0.214621228515625 0.87058169140625 0.3220452734375 0.907016787109375 0.32779524609375
21 0.874829470703125 0.322114375 0.891205625 0.21557442578125 0.86905885546875 0.206197513671875 0.82548741796875 0.314043166015625 0.874829470703125 0.322114375
8 0.822842220703125 0.311424568359375 0.835973015625 0.20339496875 0.7940843125 0.19802879296875 0.77750378125 0.3052255703125 0.822842220703125 0.311424568359375
1 0.78156778515625 0.3062839375 0.797348646484375 0.196727544921875 0.7598481171875 0.186937271484375 0.738864330078125 0.301869318359375 0.78156778515625 0.3062839375
5 0.743168255859375 0.300292240234375 0.760362146484375 0.183850166015625 0.7128997109375 0.172899068359375 0.698680599609375 0.2911443359375 0.743168255859375 0.300292240234375
18 0.138671875 0.8369140625 0.17578125 0.326171875
28 0.0517578125 0.8349609375 0.103515625 0.330078125
21 0.9638671875 0.650390625 0.072265625 0.2421875
37 0.892578125 0.63671875 0.171875 0.21484375
20 0.7490234375 0.63671875 0.185546875 0.21484375
0 0.568359375 0.634765625 0.18359375 0.2109375
1 0.42578125 0.630859375 0.17578125 0.203125
4 0.3330078125 0.6337890625 0.091796875 0.208984375