22 0 0.558666208984375 0.06932640234375 0.554462560546875 0.073979708984375 0.23808313671875 0 0.236086583984375 0 0.558666208984375
0 0.276059794921875 0.551354630859375 0.296686962890625 0.261549359375 0.1279019375 0.255671740234375 0.1202980234375 0.548338302734375 0.276059794921875 0.551354630859375
8 0.397248775390625 0.548669994140625 0.419913244140625 0.27141148828125 0.281553412109375 0.26723553125 0.2554934921875 0.547179439453125 0.397248775390625 0.548669994140625
0 0.500914052734375 0.547298587890625 0.544246685546875 0.28250308203125 0.4022410859375 0.27148575390625 0.3774830625 0.552800140625 0.500914052734375 0.547298587890625
5 0.599609375 0.27862186328125 0.528468357421875 0.27988915625 0.488670419921875 0.550097349609375 0.599609375 0.55522625390625 0.599609375 0.27862186328125
35 0.6286024305555555 0.3553819444444445 0.05907118055555549 0.07727141203703702
27 0.6647352430555555 0.3564525462962963 0.05912905092592591 0.07922453703703702
22 0.6998336226851852 0.35554108796296297 0.05711805555555549 0.07721354166666672
4 0.7486038773148148 0.3550347222222222 0.05912905092592591 0.07922453703703702
0 0.7837311921296296 0.35509982638888893 0.05912905092592591 0.07922453703703702
8 0.8198350694444445 0.35519386574074074 0.0591869212962961 0.08117766203703702