9 0.228515625 0.3125 0.20703125 0.255859375
2 0.2919921875 0.32421875 0.123046875 0.232421875
47 0.095703125 0.2998046875 0.19140625 0.279296875
21 1 0.234669146484375 0.922582654296875 0.23810641796875 0.903603580078125 0.4404296875 1 0.4404296875 1 0.234669146484375
38 0.9241272890625 0.4404296875 0.9241638359375 0.235381015625 0.76600040234375 0.2435441796875 0.7686345546875 0.4404296875 0.9241272890625 0.4404296875
6 0.743443369140625 0.4404296875 0.73518770703125 0.271267341796875 0.594458076171875 0.271584095703125 0.60612233984375 0.4404296875 0.743443369140625 0.4404296875
1 0.616596927734375 0.4404296875 0.61331620703125 0.2715813984375 0.49322181640625 0.273104900390625 0.4964729375 0.4404296875 0.616596927734375 0.4404296875
7 0.491125166015625 0.4404296875 0.49275646484375 0.29736595703125 0.33945031640625 0.29223331640625 0.363341513671875 0.4404296875 0.491125166015625 0.4404296875
17 0.439453125 0.5048828125 0.2265625 0.1328125
30 0.55078125 0.51171875 0.22265625 0.146484375
20 0.6591796875 0.5234375 0.224609375 0.169921875
1 0.8154296875 0.5380859375 0.224609375 0.19921875
5 0.9052734375 0.5439453125 0.189453125 0.212890625