6 0.5205078125 0.3466796875 0.056640625 0.224609375
7 0.443359375 0.3525390625 0.09765625 0.212890625
1 0.34375 0.3564453125 0.08984375 0.205078125
2 0.244140625 0.3623046875 0.10546875 0.193359375
41 0.8017578125 0.1499638310185185 0.0546875 0.15127314814814818
50 0.744140625 0.15588107638888893 0.052734375 0.13945312499999996
38 0.6884765625 0.15876736111111112 0.05859375 0.13975694444444442
1 0.61328125 0.16559606481481481 0.048828125 0.13143807870370372
3 0.568359375 0.171875 0.0390625 0.13671875
23 0 0.5830818203125 0.01171875 0.604108796875 0.36848958203125 0.491859568359375 0.3731515078125 0.458984375 0.021382451171875 0.458984375 0 0.4655161796875 0 0.5830818203125
31 0.44661458203125 0.578954474609375 0.39192708203125 0.490644291015625 0.01432291796875 0.588348765625 0.09244791796875 0.71711033984375 0.44661458203125 0.578954474609375
25 0.45703125 0.578414349609375 0.09505208203125 0.7195794765625 0.18359375 0.824363427734375 0.50130208203125 0.680285494140625 0.45703125 0.578414349609375
9 0.22265625 0.86921296484375 0.30078125 0.9901620390625 0.548828125 0.847884587890625 0.548828125 0.7449305546875 0.53515625 0.725405091796875 0.44401041796875 0.82908950390625 0.38151041796875 0.8036844140625 0.22265625 0.86921296484375
7 0.548828125 1 0.548828125 0.877564509765625 0.26432291796875 0.994656634765625 0.26819329296875 1 0.548828125 1
0 0.843777943359375 0.458984375 0.8444890625 0.643050162109375 0.934403125 0.637598888671875 0.92801230078125 0.458984375 0.843777943359375 0.458984375
4 0.839900078125 0.458984375 0.760771646484375 0.458984375 0.7600953125 0.579594884765625 0.773503125 0.6467309140625 0.8484328125 0.641267546875 0.839900078125 0.458984375
1 0.754899091796875 0.458984375 0.682832041015625 0.458984375 0.693053125 0.654846146484375 0.765615625 0.648716458984375 0.75141875 0.576101029296875 0.754899091796875 0.458984375