6 0.380859375 0.3525390625 0.107421875 0.24609375
7 0.31223958333333335 0.3876012731481482 0.1654947916666667 0.2460792824074074
1 0.2226779513888889 0.42345920138888893 0.1440538194444445 0.24691840277777777
2 0.1201171875 0.44140625 0.1796875 0.212890625
12 0.9873046875 0.0966796875 0.025390625 0.119140625
0 0.8791015625 0.1486328125 0.0825520833333333 0.11302083333333335
46 0.966796875 0.1123046875 0.06640625 0.115234375
52 0.9351779513888889 0.12719184027777775 0.08263888888888893 0.11692708333333335
2 0.8328559027777778 0.16663773148148148 0.07677951388888893 0.11662326388888888
3 0.7924696180555556 0.1843388310185185 0.08281249999999996 0.12473958333333335
28 0.2246310763888888 0.6063874421296296 0.04396701388888902 0.044690393518518556
15 0.18419023046875 0.59564235546875 0.19804399609375 0.6338107578125 0.222712177734375 0.629464767578125 0.211801546875 0.590502380859375 0.18419023046875 0.59564235546875
29 0.201171744140625 0.633862375 0.18921613671875 0.59594003515625 0.16065923828125 0.601653107421875 0.172822251953125 0.63915087890625 0.201171744140625 0.633862375
2 0.154685748046875 0.60520257421875 0.154849373046875 0.605164849609375 0.126465724609375 0.610074087890625 0.1364361171875 0.6499008359375 0.16663040234375 0.643568279296875 0.154685748046875 0.60520257421875
5 0.14232184375 0.650204267578125 0.132146353515625 0.611530767578125 0.104880515625 0.61691140234375 0.11664839453125 0.655477830078125 0.14232184375 0.650204267578125
13 0.122249994140625 0.657723556640625 0.11121262890625 0.616861158203125 0.08221208203125 0.623669765625 0.093144775390625 0.6621656953125 0.122249994140625 0.657723556640625