32 0.0693359375 0.1640625 0.138671875 0.328125
33 0.196016578125 0.3600624296875 0.2708068125 0.037273908203125 0.127808330078125 0.003488353515625 0.039367666015625 0.323675185546875 0.196016578125 0.3600624296875
20 0.296875 0.21875 0.23828125 0.37760416666666674
0 0.4697265625 0.26445312499999996 0.216796875 0.38203125000000004
8 0.5556640625 0.3017578125 0.150390625 0.3828125
52 0.9287109375 0.18912760416666669 0.123046875 0.18437500000000007
10 0.9677734375 0.208984375 0.064453125 0.171875
28 0.1513671875 0.634765625 0.095703125 0.037109375
0 0.212890625 0.6435546875 0.08984375 0.0546875
0 0.25390625 0.650390625 0.09375 0.068359375
6 0.298828125 0.6591796875 0.09375 0.0859375