46 0.0634765625 0.3671875 0.087890625 0.09765625
41 0.0322265625 0.359375 0.064453125 0.11328125
22 0.8916015625 0.341796875 0.216796875 0.1484375
3 0.708984375 0.3134765625 0.23828125 0.205078125
1 0.5751953125 0.294921875 0.216796875 0.2421875
3 0.4677734375 0.2744140625 0.162109375 0.283203125
28 0.302601021484375 0.615428029296875 0.234595400390625 0.59809285546875 0.2189811328125 0.696762662109375 0.280580044921875 0.715781482421875 0.302601021484375 0.615428029296875
22 0.254656224609375 0.597871435546875 0.190059216796875 0.570537306640625 0.175759701171875 0.66990666015625 0.238802908203125 0.69639686328125 0.254656224609375 0.597871435546875
30 0.1975981171875 0.665678689453125 0.207971251953125 0.569271125 0.14723950390625 0.545776158203125 0.133092267578125 0.63926518359375 0.1975981171875 0.665678689453125
6 0.142304955078125 0.6261076875 0.150989642578125 0.5355159609375 0.085240498046875 0.516485798828125 0.084812990234375 0.60840433984375 0.142304955078125 0.6261076875
6 0.057468443359375 0.534333755859375 0.0485353203125 0.558951021484375 0.0635785703125 0.59567598828125 0.10786126171875 0.604085505859375 0.10852787890625 0.551111693359375 0.10299325390625 0.513007298828125 0.04962362890625 0.4936195390625 0.057468443359375 0.534333755859375
2 0.0759343125 0.523705052734375 0.0673036953125 0.4930263046875 0.03691739453125 0.47486051953125 0.015921189453125 0.484664767578125 0.018538150390625 0.540410546875 0.01647208984375 0.569466005859375 0.07575484765625 0.585805166015625 0.0666990390625 0.549413951171875 0.0759343125 0.523705052734375
7 0.4347439453125 0.97656030078125 0.42818992578125 0.99609375 0.483681853515625 0.99609375 0.48938954296875 0.983483009765625 0.4347439453125 0.97656030078125
0 0.4002435859375 0.967053783203125 0.39010225390625 0.99609375 0.44699260546875 0.99609375 0.4547509453125 0.974351638671875 0.4002435859375 0.967053783203125