52 0.0185546875 0.1220703125 0.037109375 0.189453125
10 0.0556640625 0.0966796875 0.111328125 0.189453125
43 0.119140625 0.0849609375 0.134765625 0.169921875
0 0.2216796875 0.068359375 0.13671875 0.13671875
8 0.298828125 0.0576171875 0.123046875 0.115234375
8 0.361328125 0.0458984375 0.107421875 0.091796875
52 0.5369646990740741 0.16542968749999998 0.11944444444444446 0.1763020833333333
10 0.6059606481481481 0.15013020833333335 0.11300636574074074 0.16614583333333321
25 0.6758174189814814 0.13671875 0.1215133101851853 0.17838541666666674
6 0.7733072916666667 0.11660156249999998 0.11714409722222219 0.1703125000000001
1 0.8406394675925926 0.09654947916666667 0.11737557870370363 0.17421874999999998
1 0.9033203125 0.0908203125 0.12109375 0.181640625
35 0.162510853515625 0.93419305859375 0.277694890625 0.901387423828125 0.239475302734375 0.668147107421875 0.12263796875 0.68994051171875 0.162510853515625 0.93419305859375
20 0.260114740234375 0.903207607421875 0.371250826171875 0.870119205078125 0.3404427578125 0.64505611328125 0.226916431640625 0.67300387109375 0.260114740234375 0.903207607421875
1 0.4150390625 0.625300984375 0.366547830078125 0.636968599609375 0.40630292578125 0.85616162109375 0.4150390625 0.85454271484375 0.4150390625 0.625300984375
27 0.05301284375 0.97395760546875 0.176052724609375 0.937593595703125 0.129116232421875 0.69653889453125 0.003317375 0.72500995703125 0.05301284375 0.97395760546875
41 0.447265625 0.8232421875 0.091796875 0.162109375
50 0.4995008680555556 0.8116536458333333 0.10036168981481475 0.14973958333333326
38 0.5548249421296296 0.7972656250000001 0.10426793981481475 0.1499999999999999
1 0.6296802662037037 0.7815755208333334 0.09403935185185186 0.1415364583333334
3 0.6866681134259259 0.7719401041666667 0.11012731481481475 0.150390625
7 0.7481409143518518 0.7522786458333334 0.10036168981481497 0.14973958333333326