50 0.12421875000000004 0.18862847222222223 0.12239583333333326 0.19939236111111114
52 0.19720052083333334 0.2156032986111111 0.13124999999999998 0.21519097222222228
39 0.2813802083333333 0.23502604166666663 0.1361979166666667 0.2016493055555555
9 0.317092072265625 0.359077947265625 0.410221837890625 0.388357654296875 0.465565080078125 0.21416984375 0.358894521484375 0.17478151171875 0.317092072265625 0.359077947265625
4 0.4658203125 0.213179771484375 0.45199630078125 0.21026970703125 0.40558677734375 0.3932338125 0.4658203125 0.410903646484375 0.4658203125 0.213179771484375
29 0.6886067708333333 0.10171440972222223 0.11263020833333326 0.169921875
28 0.7548828125 0.11586371527777778 0.1147135416666667 0.1719184027777778
13 0.8219401041666666 0.12710503472222223 0.11679687499999991 0.1739149305555555
0 0.9158203125 0.14576822916666665 0.1147135416666667 0.1719184027777778
0 0.9609375 0.1552734375 0.078125 0.169921875
44 0.189453125 0.970703125 0.109375 0.05859375
44 0.2529296875 0.978515625 0.111328125 0.04296875
40 0.0498046875 0.95703125 0.099609375 0.0859375
46 0.021484375 0.9482421875 0.04296875 0.103515625
48 0.10546875 0.9599609375 0.1328125 0.080078125
10 0.5244140625 0.8369140625 0.14453125 0.3125
2 0.6513671875 0.8505859375 0.224609375 0.298828125
7 0.78515625 0.86328125 0.21484375 0.2734375
0 0.912109375 0.8798828125 0.17578125 0.240234375