10 0.8308834609375 0 0.783864560546875 0.13147206640625 0.84559301171875 0.12762221484375 0.885867552734375 0 0.8308834609375 0
11 0.76441405859375 0 0.744712150390625 0.05878544140625 0.72143976953125 0.1313303125 0.783036900390625 0.13465411328125 0.831741591796875 0 0.76441405859375 0
30 0.69899021484375 0 0.690088259765625 0.00079973046875 0.6540689375 0.147693607421875 0.721753201171875 0.14391423046875 0.765543400390625 0 0.69899021484375 0
0 0.62642582421875 0.154290970703125 0.663926166015625 0.009704349609375 0.593854369140625 0.01337894140625 0.550886517578125 0.167594775390625 0.62642582421875 0.154290970703125
0 0.556647470703125 0.167343216796875 0.59256257421875 0.015638412109375 0.520303599609375 0.01646308203125 0.48055444921875 0.1777388984375 0.556647470703125 0.167343216796875
4 0.5112864609375 0.03542248828125 0.439751568359375 0.029233759765625 0.428172755859375 0.068711859375 0.406634716796875 0.187917654296875 0.48579214453125 0.176944671875 0.5112864609375 0.03542248828125
43 0.03946035879629628 0.70703125 0.07592592592592595 0.115234375
31 0.08799913194444442 0.7265625 0.08382523148148158 0.12109375
42 0.013671875 0.6904296875 0.02734375 0.111328125
16 1 0.419921875 0.910227978515625 0.419921875 0.840460912109375 0.7786457890625 0.9518193984375 0.764128708984375 1 0.545229091796875 1 0.419921875
9 0.7866513671875 0.79182253125 0.86067048828125 0.4486396796875 0.71494966796875 0.4532930234375 0.697096064453125 0.82795019921875 0.7866513671875 0.79182253125
9 0.67668847265625 0.8377057578125 0.727123447265625 0.463374228515625 0.569531390625 0.4943079375 0.552470052734375 0.86127285546875 0.67668847265625 0.8377057578125
4 0.3779296875 0.857550310546875 0.3779296875 0.912268708984375 0.52777688671875 0.891010177734375 0.5556813671875 0.49982113671875 0.43918592578125 0.505693896484375 0.3779296875 0.857550310546875