10 0.390625 0.27734375 0.095703125 0.189453125
24 0.3335503472222222 0.27890625 0.12660590277777772 0.1850260416666667
0 0.22921006944444444 0.28294270833333335 0.12866030092592595 0.18710937500000002
8 0.15406539351851856 0.2869791666666667 0.12465277777777772 0.18489583333333337
8 0.07789351851851856 0.29205729166666666 0.12866030092592595 0.18710937500000002
15 0.974609375 0.216796875 0.05078125 0.06640625
10 0.9529224537037038 0.22096354166666665 0.07766203703703711 0.0669270833333333
33 0.9167896412037037 0.22337239583333335 0.07756076388888888 0.0649739583333333
0 0.8679108796296297 0.2276041666666666 0.07756076388888888 0.0649739583333333
9 0.8327039930555555 0.2309244791666667 0.07951388888888888 0.06510416666666652
2 0.7965205439814815 0.2343098958333334 0.07951388888888888 0.06510416666666652
25 0.9658203125 0.69140625 0.068359375 0.3671875
20 0.9013671875 0.6953125 0.197265625 0.33984375
0 0.7280960648148148 0.7114583333333333 0.20737847222222228 0.3539062500000001
4 0.595652488425926 0.7319661458333333 0.19657118055555545 0.3707031249999999
2 0.484375 0.74609375 0.166015625 0.365234375