17 0.257421875 0.18093171296296295 0.11236979166666661 0.10441261574074079
23 0.21399739583333333 0.18713107638888893 0.11419270833333339 0.10248842592592577
20 0.17552083333333335 0.1924262152777778 0.10833333333333339 0.10240162037037037
2 0.11627604166666666 0.20132378472222223 0.11263020833333337 0.10831886574074079
9 0.0757161458333333 0.2085431134259259 0.11236979166666661 0.10441261574074079
1 0.044921875 0.2119140625 0.08984375 0.103515625
12 0.7460286458333334 0.2544343171296296 0.126953125 0.11828703703703702
21 0.7005859375000001 0.26158130787037037 0.12291666666666679 0.11627604166666661
12 0.6462890625 0.2695746527777778 0.13072916666666679 0.11639178240740744
6 0.59375 0.2822265625 0.095703125 0.115234375
21 0.5908203125 0.62119095703125 0.5908203125 0.600722140625 0.562829087890625 0.37890625 0.49016963671875 0.37890625 0.511019267578125 0.564598267578125 0.408418482421875 0.578306833984375 0.414022048828125 0.642262341796875 0.5908203125 0.62119095703125
22 0.24065430078125 0.37890625 0.289167953125 0.66013305078125 0.45460515625 0.6395513046875 0.419177681640625 0.37890625 0.24065430078125 0.37890625
10 0.27250040625 0.37890625 0.169706279296875 0.37890625 0.127346896484375 0.3829052578125 0.14130188671875 0.676718126953125 0.315433498046875 0.66034003125 0.27250040625 0.37890625
6 0 0.69899743359375 0.121052994140625 0.683798013671875 0.070247189453125 0.399465892578125 0 0.405918224609375 0 0.69899743359375
39 0.953125 0.6259765625 0.09375 0.294921875
21 0.900390625 0.6494140625 0.19921875 0.279296875
20 0.8122395833333333 0.672677951388889 0.2255208333333334 0.2797453703703705
2 0.6669270833333334 0.6969184027777777 0.2046874999999999 0.2599247685185184
1 0.6005859375 0.71875 0.109375 0.26171875