32 0.066565564453125 0.510076265625 0.06983140625 0.43016955078125 0.02184330078125 0.43026975390625 0.023375138671875 0.511051935546875 0.066565564453125 0.510076265625
13 0.098818783203125 0.509235203125 0.100584443359375 0.430918416015625 0.054418388671875 0.430379251953125 0.051437787109375 0.509089923828125 0.098818783203125 0.509235203125
19 0.128729806640625 0.509771662109375 0.13101883203125 0.4310297890625 0.0839908046875 0.431269474609375 0.08327698828125 0.508847625 0.128729806640625 0.509771662109375
4 0.14828559027777777 0.47265625 0.05473090277777781 0.080078125
9 0.1767578125 0.4755859375 0.05277777777777781 0.080078125
5 0.20708188657407411 0.4765625 0.05473090277777781 0.080078125
32 0.0283203125 0.75390625 0.056640625 0.29296875
26 0.10159143518518521 0.76171875 0.16867766203703694 0.28125
4 0.2616825810185185 0.779296875 0.15655381944444446 0.2734375
4 0.34375 0.7861328125 0.087890625 0.271484375
29 0.412109375 0.884765625 0.0859375 0.23046875
33 0.4853515625 0.8857421875 0.146484375 0.228515625
10 0.5888671875 0.8916015625 0.142578125 0.216796875
2 0.7275390625 0.8974609375 0.146484375 0.205078125
3 0.8359375 0.8994140625 0.1484375 0.201171875
7 0.931640625 0.9072265625 0.13671875 0.185546875