49 0.0634765625 0.2537977430555556 0.059186921296296324 0.08564814814814814
37 0.09369936342592589 0.2583912037037037 0.05917245370370372 0.08369502314814814
42 0.12391493055555558 0.26396122685185186 0.06112557870370372 0.08383969907407396
4 0.16289062499999996 0.27278645833333326 0.057204861111111116 0.08159722222222232
9 0.19018373842592595 0.27759693287037035 0.05917245370370372 0.08369502314814814
5 0.21846788194444444 0.2803819444444444 0.05721932870370372 0.08355034722222232
19 0.79539676953125 0.067496626953125 0.799602609375 0.042981271484375 0.7708428125 0.04210716015625 0.76792341015625 0.064722904296875 0.79539676953125 0.067496626953125
24 0.813661310546875 0.070644251953125 0.818052275390625 0.04665942578125 0.79232758203125 0.044222291015625 0.78534725 0.06796476953125 0.813661310546875 0.070644251953125
21 0.83537389453125 0.073715310546875 0.835467921875 0.068046326171875 0.82084748828125 0.064805302734375 0.82393576953125 0.04852181640625 0.81076715234375 0.046880884765625 0.8050775546875 0.070504767578125 0.83537389453125 0.073715310546875
9 0.83788715234375 0.0634518984375 0.830256435546875 0.07333678515625 0.85786816796875 0.07671951171875 0.86340849609375 0.053110265625 0.836663583984375 0.051076623046875 0.833923064453125 0.059623486328125 0.83788715234375 0.0634518984375
7 0.87612458984375 0.07972775390625 0.881579267578125 0.0549090625 0.8554176015625 0.05269152734375 0.848995771484375 0.076524162109375 0.87612458984375 0.07972775390625
3 0.866905548828125 0.078493251953125 0.89467236328125 0.081806896484375 0.896867373046875 0.076893677734375 0.899684802734375 0.05856044140625 0.87424101953125 0.055394982421875 0.866905548828125 0.078493251953125
0 0.01953125 0.54296875 0.0390625 0.171875
0 0.05078125 0.55078125 0.1015625 0.1796875
7 0.11253616898148144 0.5608000578703703 0.11650752314814827 0.181640625
10 0.787109375 0.5068359375 0.216796875 0.09765625
20 0.8935546875 0.5224609375 0.212890625 0.130859375