52 0.4373914930555556 0.16665943287037038 0.11417824074074079 0.16731770833333337
10 0.36938657407407405 0.16083622685185184 0.10781250000000009 0.15746527777777786
25 0.2993272569444445 0.15699508101851856 0.11623263888888902 0.16929976851851847
6 0.2021267361111111 0.1496527777777778 0.1137731481481481 0.15950520833333337
1 0.13637876157407403 0.13794126157407405 0.11212384259259256 0.16533564814814805
1 0.07187500000000002 0.1398726851851852 0.1147858796296296 0.17903645833333337
6 0.92578125 0.21484375 0.1484375 0.4296875
8 0.8310546875 0.2294921875 0.23046875 0.45703125
2 0.70703125 0.2353515625 0.232421875 0.46875
41 0.3393115703125 0.7404370546875 0.237508736328125 0.75864295703125 0.290208703125 0.968886875 0.377996892578125 0.94147425 0.3393115703125 0.7404370546875
47 0.256658037109375 0.76603659375 0.15322632421875 0.78532204296875 0.2123239296875 0.979546232421875 0.294400552734375 0.95791440625 0.256658037109375 0.76603659375
27 0.162910279296875 0.79178930859375 0.062953439453125 0.8099794296875 0.117554220703125 0.9990234375 0.14277278125 0.9990234375 0.22427312109375 0.97739162109375 0.162910279296875 0.79178930859375
1 0 0.97440910546875 0.008923138671875 0.9990234375 0.09459059375 0.9990234375 0.051876900390625 0.8151741875 0 0.82601078515625 0 0.97440910546875
35 0.8837890625 0.6357421875 0.109375 0.05078125
10 0.818359375 0.6328125 0.103515625 0.044921875
25 0.75390625 0.6279296875 0.115234375 0.03515625