36 0.319102962890625 0.180924091796875 0.285160390625 0.17991185546875 0.2727424375 0.265677234375 0.310624373046875 0.26833689453125 0.319102962890625 0.180924091796875
12 0.28649970703125 0.176510103515625 0.250045802734375 0.17333082421875 0.234640380859375 0.255290833984375 0.2743041328125 0.259577052734375 0.28649970703125 0.176510103515625
31 0.254458876953125 0.173767771484375 0.214419677734375 0.17002275 0.209124162109375 0.25368580859375 0.237978349609375 0.254623033203125 0.254458876953125 0.173767771484375
2 0.21095045703125 0.1649011484375 0.1741392578125 0.16225291796875 0.16183723046875 0.24635763671875 0.201205912109375 0.247452337890625 0.21095045703125 0.1649011484375
4 0.177275173828125 0.161557666015625 0.1455839609375 0.15687016015625 0.13300588671875 0.2399470078125 0.16533995703125 0.2435829921875 0.177275173828125 0.161557666015625
6 0.143057271484375 0.158248333984375 0.11474680859375 0.1536188828125 0.102606111328125 0.238250310546875 0.139569064453125 0.23716891796875 0.143057271484375 0.158248333984375
34 0.9658203125 0.0625 0.068359375 0.125
10 0.90234375 0.064453125 0.07421875 0.126953125
7 0.8193359375 0.0595703125 0.076171875 0.1171875
0 0.7548828125 0.05859375 0.080078125 0.115234375
2 0.69140625 0.05859375 0.078125 0.115234375
24 0.421875 0.8642578125 0.0625 0.23046875
16 0.3372468171296297 0.861328125 0.15739293981481461 0.234375
24 0.12834924768518519 0.8642578125 0.167042824074074 0.23046875
29 0.0341796875 0.861328125 0.068359375 0.25
36 0.8374131944444444 0.6787109375 0.035170717592592604 0.064453125
31 0.8667100694444445 0.6787109375 0.039192708333333215 0.068359375
3 0.8023726851851851 0.6826171875 0.04321469907407405 0.072265625
2 0.7750868055555555 0.6845703125 0.04120370370370363 0.0703125
5 0.749754050925926 0.6865234375 0.03925057870370363 0.0703125
7 0.7205150462962964 0.6884765625 0.0352285879629628 0.06640625
1 0.4800202546296296 0.5478515625 0.046889467592592604 0.064453125
9 0.458984375 0.5498046875 0.02734375 0.0703125