39 0.7099609375 0.3984375 0.18359375 0.095703125
42 0.8330078125 0.39453125 0.1875 0.103515625
44 0.94140625 0.380859375 0.1171875 0.12890625
49 0.5947265625 0.40234375 0.19921875 0.087890625
3 0.041015625 0.83984375 0.08203125 0.203125
4 0.09313512731481488 0.8340639467592592 0.13543113425925934 0.2084490740740741
4 0.17947048611111116 0.8191478587962963 0.14335937500000018 0.21086516203703698
27 0.4437644675925926 0.9595847800925926 0.04872685185185188 0.026200810185185164
19 0.45536747685185186 0.9569372106481482 0.04861111111111116 0.024247685185185164
29 0.46708622685185186 0.9562427662037037 0.04872685185185177 0.026200810185185164
9 0.48265335648148144 0.9543402777777777 0.04872685185185177 0.026200810185185164
9 0.49442997685185186 0.9546223958333333 0.048842592592592604 0.028153935185185164
5 0.5060908564814814 0.9529513888888889 0.04872685185185177 0.026200810185185164