2 0.4248046875 0.097028951171875 0.4053726171875 0.09598848046875 0.397131361328125 0.17893625 0.4248046875 0.18100519921875 0.4248046875 0.097028951171875
4 0.40935875390625 0.09502946484375 0.373343021484375 0.092820927734375 0.36918841015625 0.176828046875 0.403307419921875 0.178557076171875 0.40935875390625 0.09502946484375
6 0.376496060546875 0.092263251953125 0.3437382578125 0.089653373046875 0.337621439453125 0.173180984375 0.374938822265625 0.175289189453125 0.376496060546875 0.092263251953125
11 0.9368778935185185 0.27216435185185184 0.12071759259259274 0.2446469907407407
12 0.8452112268518519 0.28639322916666665 0.12453703703703711 0.23901909722222225
20 0.7505859375 0.2988425925925926 0.12269965277777772 0.24671585648148153
1 0.6218532986111112 0.31820023148148147 0.11689814814814814 0.25027488425925926
8 0.5292679398148148 0.3363932291666667 0.12459490740740731 0.24292534722222214
7 0.455078125 0.3505859375 0.080078125 0.236328125
0 0.1943359375 0.6953125 0.1328125 0.07421875
44 0.291015625 0.685546875 0.126953125 0.0546875
10 1 0.786663994140625 0.998749111328125 0.780414328125 0.915789501953125 0.78588809375 0.932850337890625 1 1 1 1 0.786663994140625
31 0.94069703125 1 0.921988017578125 0.79155442578125 0.82782268359375 0.80688279296875 0.86696813671875 1 0.94069703125 1
0 0.830725751953125 1 0.80090857421875 0.81930133203125 0.714916431640625 0.831542052734375 0.736546439453125 1 0.830725751953125 1
6 0.746376978515625 1 0.7211620703125 0.82903953125 0.71827278125 0.82808064453125 0.636991685546875 0.83694148828125 0.659240943359375 1 0.746376978515625 1
9 0.66836372265625 1 0.643307119140625 0.845846189453125 0.56385252734375 0.85441190234375 0.5819440546875 1 0.66836372265625 1