20 0.3168041087962963 0.057400173611111105 0.03689236111111116 0.04748263888888893
48 0.33525028935185186 0.054882812500000044 0.03689236111111116 0.04748263888888893
21 0.35366030092592593 0.05138888888888893 0.03891782407407407 0.04947916666666674
7 0.3778211805555556 0.04509548611111114 0.03486689814814814 0.045486111111111116
5 0.39529079861111116 0.042556423611111116 0.03689236111111116 0.04748263888888893
5 0.4146773726851851 0.039084201388888906 0.03689236111111116 0.04748263888888893
39 0 0.79368086328125 0.004345328125 0.812170365234375 0.120104619140625 0.818613630859375 0.071178982421875 0.478515625 0 0.478515625 0 0.79368086328125
0 0.118682205078125 0.478515625 0.187814923828125 0.833034818359375 0.321607142578125 0.8341759453125 0.257300517578125 0.478515625 0.118682205078125 0.478515625
9 0.246731392578125 0.478515625 0.309096224609375 0.82639578125 0.446136017578125 0.82520787109375 0.387675552734375 0.478515625 0.246731392578125 0.478515625
5 0.536899693359375 0.478515625 0.380322685546875 0.478515625 0.438907458984375 0.83100574609375 0.54296875 0.835390669921875 0.54296875 0.507212365234375 0.536899693359375 0.478515625
22 0.5478515625 0.693359375 0.025390625 0.0859375
4 0.5780164930555556 0.6850043402777778 0.06184895833333326 0.08901909722222223
0 0.6129195601851851 0.6789496527777777 0.06184895833333348 0.08901909722222223
8 0.6478226273148149 0.6728949652777778 0.06192129629629628 0.09097222222222223