11 0.0390625 0.46875 0.078125 0.12890625
20 0.07421875 0.4638671875 0.14453125 0.140625
9 0.16015625 0.4599609375 0.140625 0.1484375
2 0.2236328125 0.455078125 0.142578125 0.158203125
7 0.28515625 0.4462890625 0.140625 0.17578125
10 0 0.796370078125 0.03024590234375 0.895475951171875 0.156683951171875 0.878024431640625 0.068918453125 0.635409119140625 0 0.64571800390625 0 0.796370078125
9 0.2851955703125 0.8513936328125 0.22237487109375 0.606189783203125 0.096582728515625 0.627507935546875 0.16626833984375 0.873127634765625 0.2851955703125 0.8513936328125
8 0.289185474537037 0.7193287037037037 0.19327256944444438 0.2705150462962962
8 0.38602430555555556 0.7035734953703704 0.18935185185185177 0.26833043981481475
12 0.7472311015625 0.9841289609375 0.700207443359375 0.762721775390625 0.581014919921875 0.780674818359375 0.639590884765625 0.995002158203125 0.7472311015625 0.9841289609375
10 0.841614619140625 0.9632646640625 0.765568953125 0.75156065625 0.671606830078125 0.76546798046875 0.7165440390625 0.983121123046875 0.841614619140625 0.9632646640625
31 0.906887658203125 0.947091759765625 0.85998384375 0.737138177734375 0.741009337890625 0.752367828125 0.813865423828125 0.964795099609375 0.906887658203125 0.947091759765625
0 1 0.822057076171875 0.968930474609375 0.72045908203125 0.85744899609375 0.73544600390625 0.919425037109375 0.939971265625 1 0.92848766015625 1 0.822057076171875
6 1 0.715495923828125 0.942280220703125 0.722436080078125 0.939713134765625 0.722679619140625 1 0.856495251953125 1 0.715495923828125