20 0.0126953125 0.31640625 0.025390625 0.046875
30 0.029853877314814814 0.31712239583333335 0.03392650462962954 0.05039062499999991
21 0.04746093750000002 0.3179036458333333 0.03197337962962954 0.050260416666666696
7 0.07286603009259252 0.31718749999999996 0.03194444444444455 0.048307291666666696
5 0.09144965277777772 0.3179036458333333 0.03389756944444455 0.04843749999999991
5 0.11001880787037033 0.31764322916666665 0.03392650462962976 0.05039062499999991
29 0.0966796875 0.96875 0.03515625 0.0625
24 0.1142578125 0.96875 0.03515625 0.0625
14 0.130859375 0.9697265625 0.037109375 0.060546875
1 0.1552734375 0.9716796875 0.03515625 0.056640625
1 0.1708984375 0.970703125 0.03515625 0.05859375
1 0.1865234375 0.970703125 0.03515625 0.05859375
29 0.530657857421875 1 0.544297609375 0.997130921875 0.550824537109375 0.833155830078125 0.5146484375 0.838751662109375 0.5146484375 1 0.530657857421875 1
35 0.58025875 1 0.645277046875 0.98813007421875 0.65615012890625 0.814357669921875 0.550222166015625 0.829214306640625 0.546954263671875 1 0.58025875 1
34 0.64001798828125 0.981124951171875 0.7005250546875 0.9718073125 0.742573927734375 0.800544966796875 0.63931084765625 0.81408619921875 0.64001798828125 0.981124951171875
6 0.827627056640625 0.935223517578125 0.852400205078125 0.779066458984375 0.7603034453125 0.794410177734375 0.7450098046875 0.9494706328125 0.827627056640625 0.935223517578125
3 0.81702966015625 0.937959787109375 0.894005390625 0.924972158203125 0.93740771484375 0.76519940234375 0.851470232421875 0.775014783203125 0.81702966015625 0.937959787109375
9 1 0.756763853515625 0.926543568359375 0.76930380859375 0.882229376953125 0.92333255078125 0.9525150703125 0.914395033203125 1 0.7820882734375 1 0.756763853515625