29 0.5274305555555555 0.31916232638888886 0.061111111111111116 0.06284722222222228
29 0.5049262152777778 0.3178530092592593 0.06289062500000009 0.05896990740740726
16 0.482421875 0.31654369212962963 0.06297743055555549 0.060923032407407485
4 0.4532118055555555 0.31806278935185184 0.06102430555555549 0.060894097222222276
9 0.4316840277777778 0.3167679398148149 0.06297743055555549 0.06092303240740726
0 0.4091796875 0.3154586226851852 0.0629774305555556 0.06092303240740726
1 0.880859375 0.0751953125 0.140625 0.150390625
1 0.9462890625 0.0673828125 0.107421875 0.134765625
31 0.755859375 0.4052734375 0.625600109375 0.4052734375 0.653284388671875 0.55942380859375 0.755859375 0.55511998046875 0.755859375 0.4052734375
17 0.49742815625 0.4052734375 0.5020694375 0.574558998046875 0.67047789453125 0.56687419140625 0.6481092578125 0.4052734375 0.49742815625 0.4052734375
0 0.346939998046875 0.4052734375 0.3716875390625 0.590567470703125 0.514328671875 0.5811851328125 0.491977771484375 0.4052734375 0.346939998046875 0.4052734375
4 0.230846021484375 0.4052734375 0.25334797265625 0.589956013671875 0.39187487109375 0.579351412109375 0.36604934375 0.4052734375 0.230846021484375 0.4052734375
9 0.104173708984375 0.4052734375 0.1381204296875 0.596437802734375 0.27636569140625 0.588690751953125 0.254448173828125 0.4052734375 0.104173708984375 0.4052734375