46 0.11313657407407407 0.3544921875 0.10461516203703702 0.15234375
36 0.17413917824074077 0.36328125 0.0951967592592593 0.158203125
20 0.23789785879629627 0.375 0.09359085648148147 0.1640625
9 0.32262731481481477 0.37890625 0.10128761574074074 0.162109375
2 0.39327980324074074 0.3896484375 0.1019820601851853 0.173828125
7 0.4267578125 0.38671875 0.0546875 0.166015625
22 0.5087890625 0.2470703125 0.12890625 0.24609375
0 0.6251085069444444 0.248046875 0.1469328703703705 0.240234375
6 0.7262080439814815 0.255859375 0.134866898148148 0.234375
5 0.8069155092592593 0.26171875 0.13705150462962967 0.23828125
12 0.0263671875 0.5947265625 0.052734375 0.232421875
20 0.08439670138888888 0.6025390625 0.1293547453703704 0.240234375
1 0.21278211805555552 0.611328125 0.12372685185185184 0.244140625
8 0.30491898148148144 0.6220703125 0.13107638888888884 0.236328125
7 0.39453125 0.62890625 0.119140625 0.228515625
33 0.45363330078125 1 0.51891341015625 0.703439953125 0.4443359375 0.7090871171875 0.4443359375 1 0.45363330078125 1
2 0.641153591796875 1 0.690024044921875 0.70779212109375 0.5638762578125 0.709950734375 0.505078158203125 1 0.641153591796875 1
8 0.757386888671875 1 0.802745794921875 0.713822822265625 0.6887817890625 0.709139630859375 0.639041646484375 1 0.757386888671875 1
2 0.885220166015625 1 0.93223323046875 0.7229370859375 0.801078626953125 0.7151388828125 0.754868037109375 1 0.885220166015625 1