2 0.091796875 0.1181640625 0.18359375 0.236328125
6 0.2197265625 0.1064453125 0.205078125 0.212890625
6 0.3623046875 0.095703125 0.208984375 0.19140625
21 0.850853587962963 0.21712239583333331 0.23210358796296293 0.12582465277777777
22 0.8671875 0.29296875 0.23828125 0.09375
18 0.03515625 0.4755859375 0.0703125 0.142578125
9 0.10258246527777781 0.4751519097222222 0.09377893518518521 0.13446180555555554
5 0.1601996527777778 0.47387152777777775 0.09590567129629646 0.14036458333333335
9 0.265589482421875 0.52538653125 0.2430060625 0.409469396484375 0.17337452734375 0.41479508984375 0.20167237109375 0.546443525390625 0.265589482421875 0.52538653125
29 0.7006221064814815 0.8156684027777779 0.07728587962962963 0.10481770833333348
21 0.7424985532407408 0.8108289930555556 0.07343750000000004 0.10668402777777786
10 0.7852936921296296 0.8040147569444445 0.07550636574074066 0.11063368055555545
0 0.842650462962963 0.7939453125 0.07740162037037024 0.10872395833333326
5 0.8834346064814814 0.7852213541666666 0.07343750000000004 0.10668402777777786
0 0.9272352430555555 0.7793619791666666 0.07527488425925943 0.10282118055555545