11 0.678353607421875 0.3759765625 0.667003583984375 0.19475896484375 0.532125830078125 0.19466130859375 0.55460426953125 0.3759765625 0.678353607421875 0.3759765625
25 0.78976775390625 0.3759765625 0.78868320703125 0.190622359375 0.64582439453125 0.19530369921875 0.651697185546875 0.3759765625 0.78976775390625 0.3759765625
22 0.9171473828125 0.3759765625 0.907036462890625 0.189154587890625 0.748961583984375 0.199280369140625 0.754993478515625 0.3759765625 0.9171473828125 0.3759765625
5 1 0.196330857421875 0.916367873046875 0.196692287109375 0.92642383984375 0.3759765625 1 0.3759765625 1 0.196330857421875
28 0 0.806026173828125 0.00004716015625 0.80682373046875 0.08061493359375 0.799319732421875 0.076533359375 0.69632541796875 0 0.7052978984375 0 0.806026173828125
22 0.04766433984375 0.798326734375 0.12719141796875 0.78442357421875 0.124740560546875 0.683169318359375 0.041164142578125 0.696005109375 0.04766433984375 0.798326734375
30 0.08852719140625 0.77996730859375 0.161373478515625 0.7693111875 0.170259892578125 0.671518634765625 0.088766041015625 0.683519314453125 0.08852719140625 0.77996730859375
6 0.217359591796875 0.7513259140625 0.228448005859375 0.65892656640625 0.1566322265625 0.66643643359375 0.147235306640625 0.761402671875 0.217359591796875 0.7513259140625
6 0.18579431640625 0.746108267578125 0.24949701953125 0.7409253515625 0.26791684375 0.64668026171875 0.198989716796875 0.65769972265625 0.18579431640625 0.746108267578125
2 0.2214501875 0.738325619140625 0.286253615234375 0.731880912109375 0.30113504296875 0.642102162109375 0.240192798828125 0.646764404296875 0.2214501875 0.738325619140625
12 0.458984375 0.6044921875 0.158203125 0.26171875
50 0.5346498842592593 0.6047526041666667 0.17549189814814814 0.26008391203703707
52 0.6272063078703703 0.5970124421296297 0.19169560185185186 0.26870659722222223
0 0.7496383101851851 0.5955656828703704 0.17462384259259256 0.24836516203703707
0 0.8419415509259259 0.5976417824074074 0.18525752314814814 0.26059027777777777
0 0.9287109375 0.5908203125 0.142578125 0.255859375