0 0.10056395703125 0.322656048828125 0.21241878125 0.309688283203125 0.149646623046875 0.028032375 0.026904298828125 0.03643103515625 0.10056395703125 0.322656048828125
1 0.21911287109375 0.314257390625 0.319267666015625 0.311757369140625 0.268535337890625 0.015120275390625 0.16682213671875 0.020621302734375 0.21911287109375 0.314257390625
2 0.328782599609375 0.326873740234375 0.45321691796875 0.319987515625 0.407442654296875 0.017356353515625 0.27366466015625 0.019681427734375 0.328782599609375 0.326873740234375
42 0.5012026328125 0.31273548828125 0.5810546875 0.3152702578125 0.5810546875 0.091173712890625 0.5694863203125 0.012189318359375 0.433174423828125 0.017515400390625 0.436311646484375 0.01903578515625 0.5012026328125 0.31273548828125
12 0.5751953125 0 0.5751953125 0.08886041796875 0.584635849609375 0.14019103125 0.6575839375 0.143154341796875 0.640140080078125 0 0.5751953125 0
23 0.689453125 0.06640625 0.134765625 0.1328125
10 0.7861328125 0.06640625 0.11328125 0.1328125
7 0.9169921875 0.05859375 0.109375 0.1171875
21 0.5810546875 0.655068904296875 0.5810546875 0.64787278515625 0.55447344140625 0.6009218125 0.387034806640625 0.692052712890625 0.40692273046875 0.73673824609375 0.5810546875 0.655068904296875
43 0.529548169921875 0.5567708046875 0.5295493984375 0.557335162109375 0.355314142578125 0.640529283203125 0.38391429296875 0.692031830078125 0.556974470703125 0.603188185546875 0.529548169921875 0.5567708046875
21 0.332663681640625 0.60711296875 0.35019317578125 0.643321232421875 0.53091671875 0.560159923828125 0.49764707421875 0.508069154296875 0.332663681640625 0.60711296875
4 0.292438505859375 0.53804976171875 0.31522640234375 0.576542294921875 0.4856134140625 0.49219858203125 0.46107411328125 0.451439673828125 0.292438505859375 0.53804976171875
0 0.35528862109375 0.44921875 0.27024639453125 0.494592078125 0.290512283203125 0.53483232421875 0.46514209375 0.44921875 0.35528862109375 0.44921875
3 0.2447973515625 0.44921875 0.242551861328125 0.450295716796875 0.265857828125 0.493057775390625 0.36288309765625 0.44921875 0.2447973515625 0.44921875
44 0.6142578125 0.63671875 0.078125 0.1953125
44 0.7444299768518519 0.6352575231481481 0.0912905092592593 0.19958043981481488
44 0.6788917824074074 0.6342664930555555 0.09338831018518512 0.2035445601851853