2 0.29351359375 0.548828125 0.17226367578125 0.286575212890625 0.0148961328125 0.325807025390625 0.111171296875 0.548828125 0.29351359375 0.548828125
6 0.28182263671875 0.548828125 0.380859375 0.548828125 0.380859375 0.403386693359375 0.32119658203125 0.268363244140625 0.1723095703125 0.287798376953125 0.28182263671875 0.548828125
23 0.357421875 0.454893638671875 0.437296849609375 0.46150165625 0.37885428125 0.02363788671875 0.357421875 0.021702380859375 0.357421875 0.454893638671875
31 0.424776552734375 0.474255435546875 0.5333449375 0.484671185546875 0.5164758515625 0.0327953203125 0.36255290234375 0.019134572265625 0.424776552734375 0.474255435546875
37 0.51630816796875 0.47316182421875 0.683112466796875 0.4909408515625 0.675775287109375 0.053063173828125 0.49141620703125 0.031358388671875 0.51630816796875 0.47316182421875
8 0.720670125 0.50175554296875 0.86427664453125 0.518008330078125 0.833051935546875 0.056355765625 0.6736995 0.0545894140625 0.720670125 0.50175554296875
8 1 0.44025436328125 0.973960671875 0.065409986328125 0.818410857421875 0.0632586015625 0.85558605078125 0.5132092890625 1 0.53170739453125 1 0.44025436328125
9 1 0.091967888671875 0.931326294921875 0.088339404296875 0.98693334765625 0.53569805078125 1 0.536990482421875 1 0.091967888671875
20 0.072265625 0.833984375 0.14453125 0.33203125
9 0.2158203125 0.8115234375 0.232421875 0.376953125
9 0.314453125 0.8046875 0.1328125 0.34765625
24 0.8248553240740741 0.6047887731481482 0.06464120370370363 0.07429108796296302
30 0.8511357060185185 0.6032262731481481 0.06475694444444446 0.07819733796296302
15 0.880345775462963 0.6018156828703705 0.06671006944444446 0.07829861111111125
5 0.9192057291666667 0.5970052083333333 0.06469907407407405 0.0762442129629628
3 0.9474971064814814 0.5974971064814815 0.06464120370370363 0.07429108796296302
7 0.970703125 0.59375 0.05859375 0.07421875