12 0.2607421875 0.4716796875 0.244140625 0.287109375
29 0.1396484375 0.4775390625 0.248046875 0.275390625
30 0.0673828125 0.4853515625 0.134765625 0.259765625
29 0.8818359375 0.0908203125 0.197265625 0.181640625
35 0.775390625 0.1005859375 0.1953125 0.201171875
24 0.669921875 0.1142578125 0.19921875 0.228515625
5 0.5247395833333333 0.13776041666666666 0.1929687499999999 0.23255208333333333
8 0.4501953125 0.158203125 0.138671875 0.23828125
29 0.9306640625 0.435546875 0.138671875 0.23828125
35 0.8562717013888889 0.4576171874999999 0.19314236111111116 0.23645833333333321
24 0.7554470486111111 0.47832031249999996 0.1910156249999999 0.232421875
5 0.6083984375 0.5029296875 0.193359375 0.224609375
8 0.5087890625 0.513671875 0.193359375 0.203125
8 0.4404296875 0.5234375 0.119140625 0.18359375