31 0.353515625 0.0153240703125 0.2619842109375 0.0409252578125 0.322816716796875 0.2294714375 0.353515625 0.223066884765625 0.353515625 0.0153240703125
0 0.19421373046875 0.2490234375 0.253826291015625 0.2490234375 0.285760751953125 0.24040899609375 0.23998117578125 0.05185623828125 0.152685017578125 0.07625358203125 0.19421373046875 0.2490234375
6 0.114354462890625 0.2490234375 0.20201353515625 0.2490234375 0.15861684765625 0.07798463671875 0.157312427734375 0.0783288984375 0.073884080078125 0.0965503203125 0.114354462890625 0.2490234375
9 0.121476568359375 0.2490234375 0.079615978515625 0.103816642578125 0.00374834765625 0.124527689453125 0.03594305078125 0.2490234375 0.121476568359375 0.2490234375
11 0.890625 0.0595703125 0.18359375 0.1171875
21 0.7861328125 0.0732421875 0.177734375 0.14453125
5 0.642578125 0.0869140625 0.16796875 0.171875
0 0.5380859375 0.099609375 0.169921875 0.197265625
9 0.439453125 0.1123046875 0.171875 0.22265625
13 0.349204572265625 0.62156277734375 0.351854419921875 0.594444533203125 0.330822966796875 0.59559290234375 0.326908392578125 0.6190570390625 0.349204572265625 0.62156277734375
30 0.345703125 0.87041372265625 0.358939419921875 0.87106883203125 0.36004473046875 0.82453014453125 0.345703125 0.824522642578125 0.345703125 0.87041372265625