36 0.40234375 0.1640625 0.109375 0.1484375
20 0.33203125 0.1494140625 0.1640625 0.177734375
2 0.1953125 0.1328125 0.1796875 0.2109375
4 0.095703125 0.126953125 0.15625 0.22265625
0 0.04296875 0.119140625 0.0859375 0.23828125
13 0.84374256640625 0 0.835020494140625 0.01378797265625 0.855962501953125 0.0158118359375 0.867870501953125 0 0.84374256640625 0
16 0.831361966796875 0 0.821995552734375 0.014811884765625 0.846081830078125 0.01487928125 0.855327130859375 0 0.831361966796875 0
25 0.8178378203125 0 0.809681701171875 0.01378937109375 0.832640048828125 0.015812599609375 0.842728216796875 0 0.8178378203125 0
0 0.7977641484375 0 0.787717791015625 0.014637603515625 0.810994962890625 0.016038876953125 0.822728041015625 0 0.7977641484375 0
7 0.783836982421875 0 0.775905263671875 0.015676294921875 0.79960634765625 0.01591043359375 0.80946665625 0 0.783836982421875 0
3 0.76690948046875 0 0.758166962890625 0.01421757421875 0.789828845703125 0.016312068359375 0.796412384765625 0 0.76690948046875 0
28 0.43572048611111114 0.4857204861111111 0.03462094907407409 0.027473958333333326
15 0.42307581018518514 0.48464988425925926 0.03266782407407409 0.027459490740740722
29 0.4115089699074075 0.4816333912037037 0.03256655092592586 0.025506365740740722
2 0.3902271412037037 0.4775679976851852 0.03451967592592586 0.025520833333333326
5 0.37670717592592595 0.47453703703703703 0.03256655092592586 0.025506365740740722
13 0.3640625 0.47346643518518516 0.03462094907407409 0.027473958333333326
27 0.90238408203125 0.8719214140625 0.922922259765625 0.7939252109375 0.879357921875 0.789068357421875 0.857505173828125 0.866940384765625 0.90238408203125 0.8719214140625
20 0.86781165625 0.868552388671875 0.88794496484375 0.7911132421875 0.843480552734375 0.786238708984375 0.821554607421875 0.863603498046875 0.86781165625 0.868552388671875
32 0.8307254140625 0.865354810546875 0.8521565546875 0.787864099609375 0.80560048046875 0.783011486328125 0.789699638671875 0.861426765625 0.8307254140625 0.865354810546875
3 0.786521625 0.860694544921875 0.80374356640625 0.784154515625 0.75462712890625 0.778940583984375 0.740385302734375 0.85512669921875 0.786521625 0.860694544921875
2 0.75254670703125 0.858567353515625 0.767460185546875 0.781247083984375 0.721573173828125 0.77669601953125 0.70455449609375 0.853509240234375 0.75254670703125 0.858567353515625
6 0.68263678515625 0.77328179296875 0.670084203125 0.85114903515625 0.71661626953125 0.854057166015625 0.73225066015625 0.77438951953125 0.68263678515625 0.77328179296875