10 0.4990234375 0.5542317708333333 0.0703125 0.048697916666666785
33 0.517578125 0.5515625 0.072265625 0.048828125
22 0.5361328125 0.5488932291666666 0.072265625 0.048828125
6 0.560546875 0.5436848958333333 0.0703125 0.048697916666666785
6 0.599609375 0.5384765625 0.072265625 0.048828125
5 0.580078125 0.5410807291666666 0.072265625 0.048828125
10 0.673828125 0.455078125 0.11328125 0.166015625
2 0.740234375 0.441796875 0.134765625 0.16627604166666665
4 0.7978515625 0.43098958333333326 0.125 0.1597656249999999
4 0.8583984375 0.4272135416666667 0.1328125 0.16223958333333321
22 0.1767578125 0.7470703125 0.208984375 0.1953125
22 0.2841796875 0.736328125 0.197265625 0.173828125
22 0.3896484375 0.7294921875 0.197265625 0.16015625
1 0.529296875 0.71875 0.1796875 0.138671875
6 0.59765625 0.7099609375 0.125 0.12109375