42 0.4912109375 0.22265625 0.140625 0.3203125
10 0.38795572916666665 0.21421440972222217 0.17934027777777772 0.34600694444444446
1 0.1840277777777778 0.20904947916666666 0.1890190972222222 0.34448784722222225
1 0.0693359375 0.1982421875 0.138671875 0.349609375
23 0.98414437890625 0.307410341796875 0.9607351875 0.001953125 0.787600123046875 0.001953125 0.80592964453125 0.321534412109375 0.98414437890625 0.307410341796875
31 0.828403169921875 0.3343338515625 0.818109134765625 0.001953125 0.672308255859375 0.001953125 0.71811096875 0.342191609375 0.828403169921875 0.3343338515625
37 0.5653079453125 0.344500515625 0.731032662109375 0.3307335625 0.6950094453125 0.001953125 0.5361328125 0.001953125 0.5361328125 0.14987732421875 0.5653079453125 0.344500515625
46 0.5615234375 0.79829232421875 0.5615234375 0.6879587578125 0.54044983984375 0.681527560546875 0.474090248046875 0.7946421328125 0.550549279296875 0.815934087890625 0.5615234375 0.79829232421875
5 0.532928068359375 0.67209635546875 0.47302087109375 0.64734741015625 0.40550890625 0.7597322734375 0.46735903125 0.788910638671875 0.532928068359375 0.67209635546875
5 0.430641568359375 0.619779986328125 0.35280936328125 0.74213230859375 0.413975712890625 0.762791748046875 0.480611716796875 0.645215603515625 0.4807515390625 0.642690982421875 0.430641568359375 0.619779986328125
6 0.4327446015625 0.618113189453125 0.386257423828125 0.5973997265625 0.311461728515625 0.705422453125 0.359145380859375 0.724569484375 0.4327446015625 0.618113189453125
20 0.817072064453125 0.48046875 0.779343705078125 0.555572001953125 0.898920302734375 0.55449559375 0.906437158203125 0.48046875 0.817072064453125 0.48046875
16 0.698620796875 0.48046875 0.69389965234375 0.553610330078125 0.8077089453125 0.55979754296875 0.81283167578125 0.48046875 0.698620796875 0.48046875
33 0.630235845703125 0.48046875 0.6053288671875 0.549995810546875 0.721694650390625 0.5584403125 0.724322423828125 0.48046875 0.630235845703125 0.48046875