19 0.0654296875 0.171875 0.130859375 0.34375
10 0.1446180555555555 0.20481047453703705 0.21014178240740744 0.3603298611111112
1 0.34212239583333337 0.24874131944444444 0.19641203703703702 0.3560185185185185
1 0.453125 0.255859375 0.173828125 0.361328125
45 0.5400390625 0.0595703125 0.083984375 0.119140625
48 0.5859375 0.0703125 0.1640625 0.140625
25 0.666015625 0.078125 0.16015625 0.15625
4 0.7969545717592592 0.09848813657407407 0.14518229166666652 0.1924623842592592
3 0.8826027199074074 0.1154730902777778 0.16095196759259256 0.2026909722222222
2 0.9482421875 0.138671875 0.103515625 0.203125
11 0.10761817578125 0.5727959140625 0.106917375 0.554775283203125 0.068131908203125 0.54974662890625 0.04694080859375 0.602911091796875 0.068344943359375 0.61006266796875 0.089639853515625 0.60761769140625 0.106266419921875 0.590877017578125 0.10761817578125 0.5727959140625
20 0.062288130859375 0.611663330078125 0.106641447265625 0.6185485859375 0.1047658984375 0.586767765625 0.127116359375 0.5601531640625 0.0794147890625 0.554582171875 0.062288130859375 0.611663330078125
13 0.127946009765625 0.6231581953125 0.14354790625 0.567574771484375 0.09447793359375 0.55955608984375 0.0790443203125 0.61871232421875 0.127946009765625 0.6231581953125
2 0.15752376953125 0.6235985859375 0.13988141796875 0.61738351171875 0.165610212890625 0.59615196875 0.165115603515625 0.576118744140625 0.12125448828125 0.569131748046875 0.11681365234375 0.590182826171875 0.121779287109375 0.596853482421875 0.102784064453125 0.618300072265625 0.10881418359375 0.6280570859375 0.1555169140625 0.63357094921875 0.15752376953125 0.6235985859375
0 0.164357236328125 0.64050598046875 0.1729014296875 0.6300945234375 0.185662126953125 0.5841418125 0.16872691015625 0.57842241796875 0.134933904296875 0.575974759765625 0.1210064921875 0.631356841796875 0.164357236328125 0.64050598046875
6 0.17616599609375 0.646873376953125 0.18544031640625 0.642336453125 0.19074551171875 0.632500017578125 0.195182732421875 0.615176814453125 0.186365509765625 0.609767369140625 0.2025751796875 0.59312205078125 0.20137223828125 0.587474556640625 0.182894890625 0.5837063046875 0.143995541015625 0.615271669921875 0.139512654296875 0.63563498828125 0.14933873828125 0.64329996875 0.17616599609375 0.646873376953125
32 0.6755592734375 0.4228515625 0.65884708203125 0.645046681640625 0.79682124609375 0.639572470703125 0.832225978515625 0.4228515625 0.6755592734375 0.4228515625
27 0.80271757421875 0.4228515625 0.76625289453125 0.64449897265625 0.9082290625 0.639408865234375 0.93831930078125 0.4228515625 0.80271757421875 0.4228515625
13 1 0.4228515625 0.90597855859375 0.4228515625 0.877186681640625 0.640041072265625 1 0.64068101953125 1 0.4228515625