9 0.0439453125 0.1484375 0.087890625 0.296875
9 0.1416015625 0.146484375 0.1640625 0.29296875
2 0.2705078125 0.142578125 0.1484375 0.28515625
25 0.3349609375 0.454853205078125 0.427537908203125 0.449388640625 0.4012489296875 0.18018130859375 0.3349609375 0.179825794921875 0.3349609375 0.454853205078125
15 0.52035030078125 0.44816114453125 0.534141248046875 0.168850244140625 0.400719595703125 0.177399296875 0.4320170390625 0.4607984609375 0.52035030078125 0.44816114453125
10 0.682948294921875 0.44641047265625 0.620875814453125 0.15596694140625 0.5664961875 0.165154658203125 0.540432025390625 0.456509451171875 0.682948294921875 0.44641047265625
2 0.845713166015625 0.438109640625 0.839822271484375 0.1579866953125 0.7053281953125 0.157451169921875 0.712783052734375 0.445356361328125 0.845713166015625 0.438109640625
7 0.955169599609375 0.4403340625 0.974361419921875 0.15176284375 0.838231828125 0.155171125 0.848538970703125 0.44430840234375 0.955169599609375 0.4403340625
0 1 0.149930662109375 0.973161244140625 0.147713625 0.955975796875 0.443996802734375 1 0.441801283203125 1 0.149930662109375
45 0.12344473379629628 0.864453125 0.09772858796296302 0.16380208333333335
39 0.19263599537037035 0.8574652777777778 0.09186921296296302 0.1635416666666667
51 0.26396122685185186 0.8552734375 0.0883969907407407 0.17508680555555545
21 0.3830273203125 0.5390625 0.38985044921875 0.61228307421875 0.4907210703125 0.612384083984375 0.482671587890625 0.5390625 0.3830273203125 0.5390625
17 0.47570661328125 0.5390625 0.4803900390625 0.61112330078125 0.58338458984375 0.611172255859375 0.58183290625 0.5390625 0.47570661328125 0.5390625
5 0.66015625 0.5810546875 0.115234375 0.083984375
6 0.7568359375 0.58203125 0.12109375 0.0859375
0 0.8038267421875 0.5390625 0.802571654296875 0.61787184765625 0.905443345703125 0.620494423828125 0.912153322265625 0.5390625 0.8038267421875 0.5390625