21 0.0517578125 0.1630859375 0.103515625 0.322265625
37 0.1279296875 0.1533203125 0.193359375 0.3046875
20 0.271484375 0.158203125 0.20703125 0.314453125
0 0.4248046875 0.162109375 0.150390625 0.322265625
36 0.8072493359375 0.4990234375 0.7862995625 0.445152158203125 0.7424163359375 0.445289126953125 0.759974080078125 0.4990234375 0.8072493359375 0.4990234375
12 0.845303515625 0.4990234375 0.819916265625 0.439674943359375 0.77439255078125 0.44187996875 0.795877537109375 0.4990234375 0.845303515625 0.4990234375
31 0.873078939453125 0.4990234375 0.85608625 0.437443693359375 0.806010234375 0.44014818359375 0.83270258984375 0.4990234375 0.873078939453125 0.4990234375
2 0.919222751953125 0.4990234375 0.893913515625 0.4309643046875 0.84830242578125 0.432649955078125 0.870656162109375 0.4990234375 0.919222751953125 0.4990234375
4 0.94850684765625 0.4990234375 0.920591822265625 0.426481544921875 0.8814796015625 0.4303550625 0.907397697265625 0.4990234375 0.94850684765625 0.4990234375
6 0.9788746484375 0.4990234375 0.950320298828125 0.424203951171875 0.915196771484375 0.428125728515625 0.93336773046875 0.4990234375 0.9788746484375 0.4990234375
22 0.3041377314814815 0.8677083333333333 0.06563946759259265 0.0864583333333333
2 0.3469907407407407 0.8686197916666667 0.06759259259259254 0.08658854166666652
9 0.38105468750000004 0.8689453125 0.06552372685185182 0.0845052083333333
9 0.4160951967592592 0.8693359375 0.06529224537037037 0.0805989583333333
3 0.45130931712962963 0.87265625 0.06552372685185182 0.0845052083333333
27 0.521484375 0.669921875 0.08984375 0.240234375
10 0.5922887731481481 0.6744791666666666 0.14877025462962967 0.2417968749999999
11 0.6855758101851852 0.6729166666666666 0.15290798611111112 0.24596354166666679
6 0.8290147569444444 0.6805338541666667 0.158304398148148 0.23854166666666665
1 0.9208116319444444 0.6866536458333333 0.1278645833333334 0.25013020833333344
7 0.9736328125 0.6748046875 0.052734375 0.236328125