14 0.3828125 0.095703125 0.11328125 0.189453125
27 0.3251953125 0.0869140625 0.142578125 0.171875
6 0.2197265625 0.0751953125 0.146484375 0.1484375
8 0.146484375 0.068359375 0.140625 0.134765625
1 0.0751953125 0.060546875 0.138671875 0.119140625
44 0.52734375 0.091796875 0.15625 0.181640625
10 0.7779513888888889 0.16681134259259256 0.15747974537037024 0.21987847222222223
20 0.7051866319444444 0.13838252314814814 0.15745081018518525 0.21792534722222223
44 0.6025390625 0.1064453125 0.150390625 0.2109375
44 0.474609375 0.0791015625 0.109375 0.15625
41 0.8536603009259259 0.19411168981481486 0.13614004629629628 0.2285300925925926
29 0.9677734375 0.796875 0.064453125 0.34375
30 0.9052734375 0.7646484375 0.189453125 0.349609375
2 0.7575810185185186 0.7354021990740741 0.2236689814814814 0.3404079861111111
2 0.6380570023148149 0.7015914351851852 0.22570891203703702 0.34636863425925934
4 0.5234375 0.673828125 0.20703125 0.326171875