51 0.0576171875 0.4609375 0.115234375 0.33203125
6 0.1786747685185185 0.4453776041666667 0.19567418981481488 0.33923611111111107
5 0.3004195601851851 0.4331814236111111 0.19842303240740744 0.3081597222222223
8 0.41626880787037035 0.42170138888888886 0.18294270833333326 0.31137152777777777
10 0.28178601953125 1 0.275618123046875 0.984439580078125 0.216798236328125 0.99388685546875 0.218896302734375 1 0.28178601953125 1
14 0.32541481640625 1 0.31510517578125 0.975614818359375 0.255419701171875 0.985621322265625 0.26183565625 1 0.32541481640625 1
17 0.369820673828125 1 0.359268828125 0.970115556640625 0.297037009765625 0.977280150390625 0.30538571875 1 0.369820673828125 1
0 0.43678011328125 1 0.4154213671875 0.96047010546875 0.361802400390625 0.96747034375 0.37357617578125 1 0.43678011328125 1
1 0.4734424921875 1 0.446138828125 0.9537554375 0.4011967890625 0.961221748046875 0.419165234375 1 0.4734424921875 1
17 0.484026798828125 1 0.516522515625 0.993013654296875 0.48955863671875 0.948780392578125 0.434873841796875 0.957163443359375 0.4571614921875 1 0.484026798828125 1
5 0.6884765625 0.953125 0.205078125 0.09375
0 0.7958984375 0.947265625 0.208984375 0.10546875