29 0.025390625 0.3896484375 0.05078125 0.349609375
14 0.1040075231481481 0.3843315972222222 0.19175347222222228 0.353443287037037
5 0.27734375 0.384765625 0.162109375 0.365234375
10 0.480979080078125 0.540399537109375 0.4836126953125 0.16648446484375 0.362121474609375 0.160955134765625 0.346092498046875 0.529320107421875 0.480979080078125 0.540399537109375
4 0.647851943359375 0.537828900390625 0.65715097265625 0.168075884765625 0.535130865234375 0.16685741796875 0.51628616015625 0.515248099609375 0.647851943359375 0.537828900390625
6 0.78917849609375 0.537104830078125 0.788940474609375 0.1574991015625 0.65152951171875 0.172255146484375 0.642279421875 0.536233623046875 0.78917849609375 0.537104830078125
7 0.874211345703125 0.541411388671875 0.922474037109375 0.183955693359375 0.77891609375 0.187329833984375 0.780083591796875 0.532655494140625 0.874211345703125 0.541411388671875
9 0.3271484375 0.94140625 0.060546875 0.1171875
10 0.22265625 0.9404296875 0.078125 0.119140625
5 0.287109375 0.9404296875 0.0859375 0.119140625
22 0.13671875 0.9384765625 0.07421875 0.123046875
40 0.1796875 0.9384765625 0.07421875 0.123046875