13 0.0751953125 0.349609375 0.150390625 0.3359375
20 0.1670572916666666 0.3849826388888889 0.2235677083333334 0.33715277777777775
0 0.3554904513888888 0.43624131944444444 0.22925347222222214 0.3335069444444445
1 0.4794921875 0.4765625 0.2265625 0.3515625
4 0.548828125 0.49609375 0.087890625 0.32421875
27 0.6885850694444444 0.406640625 0.08511284722222223 0.11657986111111107
19 0.733984375 0.4193793402777777 0.08315972222222223 0.11649305555555545
31 0.746850544921875 0.476029990234375 0.7805100546875 0.487520365234375 0.81486666796875 0.39085098828125 0.762795548828125 0.37549528125 0.746850544921875 0.476029990234375
2 0.8405381944444444 0.44848090277777775 0.08546006944444451 0.12439236111111107
4 0.887890625 0.46130642361111107 0.08528645833333348 0.12048611111111107
7 0.933420138888889 0.4769748263888889 0.08333333333333348 0.12039930555555545
10 0.4501953125 0.93359375 0.1015625 0.1328125
10 0.3828993055555555 0.9213324652777778 0.10399305555555549 0.14665798611111103
44 0.5712890625 0.953125 0.04296875 0.09375
44 0.537109375 0.9443359375 0.103515625 0.111328125
37 0.3134982638888889 0.8948567708333334 0.12005208333333339 0.15711805555555558