1 0.3131293402777777 0.16755642361111112 0.11592881944444455 0.1851562499999999
8 0.23695746527777772 0.16586371527777777 0.12348090277777768 0.17947048611111116
27 0.061393229166666674 0.16684027777777777 0.12187499999999996 0.18723958333333335
6 0.16673177083333335 0.16625434027777775 0.12560763888888893 0.18342013888888897
38 0.021484375 0.162109375 0.04296875 0.1875
9 0.517578125 0.4921875 0.072265625 0.0859375
5 0.5498046875 0.4931640625 0.08203125 0.083984375
41 0.06419270833333335 0.8765407986111111 0.06571180555555556 0.06501736111111112
36 0.0935329861111111 0.8781684027777777 0.06766493055555556 0.06506076388888893
22 0.12495659722222224 0.8827690972222222 0.07157118055555556 0.06514756944444455
3 0.16414930555555557 0.8865668402777778 0.07352430555555556 0.06519097222222214
4 0.19455295138888884 0.8901692708333333 0.06775173611111107 0.06701388888888893
8 0.22398003472222228 0.89375 0.07139756944444464 0.06124131944444455
51 0.50938359375 0.54296875 0.547902958984375 0.81563758203125 0.69983329296875 0.79976092578125 0.67838801171875 0.54296875 0.50938359375 0.54296875
40 0.64224014453125 0.54296875 0.66098362890625 0.797589822265625 0.844758576171875 0.793361126953125 0.82631850390625 0.54296875 0.64224014453125 0.54296875
3 1 0.54296875 0.83132221875 0.54296875 0.852515533203125 0.79511690625 1 0.79037093359375 1 0.54296875