0 0.361328125 0.1455078125 0.1640625 0.291015625
4 0.2548828125 0.1435546875 0.208984375 0.287109375
2 0.1259765625 0.134765625 0.212890625 0.26953125
27 0.9587890625 0.2792679398148148 0.024913194444444287 0.033434606481481444
19 0.9469401041666666 0.27651186342592593 0.024826388888888884 0.031481481481481444
29 0.9352213541666667 0.27668547453703707 0.024913194444444287 0.033434606481481444
9 0.9195095486111111 0.2749638310185185 0.02491319444444451 0.033434606481481444
9 0.9077907986111111 0.27513744212962965 0.02686631944444451 0.03346354166666665
5 0.8959852430555556 0.2733579282407408 0.024826388888888884 0.031481481481481666
23 0.20661892361111112 0.6828776041666667 0.06427951388888897 0.08476562499999996
23 0.1723524305555556 0.6814308449074074 0.05638020833333335 0.08269675925925934
39 0.1387152777777778 0.6721571180555556 0.05442708333333335 0.08266782407407391
5 0.09366319444444438 0.6698929398148148 0.058246527777777946 0.08077256944444455
6 0.06015625000000002 0.663548900462963 0.050434027777777724 0.08065682870370372
8 0.028689236111111127 0.6591290509259259 0.054340277777777835 0.08071469907407414
34 0.979059041015625 0.59607020703125 0.989024576171875 0.507739056640625 0.94761759375 0.506960232421875 0.943532509765625 0.593887751953125 0.979059041015625 0.59607020703125
17 0.947456583984375 0.594907494140625 0.95333391015625 0.507321873046875 0.912083578125 0.506726064453125 0.905356439453125 0.592470892578125 0.947456583984375 0.594907494140625
24 0.910687412109375 0.593137494140625 0.917159650390625 0.50591715625 0.876139802734375 0.505956416015625 0.871442953125 0.59166121484375 0.910687412109375 0.593137494140625
0 0.864942001953125 0.590848560546875 0.868017857421875 0.50521919921875 0.826170826171875 0.5057888984375 0.823824466796875 0.589473146484375 0.864942001953125 0.590848560546875
1 0.8331543671875 0.503717236328125 0.796908515625 0.50360644921875 0.79401307421875 0.5906859453125 0.828620779296875 0.590897544921875 0.8331543671875 0.503717236328125
0 0.798992806640625 0.588027740234375 0.800765029296875 0.502837111328125 0.758571515625 0.504230888671875 0.757372923828125 0.587187701171875 0.798992806640625 0.588027740234375