33 0.537109375 0.3583984375 0.19921875 0.173828125
34 0.4208984375 0.365234375 0.201171875 0.16015625
6 0.24609375 0.373046875 0.203125 0.14453125
5 0.12890625 0.375 0.20703125 0.140625
8 0.0556640625 0.3798828125 0.111328125 0.130859375
15 0.5546875 0.607421875 0.1640625 0.30859375
24 0.4462890625 0.6142578125 0.244140625 0.322265625
6 0.240234375 0.6279296875 0.25 0.349609375
4 0.1083984375 0.638671875 0.216796875 0.37109375
0 0.037109375 0.64453125 0.07421875 0.3828125
1 1 0.9169108671875 0.960546265625 0.722495498046875 0.860858310546875 0.723067583984375 0.894996892578125 0.947231666015625 1 0.9407811640625 1 0.9169108671875
1 0.914582259765625 0.946569888671875 0.868661203125 0.7201291875 0.771461703125 0.734432572265625 0.811785587890625 0.95149011328125 0.914582259765625 0.946569888671875
5 0.832016607421875 0.956222619140625 0.7912776796875 0.73113080078125 0.6748291796875 0.735702244140625 0.722808171875 0.95062080078125 0.832016607421875 0.956222619140625