23 0.0458984375 0.2548828125 0.091796875 0.236328125
5 0.059835078125 0.37523684765625 0.161869697265625 0.38527417578125 0.23823946484375 0.179636923828125 0.128866685546875 0.167092435546875 0.059835078125 0.37523684765625
9 0.254177970703125 0.4056554765625 0.332274392578125 0.1952557734375 0.233770974609375 0.18366787109375 0.147006779296875 0.39117219140625 0.254177970703125 0.4056554765625
7 0.246985498046875 0.411167322265625 0.325625421875 0.438774833984375 0.433732876953125 0.21517663671875 0.32721371875 0.1910432890625 0.246985498046875 0.411167322265625
19 0.525390625 0.0380859375 0.107421875 0.072265625
8 0.6171875 0.0478515625 0.107421875 0.091796875
7 0.701713390625 0.103956046875 0.7475812890625 0.001953125 0.66881127734375 0.001953125 0.638968333984375 0.094677857421875 0.701713390625 0.103956046875
0 0.7624218046875 0.11945298046875 0.819491587890625 0.015413998046875 0.774574341796875 0.001953125 0.742098361328125 0.001953125 0.692519419921875 0.104626171875 0.7624218046875 0.11945298046875
10 0.044921875 0.4970703125 0.08984375 0.091796875
44 0.21875 0.5146484375 0.162109375 0.126953125
0 0.1279296875 0.5048828125 0.16796875 0.107421875
44 0.310546875 0.5205078125 0.166015625 0.138671875
23 0.5068359375 0.564453125 0.0703125 0.0859375
23 0.5377170138888889 0.5747251157407407 0.06631944444444438 0.08308738425925921
39 0.5718098958333333 0.5766059027777778 0.06627604166666656 0.08113425925925921
5 0.614453125 0.5887080439814815 0.06822916666666679 0.08125000000000004
6 0.6475043402777778 0.5935763888888889 0.06037326388888875 0.07883391203703694
8 0.6776041666666666 0.5995949074074074 0.06432291666666679 0.0810185185185186