36 0.369140625 0.818359375 0.037109375 0.072265625
3 0.3471498842592593 0.8157841435185185 0.07115162037037037 0.08347800925925908
2 0.3199797453703703 0.8136646412037036 0.06701388888888893 0.07945601851851869
5 0.2957971643518519 0.8104817708333334 0.06506076388888893 0.07939814814814827
7 0.2677083333333333 0.8074146412037038 0.06080729166666665 0.07342303240740744
1 0.07563657407407409 0.6269097222222222 0.07068865740740748 0.0756655092592593
9 0.04760561342592595 0.6228660300925926 0.07298900462962954 0.08158275462962972
38 0.71851979296875 0.816038150390625 0.71047094921875 0.622691796875 0.62650205078125 0.636123921875 0.629983201171875 0.821228169921875 0.71851979296875 0.816038150390625
38 0.792741658203125 0.8090221015625 0.79465123828125 0.608690427734375 0.700880830078125 0.612937298828125 0.70558634765625 0.815622369140625 0.792741658203125 0.8090221015625
10 0.86323077734375 0.599587478515625 0.78182496875 0.605953267578125 0.78015777734375 0.8013887109375 0.872517458984375 0.789370669921875 0.86323077734375 0.599587478515625
3 0.978346181640625 0.588147337890625 0.87080187890625 0.598281990234375 0.880914486328125 0.79321493359375 0.978339052734375 0.778843646484375 0.978346181640625 0.588147337890625
1 1 0.58566523046875 0.968112857421875 0.58841401171875 0.967749572265625 0.78410973046875 1 0.7813824765625 1 0.58566523046875