29 0.494140625 0.1162109375 0.150390625 0.228515625
22 0.3984375 0.1396484375 0.228515625 0.275390625
3 0.2119140625 0.16796875 0.234375 0.33203125
1 0.0927734375 0.19921875 0.185546875 0.3671875
3 0.029296875 0.2451171875 0.05859375 0.384765625
33 0.663013599537037 0.2879918981481482 0.04126157407407405 0.03045428240740744
19 0.6502965856481482 0.29167390046296293 0.04126157407407405 0.03045428240740744
10 0.6385561342592593 0.2952980324074075 0.03930844907407405 0.030338541666666607
3 0.6199725115740741 0.3003038194444445 0.04126157407407405 0.03045428240740744
2 0.6072554976851852 0.30398582175925926 0.03930844907407405 0.030338541666666607
2 0.59453125 0.308644386574074 0.039293981481481444 0.028385416666666607
41 0.20703125 0.5224609375 0.111328125 0.103515625
50 0.1513671875 0.5283203125 0.10546875 0.115234375
38 0.0966796875 0.537109375 0.109375 0.1328125
1 0.0361328125 0.552734375 0.072265625 0.13671875
28 0.993493703125 0.731054974609375 0.978178046875 0.69309148828125 0.93829455078125 0.6982332734375 0.954537095703125 0.737839529296875 0.993493703125 0.731054974609375
15 0.96968316796875 0.738909849609375 0.95401680078125 0.69838390625 0.91593776953125 0.703280126953125 0.928156716796875 0.743769966796875 0.96968316796875 0.738909849609375
29 0.946212884765625 0.744106333984375 0.931188755859375 0.705083140625 0.892058357421875 0.71090816796875 0.913897603515625 0.7489945859375 0.946212884765625 0.744106333984375
2 0.85586143359375 0.721538072265625 0.863383974609375 0.737400376953125 0.86723452734375 0.76057805859375 0.91364748046875 0.753548986328125 0.897265193359375 0.741106103515625 0.899513990234375 0.73015825390625 0.89460159765625 0.715355375 0.85586143359375 0.721538072265625
5 0.873134998046875 0.72165279296875 0.83306 0.727509642578125 0.8492664296875 0.765713357421875 0.884387306640625 0.760577951171875 0.88307028515625 0.746815310546875 0.873134998046875 0.72165279296875
13 0.863300818359375 0.76823359765625 0.84889065625 0.72916701171875 0.809951599609375 0.735004720703125 0.82133716796875 0.77251888671875 0.863300818359375 0.76823359765625