17 0.1025390625 0.076171875 0.205078125 0.15234375
0 0.2705078125 0.064453125 0.22265625 0.126953125
3 0.3994140625 0.0546875 0.23046875 0.107421875
29 0.6041666666666666 0.41476417824074074 0.05794270833333326 0.077097800925926
24 0.6220052083333334 0.41137876157407405 0.058072916666666696 0.07905092592592577
14 0.6387369791666666 0.40991753472222214 0.060026041666666696 0.07910879629629619
1 0.6634765625 0.4057581018518518 0.055859375000000044 0.07508680555555558
1 0.6793619791666666 0.4023148148148148 0.057812500000000044 0.075144675925926
1 0.6951822916666667 0.3998480902777778 0.058072916666666696 0.079050925925926
16 0 0.664013298828125 0.015685580078125 0.664473244140625 0.045607369140625 0.645638603515625 0.04468691015625 0.594632783203125 0.01460746484375 0.52421015625 0 0.496097259765625 0 0.664013298828125
10 0.128756984375 0.650400322265625 0.057275310546875 0.480414083984375 0.021920578125 0.484123275390625 0.026711994140625 0.658228298828125 0.128756984375 0.650400322265625
5 0.224125544921875 0.643203810546875 0.1990742578125 0.467890751953125 0.100329677734375 0.47977748046875 0.132752166015625 0.6512436484375 0.224125544921875 0.643203810546875
1 0.257193537109375 0.4599609375 0.239997294921875 0.4599609375 0.1879210546875 0.47012204296875 0.209116755859375 0.643318423828125 0.300158703125 0.63911157421875 0.257193537109375 0.4599609375
7 0.361307916015625 0.4599609375 0.274249197265625 0.4599609375 0.2624590546875 0.461357513671875 0.290059240234375 0.63985985546875 0.3742830625 0.62949933203125 0.361307916015625 0.4599609375
20 0.6630859375 0.912109375 0.23046875 0.173828125
0 0.8427734375 0.89453125 0.23046875 0.208984375
4 0.9267578125 0.884765625 0.146484375 0.2265625