0 0.0625 0.236328125 0.125 0.33984375
3 0.1460503472222222 0.2562065972222222 0.20739293981481488 0.3472222222222222
3 0.2783203125 0.2679253472222222 0.19509548611111116 0.32743055555555556
15 0.545107013671875 0.203480830078125 0.547924537109375 0.161878423828125 0.49154802734375 0.15603153515625 0.494508205078125 0.2013331953125 0.545107013671875 0.203480830078125
34 0.5093536796875 0.206790978515625 0.55433621484375 0.209349375 0.563364416015625 0.166367650390625 0.50712119921875 0.16231251953125 0.5093536796875 0.206790978515625
20 0.520198310546875 0.2104847265625 0.58135925 0.215638076171875 0.563209630859375 0.192822916015625 0.579764087890625 0.170169953125 0.52675701171875 0.1660686328125 0.520198310546875 0.2104847265625
1 0.602373427734375 0.22302551953125 0.584047486328125 0.173480306640625 0.5449904453125 0.1729328359375 0.54584809375 0.21863055859375 0.602373427734375 0.22302551953125
0 0.561124861328125 0.224736505859375 0.620215373046875 0.227128275390625 0.618680857421875 0.18272653515625 0.591139958984375 0.17843468359375 0.5608844296875 0.178452365234375 0.561124861328125 0.224736505859375
1 0.6365110703125 0.232548841796875 0.6293568984375 0.184613119140625 0.57893835546875 0.183228826171875 0.580130845703125 0.22759610546875 0.6365110703125 0.232548841796875
37 0.5184389467592593 0.7485460069444445 0.23266782407407405 0.3438802083333332
50 0.6494719328703704 0.7514973958333333 0.21456886574074074 0.32591145833333335
51 0.7803891782407407 0.7505425347222222 0.2104311342592593 0.3180121527777777
6 0.92578125 0.7666015625 0.1484375 0.326171875