28 0.146484375 0.0478515625 0.171875 0.083984375
27 0.2529296875 0.0498046875 0.166015625 0.087890625
35 0.359375 0.0537109375 0.16796875 0.095703125
6 0.5029296875 0.052734375 0.166015625 0.09375
3 0.5810546875 0.056640625 0.115234375 0.1015625
24 0.6923828125 0.201171875 0.185546875 0.390625
6 0.8603515625 0.201171875 0.212890625 0.390625
8 0.9384765625 0.2001953125 0.123046875 0.388671875
13 0 0.86129787109375 0.03794046484375 0.863065388671875 0.019127759765625 0.8234659921875 0 0.8218542421875 0 0.86129787109375
31 0 0.84406755078125 0.007182732421875 0.86492477734375 0.05655232421875 0.869760380859375 0.0497117890625 0.829572705078125 0 0.824870900390625 0 0.84406755078125
9 0.029734197265625 0.87389921484375 0.073238123046875 0.878289748046875 0.085850734375 0.853031845703125 0.077260423828125 0.837669908203125 0.02389125390625 0.83438320703125 0.029734197265625 0.87389921484375
7 0.044307060546875 0.881083265625 0.10682936328125 0.8861675078125 0.1076913671875 0.84519115625 0.096325578125 0.841248744140625 0.04866194921875 0.838371947265625 0.044307060546875 0.881083265625
4 0.134192 0.888415794921875 0.11949445703125 0.849619298828125 0.0932266328125 0.848691783203125 0.068995287109375 0.875371771484375 0.07300068359375 0.87962442578125 0.106476 0.892177349609375 0.126551037109375 0.892303123046875 0.134192 0.888415794921875
0 0.689453125 0.6923828125 0.1796875 0.275390625
9 0.81640625 0.708984375 0.203125 0.30859375
5 0.9228515625 0.7314453125 0.154296875 0.353515625