1 0.3447265625 0.12109375 0.0546875 0.2421875
2 0.158203125 0.115234375 0.138671875 0.23046875
6 0.2626953125 0.119140625 0.1484375 0.23828125
21 1 0.361505236328125 0.977447388671875 0.35983259765625 0.95939479296875 0.464939150390625 0.924838919921875 0.4807838828125 0.91616367578125 0.508857796875 0.988484560546875 0.511043927734375 1 0.43106933203125 1 0.361505236328125
13 0.9185662265625 0.51231220703125 0.943246880859375 0.362684896484375 0.87566709375 0.355143685546875 0.85063919140625 0.50781358203125 0.9185662265625 0.51231220703125
20 0.87400401171875 0.3583446328125 0.804248734375 0.353244158203125 0.82393291796875 0.428913251953125 0.7863788984375 0.49970219140625 0.854335380859375 0.506229728515625 0.87400401171875 0.3583446328125
3 0.764099990234375 0.503631599609375 0.782649130859375 0.356191560546875 0.714554923828125 0.350170861328125 0.6964314375 0.49865780859375 0.764099990234375 0.503631599609375
7 0.697018072265625 0.496883828125 0.715535853515625 0.35096274609375 0.647654626953125 0.3480496328125 0.63756804296875 0.49241540625 0.697018072265625 0.496883828125
5 0.639416828125 0.494254291015625 0.6491633984375 0.348334677734375 0.5791583828125 0.342757474609375 0.574227169921875 0.489977361328125 0.639416828125 0.494254291015625
5 0.044921875 0.791015625 0.08984375 0.0703125
5 0.041015625 0.8486328125 0.08203125 0.068359375
1 0.052734375 0.736328125 0.10546875 0.0546875
39 0.033203125 0.9169921875 0.06640625 0.060546875
23 0.029296875 0.96875 0.05859375 0.0625