18 0.37969742578125 0.48828125 0.44411313671875 0.345975439453125 0.331229021484375 0.333015421875 0.272559607421875 0.48828125 0.37969742578125 0.48828125
29 0.292999740234375 0.48828125 0.354053173828125 0.334197896484375 0.23094515234375 0.31832496484375 0.183556111328125 0.48828125 0.292999740234375 0.48828125
27 0.205611734375 0.48828125 0.2590434296875 0.31749553125 0.13734392578125 0.30570697265625 0.083766435546875 0.48828125 0.205611734375 0.48828125
1 0 0.473576669921875 0.076806109375 0.47895029296875 0.13152375390625 0.291023376953125 0.021624318359375 0.279838798828125 0 0.364663908203125 0 0.473576669921875
20 0.9501953125 0.2041015625 0.099609375 0.166015625
9 0.8900896990740741 0.19444444444444442 0.13595196759259265 0.16348379629629628
2 0.8247395833333333 0.18612557870370372 0.13985821759259265 0.1636284722222221
7 0.7643084490740741 0.17274305555555558 0.13793402777777786 0.1674623842592593
30 0.5194770703125 1 0.5615234375 0.888192076171875 0.5615234375 0.85551617578125 0.46068134765625 0.8411811015625 0.409646087890625 0.9901331796875 0.483601462890625 1 0.5194770703125 1
0 0.405815650390625 0.9887634375 0.452349162109375 0.83870353515625 0.3494333828125 0.825386564453125 0.29583433984375 0.975325427734375 0.405815650390625 0.9887634375
2 0.321184138671875 0.9813027265625 0.371407169921875 0.822308525390625 0.265250017578125 0.809959849609375 0.21195839453125 0.9664712578125 0.321184138671875 0.9813027265625
4 0.23743448828125 0.962203458984375 0.2892693125 0.802339564453125 0.185703240234375 0.78832171484375 0.132839158203125 0.94840371875 0.23743448828125 0.962203458984375
24 0.6912254050925926 0.9289279513888888 0.08650173611111112 0.07769097222222232
30 0.6639178240740741 0.9250578703703703 0.08647280092592591 0.07378472222222232
15 0.6366247106481482 0.9192346643518519 0.08844039351851851 0.07581018518518512
5 0.5976128472222222 0.9138454861111112 0.08844039351851851 0.07581018518518512
3 0.5683449074074074 0.9110243055555556 0.09039351851851851 0.07588252314814814
7 0.5498046875 0.904296875 0.06640625 0.07421875