8 0.41931423611111107 0.30078125 0.11757812500000009 0.28125
3 0.3062065972222222 0.29296875 0.12947048611111112 0.2890625
4 0.18691406249999998 0.2998046875 0.11740451388888884 0.2734375
41 0.048828125 0.296875 0.09765625 0.28125
5 0.6318359375 0.16015625 0.109375 0.05859375
5 0.6318359375 0.21875 0.109375 0.05859375
1 0.6318359375 0.1044921875 0.109375 0.044921875
39 0.63671875 0.2880859375 0.119140625 0.052734375
23 0.642578125 0.341796875 0.130859375 0.0546875
23 0.638671875 0.3984375 0.123046875 0.0625
21 0.2737399296875 0.9882265625 0.2691651015625 0.95978125 0.23822130859375 0.9420015625 0.23488906640625 0.83634375 0.2035272578125 0.8368515625 0.204293896484375 0.9861953125 0.2737399296875 0.9882265625
13 0.3392003125 0.991275 0.3353917734375 0.8378671875 0.26946159765625 0.8414234375 0.273339830078125 0.9917828125 0.3392003125 0.991275
20 0.338296666015625 0.9897515625 0.40424476171875 0.9872109375 0.377668869140625 0.914571875 0.406557603515625 0.8404078125 0.3390760859375 0.8414234375 0.338296666015625 0.9897515625
3 0.49405226171875 0.9917828125 0.4964121171875 0.842946875 0.430461408203125 0.8449796875 0.428647708984375 0.9927984375 0.49405226171875 0.9917828125
7 0.55332873828125 0.9892421875 0.5629106953125 0.8449796875 0.49804483203125 0.8439625 0.4962650703125 0.990259375 0.55332873828125 0.9892421875
5 0.5791015625 0.8451910546875 0.565357453125 0.8454875 0.554658125 0.991275 0.5791015625 0.99108610546875 0.5791015625 0.8451910546875