0 0.08203125 0.2880859375 0.1640625 0.240234375
8 0.17654079861111116 0.3149088541666667 0.17758969907407396 0.24544270833333326
8 0.277293113425926 0.3440755208333333 0.1815682870370372 0.25546875
30 0.4052734375 0.2080078125 0.150390625 0.291015625
32 0.4946252893518518 0.2465494791666667 0.20338541666666665 0.3018229166666666
26 0.6168692129629629 0.27812499999999996 0.20915798611111125 0.2904947916666667
4 0.772410300925926 0.324609375 0.19542824074074083 0.2817708333333333
4 0.8897569444444444 0.35390625 0.20128761574074083 0.2821614583333334
7 1 0.2571411796875 0.9900469140625 0.25568021875 0.89509194921875 0.496802599609375 1 0.519527123046875 1 0.2571411796875
31 0.086973814453125 0.763671875 0.07864989453125 0.763671875 0.031433197265625 0.94395016015625 0.1292434296875 0.962823349609375 0.182908806640625 0.778522158203125 0.086973814453125 0.763671875
22 0.21240756640625 0.9778099375 0.2585216953125 0.7981123203125 0.1575692265625 0.781141484375 0.103862083984375 0.961436990234375 0.21240756640625 0.9778099375
11 0.23330098046875 0.804139673828125 0.18244058984375 0.98433176171875 0.28744758203125 0.99609375 0.292627533203125 0.99609375 0.32698928125 0.823923615234375 0.23330098046875 0.804139673828125
5 0.35364620703125 0.830545974609375 0.296163232421875 0.99609375 0.369140625 0.99609375 0.369140625 0.832273287109375 0.35364620703125 0.830545974609375
28 0.458984375 0.7900390625 0.09375 0.052734375
18 0.49609375 0.7998046875 0.08984375 0.072265625
29 0.5361328125 0.80078125 0.095703125 0.07421875
5 0.58984375 0.8076171875 0.09375 0.087890625
9 0.6295138888888889 0.8153645833333334 0.09648437499999996 0.10143229166666679
5 0.6686197916666666 0.8238281249999999 0.09646990740740735 0.09947916666666679