22 0.4306640625 0.23046875 0.18359375 0.09765625
3 0.25 0.2158203125 0.189453125 0.126953125
1 0.1181640625 0.203125 0.17578125 0.15234375
11 0.7001953125 0.10160590277777781 0.03125 0.04340277777777768
13 0.6767578125 0.09804687500000009 0.03125 0.04340277777777768
21 0.6552734375 0.09445891203703694 0.03125 0.04340277777777768
1 0.623046875 0.08810040509259265 0.02734375 0.04334490740740726
0 0.6005859375 0.08648003472222221 0.033203125 0.04343171296296289
4 0.5771484375 0.08292100694444438 0.03125 0.04340277777777768
14 0.51876143359375 0.784225859375 0.526543658203125 0.6807846484375 0.494983857421875 0.67297226171875 0.48605966015625 0.78169165625 0.51876143359375 0.784225859375
28 0.487912876953125 0.782052234375 0.496306099609375 0.67362178515625 0.463532068359375 0.662961580078125 0.45132562109375 0.779606642578125 0.487912876953125 0.782052234375
24 0.452623095703125 0.77861582421875 0.465406845703125 0.665557591796875 0.42697686328125 0.655786560546875 0.41452390234375 0.77432303125 0.452623095703125 0.77861582421875
7 0.392841365234375 0.771341533203125 0.40898903515625 0.651007708984375 0.363575904296875 0.6399536875 0.358450767578125 0.768851771484375 0.392841365234375 0.771341533203125
6 0.3609225 0.76957265234375 0.36122248828125 0.63770021484375 0.32065962890625 0.62633555859375 0.307179736328125 0.76149080859375 0.3609225 0.76957265234375
16 0.3094015234375 0.765769615234375 0.3215276328125 0.626760576171875 0.27134520703125 0.615057060546875 0.25226513671875 0.756830748046875 0.3094015234375 0.765769615234375
18 0.92198367578125 0.7900651796875 0.903584658203125 0.79131553515625 0.90185271875 0.83624595703125 0.918184521484375 0.8347279375 0.92198367578125 0.7900651796875
23 0.90208080859375 0.836592912109375 0.903787896484375 0.79166248828125 0.884097615234375 0.79347326171875 0.8805024609375 0.839686294921875 0.90208080859375 0.836592912109375
29 0.880808845703125 0.84064782421875 0.884413048828125 0.793472677734375 0.86426419921875 0.7950696640625 0.864304732421875 0.841952052734375 0.880808845703125 0.84064782421875
1 0.85791596484375 0.79445190234375 0.84015434765625 0.795755548828125 0.83511101171875 0.84426687109375 0.854194568359375 0.84256269921875 0.85791596484375 0.79445190234375
0 0.833762275390625 0.8448002421875 0.83844319921875 0.79567430078125 0.816993736328125 0.79550664453125 0.81264078125 0.84754608203125 0.833762275390625 0.8448002421875
3 0.812292564453125 0.847652421875 0.81703551171875 0.795853599609375 0.794830498046875 0.799614583984375 0.7923715078125 0.850184736328125 0.812292564453125 0.847652421875