10 0.421875 0.370328177734375 0.421875 0.067787787109375 0.36536756640625 0.058284244140625 0.228454037109375 0.3834559140625 0.403152654296875 0.428591880859375 0.421875 0.370328177734375
16 0.366997341796875 0.050650599609375 0.365539708984375 0.047659767578125 0.186924623046875 0.008991060546875 0.10089655859375 0.34997994140625 0.25030166015625 0.369949705078125 0.366997341796875 0.050650599609375
0 0 0.32477225 0.0579388046875 0.33222225 0.17162490234375 0.0009765625 0 0.0009765625 0 0.32477225
11 0.5554108796296297 0.3506510416666666 0.08035300925925926 0.043098958333333215
13 0.534230324074074 0.3433593749999999 0.08045428240740726 0.045052083333333215
21 0.5120732060185185 0.3360026041666666 0.08045428240740726 0.045052083333333215
1 0.48127893518518516 0.3251302083333334 0.07644675925925926 0.042838541666666785
0 0.4590205439814815 0.3197265625 0.08240740740740748 0.04518229166666665
4 0.43485966435185186 0.31321614583333335 0.08045428240740748 0.045052083333333215
44 0.3291015625 0.83984375 0.185546875 0.240234375
0 0.3740234375 0.8642578125 0.095703125 0.23828125
44 0.2478298611111111 0.8083333333333333 0.2016059027777778 0.24192708333333335
28 0.91671730859375 0.85360551953125 0.99028525390625 0.603919923828125 0.860511533203125 0.577268978515625 0.787038197265625 0.841728509765625 0.91671730859375 0.85360551953125
20 0.81544547265625 0.846310904296875 0.88623771484375 0.582694375 0.76069695703125 0.562085388671875 0.677030732421875 0.817535568359375 0.81544547265625 0.846310904296875
23 0.7842107265625 0.55390707421875 0.6461114453125 0.53545777734375 0.61990240625 0.65712564453125 0.56299376171875 0.78810993359375 0.707468291015625 0.828093958984375 0.7842107265625 0.55390707421875
5 0.546041705078125 0.5009765625 0.50692145703125 0.5009765625 0.428465681640625 0.754131095703125 0.563016498046875 0.78594191796875 0.634056400390625 0.527661421875 0.546041705078125 0.5009765625
4 0.522097666015625 0.5009765625 0.39581860546875 0.5009765625 0.375 0.548805591796875 0.375 0.746489294921875 0.461727626953125 0.75820301171875 0.522097666015625 0.5009765625