0 0.16796875 0.052734375 0.26953125 0.10546875
0 0.09375 0.0849609375 0.1875 0.169921875
22 0.8172526041666667 0.16670283564814814 0.16202256944444438 0.2758101851851853
22 0.7080078125 0.16689091435185183 0.15013020833333335 0.26739004629629626
22 0.6007378472222222 0.1681568287037037 0.15013020833333335 0.26739004629629626
1 0.462890625 0.1669921875 0.12109375 0.26953125
14 0.2186152734375 0.9128266875 0.180822271484375 0.910855423828125 0.219589623046875 0.9612625078125 0.25213703515625 0.960236978515625 0.2186152734375 0.9128266875
28 0.166104353515625 0.90981566015625 0.20334194921875 0.959429498046875 0.234300111328125 0.95997522265625 0.198585591796875 0.912698650390625 0.166104353515625 0.90981566015625
24 0.148826390625 0.908100345703125 0.183540765625 0.958873255859375 0.21836534375 0.959705220703125 0.184199994140625 0.911390052734375 0.148826390625 0.908100345703125
7 0.189749931640625 0.957736060546875 0.16179589453125 0.90800482421875 0.119395123046875 0.906020896484375 0.166945515625 0.95981741796875 0.189749931640625 0.957736060546875
6 0.103658349609375 0.90703639453125 0.1441013515625 0.96060422265625 0.176816306640625 0.953308373046875 0.132597873046875 0.904106232421875 0.103658349609375 0.90703639453125
16 0.0856668671875 0.905897373046875 0.124508166015625 0.959961689453125 0.1571310546875 0.953809447265625 0.119853404296875 0.90320846484375 0.0856668671875 0.905897373046875
10 0.9580078125 0.8818359375 0.083984375 0.236328125
0 0.8349609375 0.8798828125 0.197265625 0.240234375
0 0.6923828125 0.880859375 0.189453125 0.23828125
7 0.556640625 0.8818359375 0.1796875 0.236328125