22 0.078125 0.1708984375 0.15625 0.283203125
22 0.16923466435185186 0.20494068287037037 0.1796875 0.26971932870370374
22 0.2747395833333333 0.23770254629629628 0.1797598379629629 0.27167245370370363
1 0.4137008101851851 0.27902199074074074 0.1621817129629628 0.27076099537037046
6 0.478515625 0.306640625 0.09765625 0.267578125
16 0.611328125 0.1689453125 0.19921875 0.3359375
0 0.7768012152777778 0.2070529513888889 0.23169849537037046 0.35818865740740735
0 0.8984375 0.25390625 0.203125 0.375
14 0.52734375 0.919117296875 0.499085541015625 0.919620830078125 0.504479203125 0.950184361328125 0.52734375 0.949672580078125 0.52734375 0.919117296875
2 0.63680157421875 0.5908203125 0.567594123046875 0.5908203125 0.51171875 0.76302781640625 0.51171875 0.7899251484375 0.57066519921875 0.79857373046875 0.63680157421875 0.5908203125
6 0.632270462890625 0.5908203125 0.559516765625 0.79897653515625 0.61417027734375 0.80006762890625 0.6878766875 0.5908203125 0.632270462890625 0.5908203125
0 0.680119376953125 0.5908203125 0.605598064453125 0.806133794921875 0.667787177734375 0.813472806640625 0.739373609375 0.5908203125 0.680119376953125 0.5908203125