28 0.20842013888888888 0.20664062500000002 0.16796875 0.26731770833333335
31 0.1347222222222222 0.23502604166666669 0.16614583333333321 0.273046875
15 0.0693359375 0.2529296875 0.138671875 0.279296875
44 0.5439453125 0.3486328125 0.087890625 0.3046875
25 0.7409939236111112 0.2737630208333333 0.20386284722222214 0.3028645833333333
40 0.8457465277777778 0.23450520833333333 0.1997395833333333 0.2928385416666667
40 0.6243272569444445 0.30501302083333337 0.2075086805555555 0.2914062500000001
29 0.51953125 0.5615234375 0.420475181640625 0.5615234375 0.447556783203125 0.648127291015625 0.51953125 0.64360665625 0.51953125 0.5615234375
15 0.288275443359375 0.5615234375 0.31808791796875 0.67327678515625 0.45964746484375 0.65709021875 0.431330138671875 0.5615234375 0.288275443359375 0.5615234375
20 0.16498726953125 0.5615234375 0.20148585546875 0.68170695703125 0.33206107421875 0.6715354453125 0.30204308984375 0.5615234375 0.16498726953125 0.5615234375
9 0 0.56854951171875 0.0599810859375 0.7020142578125 0.18049179296875 0.691390923828125 0.144680720703125 0.5615234375 0 0.5615234375 0 0.56854951171875
28 0.821655865234375 0.58548065625 0.771590279296875 0.61709494921875 0.853071072265625 0.709934537109375 0.896405513671875 0.67721013671875 0.821655865234375 0.58548065625
27 0.77788871875 0.619790896484375 0.73011645703125 0.6512986875 0.809646294921875 0.747178228515625 0.85835155078125 0.712475865234375 0.77788871875 0.619790896484375
24 0.742458314453125 0.65539151953125 0.685711126953125 0.688950076171875 0.76563497265625 0.779490326171875 0.8168777265625 0.746597296875 0.742458314453125 0.65539151953125
2 0.627543533203125 0.73854688671875 0.71025119921875 0.8316298125 0.759502525390625 0.793233646484375 0.688916046875 0.6947103515625 0.68824398046875 0.69573755859375 0.627543533203125 0.73854688671875
8 0.6366147578125 0.74081323828125 0.5875017265625 0.7705545859375 0.66999637109375 0.869526283203125 0.71336209375 0.83126458203125 0.6366147578125 0.74081323828125
2 0.595404724609375 0.77230871484375 0.542828822265625 0.811524900390625 0.623009044921875 0.901720193359375 0.6747370390625 0.867359447265625 0.595404724609375 0.77230871484375