32 0.2726417824074074 0.16015625 0.16267361111111112 0.21484375
32 0.3492693865740741 0.177734375 0.1566984953703704 0.2109375
14 0.3955078125 0.2021484375 0.099609375 0.22265625
21 0.670359490234375 0.33155856640625 0.702486587890625 0.141779484375 0.63554751953125 0.136794720703125 0.586479466796875 0.3264075 0.670359490234375 0.33155856640625
24 0.714827345703125 0.32953586328125 0.76733301953125 0.1478076953125 0.69230015625 0.142258490234375 0.6488751796875 0.327315697265625 0.714827345703125 0.32953586328125
21 0.779960794921875 0.3317102890625 0.809749775390625 0.154929755859375 0.75177626171875 0.147248525390625 0.70187974609375 0.327006224609375 0.779960794921875 0.3317102890625
4 0.84840738671875 0.3339234609375 0.89110116015625 0.149506447265625 0.824095828125 0.1563095390625 0.779573771484375 0.325212845703125 0.84840738671875 0.3339234609375
0 0.895415673828125 0.340551236328125 0.941793439453125 0.162195162109375 0.8778275703125 0.163205240234375 0.829498431640625 0.33050724609375 0.895415673828125 0.340551236328125
3 0.945078083984375 0.338652013671875 0.993493150390625 0.160645486328125 0.9258012734375 0.1619194375 0.88072625 0.33690093359375 0.945078083984375 0.338652013671875
21 0.490234375 0.689453125 0.15234375 0.220703125
2 0.6181640625 0.712890625 0.212890625 0.267578125
1 0.7254774305555556 0.724609375 0.20203993055555558 0.291015625
0 0.8396990740740741 0.7587890625 0.21950231481481475 0.287109375