10 0.35290798611111107 0.38700810185185186 0.1631510416666666 0.2549913194444444
10 0.26195023148148144 0.36885127314814814 0.17136863425925908 0.2630931712962963
4 0.0556640625 0.32421875 0.111328125 0.27734375
13 0.16693431712962958 0.34790943287037035 0.18389756944444446 0.2791521990740742
49 0.9296875 0.32421875 0.140625 0.36328125
47 0.8623191550925926 0.3008897569444444 0.22044270833333335 0.3448350694444444
22 0.7292173032407407 0.2813585069444444 0.22845775462962958 0.3490306712962963
3 0.5537109375 0.2529296875 0.224609375 0.361328125
1 0.484375 0.23046875 0.0859375 0.375
17 0.8740234375 0.8798828125 0.251953125 0.240234375
31 0.75390625 0.87109375 0.28515625 0.2578125
2 0.5712890625 0.85546875 0.259765625 0.2890625
4 0.4990234375 0.8427734375 0.115234375 0.314453125