13 0.3203125 0.108874708984375 0.3203125 0.031610763671875 0.22252274609375 0.025079427734375 0.206703603515625 0.264115634765625 0.30548847265625 0.27963884375 0.3203125 0.108874708984375
26 0.204724619140625 0.27061633203125 0.218897759765625 0.032848125 0.119843220703125 0.023462732421875 0.10572699609375 0.25986661328125 0.204724619140625 0.27061633203125
10 0 0.251899361328125 0.1016982109375 0.256659611328125 0.11213207421875 0.01934964453125 0.020869095703125 0.01385367578125 0 0.24924928515625 0 0.251899361328125
9 0.6832465277777777 0.4266782407407408 0.06235532407407396 0.12735821759259247
10 0.7946903935185186 0.429759837962963 0.06425057870370354 0.1254195601851853
3 0.6363715277777777 0.42702546296296295 0.06643518518518521 0.1332465277777779
5 0.7310691550925925 0.4253472222222222 0.07206307870370354 0.1254774305555555
22 0.8816044560185186 0.4291160300925926 0.06034432870370354 0.1253906250000001
40 0.8385778356481481 0.42748119212962954 0.06028645833333335 0.12343750000000009
4 0.3203125 1 0.3203125 0.848597505859375 0.259725830078125 0.837081515625 0.26191339453125 1 0.3203125 1
9 0.2642448359375 1 0.261518208984375 0.8343126484375 0.1659582578125 0.825415419921875 0.1908445625 0.9944737265625 0.21202288671875 1 0.2642448359375 1