7 0.3427734375 0.314453125 0.064453125 0.125
0 0.306640625 0.3056640625 0.1171875 0.142578125
2 0.2451171875 0.2978515625 0.115234375 0.158203125
12 0.9189453125 0.2265625 0.162109375 0.30078125
31 0.8203125 0.20703125 0.24609375 0.33984375
34 0.6845703125 0.181640625 0.248046875 0.359375
0 0.486328125 0.16015625 0.24609375 0.31640625
0 0.4189453125 0.1416015625 0.111328125 0.279296875
26 0.2255859375 0.4482421875 0.224609375 0.134765625
15 0.103515625 0.431640625 0.20703125 0.1015625
28 0.74833166796875 0.661876982421875 0.70111833984375 0.63866144140625 0.659089060546875 0.73868815625 0.705970146484375 0.75947576171875 0.74833166796875 0.661876982421875
22 0.70722241796875 0.638159240234375 0.660569296875 0.611712923828125 0.620148263671875 0.710221546875 0.66389187890625 0.737036787109375 0.70722241796875 0.638159240234375
30 0.666561052734375 0.61186806640625 0.62204317578125 0.58712837890625 0.588989138671875 0.684216408203125 0.628811033203125 0.706261306640625 0.666561052734375 0.61186806640625
6 0.57991594921875 0.670750435546875 0.612216306640625 0.576232234375 0.571358470703125 0.557499638671875 0.541119505859375 0.64977123046875 0.57991594921875 0.670750435546875
6 0.57668971875 0.555666169921875 0.5379784296875 0.533850849609375 0.5110767890625 0.629196052734375 0.54889423046875 0.64445431640625 0.57668971875 0.555666169921875
2 0.54415892578125 0.5334914453125 0.508557720703125 0.519438818359375 0.4807470859375 0.60983298046875 0.51799150390625 0.6262348828125 0.54415892578125 0.5334914453125