10 0.1396484375 0.435546875 0.15625 0.20703125
10 0.064453125 0.44140625 0.12890625 0.1953125
43 0.2412109375 0.4267578125 0.16015625 0.224609375
28 0.3154296875 0.3229422890625 0.3154296875 0.381036953125 0.329127642578125 0.438003271484375 0.38437903515625 0.426815802734375 0.356771357421875 0.314151810546875 0.3154296875 0.3229422890625
27 0.43641447265625 0.4195299921875 0.409088734375 0.301723046875 0.35631507421875 0.313693505859375 0.3802820234375 0.431451736328125 0.43641447265625 0.4195299921875
24 0.48822076171875 0.4102168125 0.462938666015625 0.29058405859375 0.40681365625 0.302000796875 0.432033607421875 0.42112676953125 0.48822076171875 0.4102168125
2 0.503640375 0.408327234375 0.561036255859375 0.39878633203125 0.53334530859375 0.2774321328125 0.478205916015625 0.287175673828125 0.503640375 0.408327234375
8 0.5641031328125 0.397793296875 0.614312578125 0.38873733203125 0.5865045390625 0.271007044921875 0.531599142578125 0.2781400078125 0.5641031328125 0.397793296875
2 0.612743646484375 0.387848431640625 0.670137666015625 0.378306216796875 0.6454377734375 0.258597037109375 0.587307326171875 0.26669555859375 0.612743646484375 0.387848431640625
2 0.060546875 0.646484375 0.12109375 0.21484375
7 0.073299693359375 0.5390625 0.10539903125 0.7427060625 0.217323404296875 0.7370850703125 0.185158751953125 0.5390625 0.073299693359375 0.5390625
28 0.5717447916666667 0.8508174189814814 0.13893229166666665 0.2704282407407408
31 0.6478515625 0.8308666087962963 0.13315972222222228 0.272337962962963
15 0.7247178819444444 0.8158058449074074 0.13893229166666665 0.2704282407407408
4 0.833984375 0.7970775462962962 0.13051215277777772 0.25669849537037037
7 0.9100911458333334 0.7771267361111112 0.13298611111111125 0.268431712962963
4 0.9599609375 0.7626953125 0.080078125 0.263671875