19 0.0751953125 0.1572265625 0.150390625 0.314453125
32 0.1826171875 0.166015625 0.166015625 0.33203125
14 0.298828125 0.16796875 0.16015625 0.3359375
5 0.455078125 0.173828125 0.15625 0.34765625
5 0.568359375 0.1826171875 0.16015625 0.365234375
2 0.6484375 0.1943359375 0.08984375 0.369140625
4 0.716796875 0.177734375 0.0625 0.13671875
28 0.2961226851851852 0.541283275462963 0.025795717592592582 0.027864583333333304
15 0.31078559027777775 0.5426938657407407 0.025766782407407485 0.025911458333333304
29 0.32740162037037035 0.5441623263888888 0.027719907407407485 0.02596932870370372
2 0.35184461805555556 0.5468388310185185 0.025766782407407485 0.025911458333333304
5 0.36650752314814805 0.5482494212962963 0.02579571759259247 0.027864583333333304
13 0.38216145833333326 0.5506655092592593 0.02774884259259247 0.02792245370370372
6 0.685546875 0.657540255859375 0.72683470703125 0.656820580078125 0.74938076171875 0.48857459375 0.685546875 0.485851228515625 0.685546875 0.657540255859375