30 0.5693359375 0.205078125 0.068359375 0.20703125
23 0.5205078125 0.2373046875 0.166015625 0.216796875
1 0.4039279513888889 0.27606336805555554 0.17812499999999998 0.22382812500000004
6 0.30256076388888886 0.3047092013888889 0.18185763888888884 0.22000868055555545
2 0.20735677083333331 0.34006076388888884 0.18177083333333333 0.21805555555555545
16 0.993138935546875 0.088545279296875 0.969027787109375 0.00390625 0.826078685546875 0.00390625 0.860504662109375 0.109315255859375 0.993138935546875 0.088545279296875
5 0.841998162109375 0.116661677734375 0.805610345703125 0.00390625 0.660561447265625 0.00390625 0.73134400390625 0.148881009765625 0.841998162109375 0.116661677734375
9 0.610257046875 0.18078727734375 0.73755452734375 0.14257547265625 0.6703702578125 0.00390625 0.576171875 0.00390625 0.576171875 0.113285939453125 0.610257046875 0.18078727734375
13 0.603515625 0.870858 0.603515625 0.833051984375 0.553098078125 0.60999979296875 0.429932978515625 0.615243443359375 0.463333228515625 0.86755031640625 0.603515625 0.870858
7 0.442464712890625 0.868378142578125 0.41586280859375 0.618570248046875 0.283491533203125 0.613504849609375 0.32200258984375 0.8646409375 0.442464712890625 0.868378142578125
7 0.343835810546875 0.868423123046875 0.295332357421875 0.6196754765625 0.175336509765625 0.626686984375 0.230854318359375 0.872550787109375 0.343835810546875 0.868423123046875
1 0.24817584375 0.87832659765625 0.194541083984375 0.6306728203125 0.089672287109375 0.63402175 0.131391099609375 0.880349619140625 0.24817584375 0.87832659765625