19 0.58203125 0.3935546875 0.130859375 0.189453125
10 0.482421875 0.390625 0.173828125 0.1953125
4 0.3125 0.3837890625 0.177734375 0.208984375
3 0.18359375 0.3779296875 0.181640625 0.220703125
1 0.0693359375 0.375 0.138671875 0.2265625
28 0.3857328828125 0.954429486328125 0.489527416015625 0.769209529296875 0.398231158203125 0.731108966796875 0.297585275390625 0.910694064453125 0.3857328828125 0.954429486328125
23 0.309555001953125 0.91402237109375 0.420305748046875 0.72994428515625 0.321336701171875 0.68704705859375 0.22056501953125 0.868750671875 0.309555001953125 0.91402237109375
13 0.239512876953125 0.8673994140625 0.339048357421875 0.686278140625 0.246158095703125 0.650296095703125 0.1515299296875 0.826597994140625 0.239512876953125 0.8673994140625
0 0.13252289453125 0.8046844453125 0.235064642578125 0.6353445 0.14248078125 0.590655140625 0.04328803515625 0.763067541015625 0.13252289453125 0.8046844453125
3 0 0.73756782421875 0.056149673828125 0.76437202734375 0.164773091796875 0.5902127109375 0.067709341796875 0.543170025390625 0 0.656800087890625 0 0.73756782421875
8 0 0.658286966796875 0.08239769140625 0.541400603515625 0 0.518198029296875 0 0.658286966796875
12 0.913879388671875 0.894376705078125 0.9315272421875 0.661155068359375 0.790683916015625 0.65420258984375 0.77432915234375 0.8885485390625 0.913879388671875 0.894376705078125
18 0.798909126953125 0.888496408203125 0.8125001328125 0.65081500390625 0.69040519140625 0.648152337890625 0.66957673828125 0.878601408203125 0.798909126953125 0.888496408203125
16 0.6103515625 0.87852259765625 0.687366193359375 0.882173494140625 0.712119623046875 0.64697755078125 0.6103515625 0.64465059765625 0.6103515625 0.87852259765625