31 0.284455904296875 0.290539474609375 0.30671972265625 0.120173380859375 0.2063343046875 0.116054861328125 0.20140840234375 0.289909587890625 0.284455904296875 0.290539474609375
14 0.366138068359375 0.300238755859375 0.380220607421875 0.12209802734375 0.28333226953125 0.118777615234375 0.268784705078125 0.2956063515625 0.366138068359375 0.300238755859375
13 0.43933339453125 0.303362587890625 0.451523615234375 0.126933431640625 0.357751080078125 0.122133765625 0.34556040625 0.298563287109375 0.43933339453125 0.303362587890625
22 0.562456072265625 0.204430748046875 0.585683974609375 0.0009765625 0.4462890625 0.0009765625 0.4462890625 0.200167611328125 0.562456072265625 0.204430748046875
16 0.670878080078125 0.21343060546875 0.70615498046875 0.0009765625 0.56528723828125 0.0009765625 0.539134138671875 0.204251408203125 0.670878080078125 0.21343060546875
6 0.823605107421875 0.223795578125 0.878579943359375 0.0009765625 0.742523833984375 0.0009765625 0.703377404296875 0.21280714453125 0.823605107421875 0.223795578125
5 0.93357843359375 0.24743891796875 0.9967198515625 0.0009765625 0.863969974609375 0.0009765625 0.805383525390625 0.232542076171875 0.93357843359375 0.24743891796875
0 1 0.0009765625 0.9948907421875 0.0009765625 0.906441134765625 0.250622533203125 1 0.25715748046875 1 0.0009765625
11 0 0.712073287109375 0.0957619765625 0.732003619140625 0.10729340234375 0.44247275390625 0.002178095703125 0.428575130859375 0 0.484463072265625 0 0.712073287109375
20 0.18597021875 0.78396998046875 0.21844286328125 0.469147009765625 0.0944308671875 0.451555703125 0.070618875 0.74389947265625 0.18597021875 0.78396998046875
18 0.277976244140625 0.827672791015625 0.32249713671875 0.4949595390625 0.2076560234375 0.47411121484375 0.173781435546875 0.79225885546875 0.277976244140625 0.827672791015625
4 0.4716796875 0.8580141796875 0.4716796875 0.54204466015625 0.35732158984375 0.525136513671875 0.32048195703125 0.8483997890625 0.46631016796875 0.89399844140625 0.4716796875 0.8580141796875
12 0.683097484375 0.866446001953125 0.678101884765625 0.67062373828125 0.570678787109375 0.677696259765625 0.57969769140625 0.872887916015625 0.683097484375 0.866446001953125
23 0.769463177734375 0.882281955078125 0.780252140625 0.676806806640625 0.663218318359375 0.672734525390625 0.661309326171875 0.8770392890625 0.769463177734375 0.882281955078125
10 0.855849287109375 0.884649861328125 0.864760578125 0.68811295703125 0.770663849609375 0.68234029296875 0.75260453515625 0.881043333984375 0.855849287109375 0.884649861328125
7 1 0.6900872265625 0.89842300390625 0.684290685546875 0.889651126953125 0.884327611328125 0.987851640625 0.88711375 1 0.789851640625 1 0.6900872265625