0 0.7277364296875 0 0.73293845703125 0.14607176171875 0.8377535859375 0.19422296484375 0.8218651796875 0 0.7277364296875 0
9 0.812839484375 0 0.832190849609375 0.2012189140625 0.92363458984375 0.24443679296875 0.8985659140625 0 0.812839484375 0
2 0.895073681640625 0 0.913226671875 0.257474318359375 1 0.289628767578125 1 0.11869741015625 0.9837238203125 0.028415248046875 0.920890423828125 0 0.895073681640625 0
10 0.188671875 0.7629340277777779 0.13854166666666667 0.2934461805555557
40 0.048828125 0.7373046875 0.09765625 0.267578125
52 0.10703125000000002 0.75234375 0.12278645833333335 0.29114583333333344
5 0.29179687499999996 0.7740017361111111 0.1298177083333334 0.27960069444444446
4 0.37369791666666674 0.7884982638888889 0.12760416666666652 0.27565104166666665
2 0.44921875 0.8076171875 0.111328125 0.287109375
24 0.8803385416666667 0.8744357638888889 0.044401041666666696 0.05147569444444455
13 0.9083984375 0.8711588541666666 0.044401041666666696 0.05147569444444455
18 0.9326822916666666 0.8697482638888889 0.04036458333333348 0.04943576388888893
6 0.975390625 0.8667968749999999 0.04427083333333348 0.04952256944444455
6 0.9892578125 0.865234375 0.021484375 0.0546875