4 0.30925202546296293 0.11045283564814812 0.11455439814814827 0.18028067129629632
6 0.3447265625 0.1181640625 0.0625 0.173828125
40 0.16388888888888886 0.09199942129629629 0.11646412037037046 0.17443576388888893
46 0.1064453125 0.0849609375 0.115234375 0.169921875
48 0.22633825231481486 0.09837239583333335 0.13802083333333326 0.18436053240740735
30 0.47844709375 0.534657462890625 0.536706267578125 0.537332560546875 0.54842223828125 0.473521869140625 0.489538552734375 0.470642595703125 0.47844709375 0.534657462890625
11 0.51148110546875 0.538290630859375 0.5700166875 0.540601314453125 0.5794788359375 0.47430381640625 0.522267537109375 0.4711949453125 0.51148110546875 0.538290630859375
24 0.5439825703125 0.538690685546875 0.60235987109375 0.541530568359375 0.61203087109375 0.476116693359375 0.5529934296875 0.4736702734375 0.5439825703125 0.538690685546875
6 0.587502439453125 0.540843837890625 0.645072255859375 0.544228439453125 0.656995607421875 0.478080572265625 0.59956584765625 0.475076998046875 0.587502439453125 0.540843837890625
0 0.61950276171875 0.543321802734375 0.681049064453125 0.547088171875 0.686306771484375 0.481521072265625 0.6293535703125 0.47803025390625 0.61950276171875 0.543321802734375
7 0.7148230078125 0.54830191015625 0.718216525390625 0.48466375390625 0.655475201171875 0.48192652734375 0.6524260234375 0.546119236328125 0.7148230078125 0.54830191015625
8 0.0126953125 0.96875 0.025390625 0.0625
2 0.025390625 0.970703125 0.05078125 0.05859375