22 0.3720703125 0.295752087890625 0.413427044921875 0.304405146484375 0.45010142578125 0.094094353515625 0.3720703125 0.081135669921875 0.3720703125 0.295752087890625
10 0.5185136875 0.3309453359375 0.533559833984375 0.117543720703125 0.44677717578125 0.097749080078125 0.409111595703125 0.313949330078125 0.5185136875 0.3309453359375
26 0.62022892578125 0.353887462890625 0.63960778125 0.13990784375 0.53126516015625 0.122910458984375 0.504450560546875 0.325098947265625 0.62022892578125 0.353887462890625
3 0.7462303828125 0.3775832734375 0.779030947265625 0.159331294921875 0.66813886328125 0.14829903515625 0.630832634765625 0.35524853515625 0.7462303828125 0.3775832734375
0 0.84066791796875 0.4069964296875 0.8750439609375 0.189037208984375 0.764431470703125 0.171553291015625 0.732855181640625 0.37814155078125 0.84066791796875 0.4069964296875
6 0.940381361328125 0.4294548671875 0.971194087890625 0.217487193359375 0.86587853125 0.190413375 0.831734451171875 0.405765060546875 0.940381361328125 0.4294548671875
22 0 0.91486710546875 0.11409528125 0.932357447265625 0.151177626953125 0.63848282421875 0 0.6145022578125 0 0.91486710546875
10 0.257887955078125 0.950282015625 0.26301887890625 0.654771427734375 0.142703353515625 0.640074400390625 0.112088357421875 0.932533302734375 0.257887955078125 0.950282015625
6 0.3857421875 0.67730753515625 0.34168522265625 0.6720562265625 0.30653057421875 0.95786648046875 0.3857421875 0.97052991015625 0.3857421875 0.67730753515625
11 0.3720703125 0.918587296875 0.44618239453125 0.921970296875 0.456087384765625 0.7037865859375 0.3720703125 0.67139216015625 0.3720703125 0.918587296875
11 0.541763376953125 0.93333667578125 0.56010043359375 0.695574076171875 0.45178940234375 0.6879819453125 0.43580665625 0.934034494140625 0.541763376953125 0.93333667578125
20 0.5967230902777778 0.8253399884259259 0.16325231481481484 0.2540509259259258
2 0.7373842592592592 0.8490089699074074 0.16756365740740753 0.26197916666666665
4 0.8372974537037037 0.8578197337962963 0.16150173611111107 0.2578993055555556
0 0.92578125 0.8740234375 0.1484375 0.251953125