34 0 0.25988691796875 0.0348875234375 0.267621357421875 0.07814045703125 0.180550298828125 0.023614447265625 0.1665052578125 0 0.22532542578125 0 0.25988691796875
17 0.07354790625 0.28183922265625 0.111744767578125 0.194966388671875 0.058138728515625 0.180639376953125 0.017837666015625 0.269017763671875 0.07354790625 0.28183922265625
24 0.104053126953125 0.294886130859375 0.14526777734375 0.208783791015625 0.092355529296875 0.194054046875 0.05259593359375 0.28228505859375 0.104053126953125 0.294886130859375
0 0.1491381640625 0.312230248046875 0.191590841796875 0.228861755859375 0.139154623046875 0.213400423828125 0.096565935546875 0.2989470078125 0.1491381640625 0.312230248046875
1 0.13010663671875 0.313716314453125 0.174326818359375 0.325484568359375 0.21977159765625 0.238626140625 0.173520796875 0.226191572265625 0.13010663671875 0.313716314453125
0 0.2117021171875 0.3371464765625 0.25500212890625 0.25489333203125 0.203039998046875 0.238553001953125 0.159250376953125 0.323213025390625 0.2117021171875 0.3371464765625
21 0.541015625 0.14453125 0.12109375 0.2890625
4 0.6170283564814815 0.16549479166666664 0.1723379629629629 0.3095052083333333
6 0.6860170717592593 0.1935546875 0.17656250000000018 0.33124999999999993
3 0.7542317708333333 0.20787760416666667 0.16644965277777768 0.3071614583333333
8 0.20084635416666674 0.8 0.14920428240740735 0.1967447916666667
4 0.13171296296296298 0.7817057291666667 0.1571614583333334 0.20703125
2 0.0693359375 0.76171875 0.138671875 0.2109375
43 0.0224609375 0.728515625 0.044921875 0.19921875
19 0.53515625 0.7216796875 0.107421875 0.31640625
24 0.5857711226851852 0.7298828125 0.19014756944444455 0.32630208333333344
7 0.722388599537037 0.7458333333333333 0.20192418981481475 0.3309895833333334
6 0.8218677662037037 0.7612630208333333 0.211863425925926 0.3433593749999999
5 1 0.619729197265625 0.884557453125 0.614291341796875 0.83628041015625 0.933384189453125 0.978821201171875 0.92958509765625 1 0.7750580078125 1 0.619729197265625