11 0.173571205078125 0.271469583984375 0.165820365234375 0.211207419921875 0.11220751171875 0.21448433984375 0.12027496484375 0.27443368359375 0.173571205078125 0.271469583984375
34 0.144457736328125 0.27738677734375 0.13727501171875 0.21366648046875 0.08401959375 0.21881305078125 0.099104314453125 0.280844986328125 0.144457736328125 0.27738677734375
14 0.117865171875 0.280438771484375 0.106396419921875 0.221713369140625 0.053932646484375 0.225887927734375 0.065179625 0.285196 0.117865171875 0.280438771484375
2 0.081211751953125 0.285530716796875 0.066843560546875 0.2292117578125 0.019374546875 0.233798009765625 0.030135884765625 0.29050771484375 0.081211751953125 0.285530716796875
5 0 0.271871478515625 0.00606137109375 0.296026125 0.052992990234375 0.291203283203125 0.0418114375 0.23301044921875 0 0.2357169921875 0 0.271871478515625
5 0 0.296904095703125 0.02753580859375 0.2952031484375 0.001953955078125 0.238320005859375 0 0.238379431640625 0 0.296904095703125
17 0.8076171875 0.08984375 0.244140625 0.173828125
30 0.6953125 0.09765625 0.23828125 0.189453125
20 0.583984375 0.1103515625 0.2421875 0.21484375
1 0.42578125 0.1259765625 0.2421875 0.24609375
5 0.326171875 0.1337890625 0.22265625 0.26171875
5 0.26953125 0.1396484375 0.109375 0.2734375
24 0 0.6297011953125 0.077419046875 0.606493509765625 0 0.442947802734375 0 0.6297011953125