5 0.4091796875 0.037109375 0.111328125 0.0703125
0 0.322265625 0.0380859375 0.11328125 0.072265625
8 0.2373046875 0.0361328125 0.107421875 0.068359375
20 0.705078125 0.375 0.13671875 0.18359375
44 0.576171875 0.3671875 0.12890625 0.19921875
44 0.50390625 0.3681640625 0.06640625 0.197265625
38 0.8935546875 0.376953125 0.130859375 0.1796875
21 0.8046875 0.3720703125 0.1328125 0.189453125
15 0.466796875 0.759765625 0.0390625 0.26953125
4 0.3950086805555556 0.7505208333333333 0.10523726851851856 0.24986979166666679
7 0.317845775462963 0.7463541666666667 0.11319444444444438 0.2601562500000001
4 0.2378399884259259 0.7361328125 0.10342881944444449 0.25950520833333335
28 0.8912977430555555 0.9134765625 0.03967013888888893 0.03867187499999991
15 0.8519230546875 0.8925635 0.85406498828125 0.930910658203125 0.88664614453125 0.93261451171875 0.88850102734375 0.894217 0.8519230546875 0.8925635
29 0.865815927734375 0.929500330078125 0.865704732421875 0.891850494140625 0.828023181640625 0.890399404296875 0.828556896484375 0.92770779296875 0.865815927734375 0.929500330078125
2 0.830527560546875 0.889011234375 0.83073953515625 0.889014919921875 0.7945880859375 0.88687208203125 0.791558501953125 0.925845033203125 0.830436328125 0.927103412109375 0.830527560546875 0.889011234375
5 0.804589033203125 0.925294623046875 0.807360662109375 0.88745790234375 0.771491384765625 0.886167296875 0.770732330078125 0.92426962109375 0.804589033203125 0.925294623046875
13 0.784001099609375 0.925781341796875 0.7861441484375 0.8855838515625 0.74847560546875 0.8850464453125 0.747103380859375 0.92304137890625 0.784001099609375 0.925781341796875