17 0.7132161458333334 0.26536458333333335 0.09088541666666661 0.11349826388888884
23 0.75625 0.26825086805555554 0.08867187499999996 0.10950520833333344
20 0.7983072916666667 0.27109375 0.08880208333333339 0.11145833333333321
2 0.8560546874999999 0.27560763888888884 0.09075520833333339 0.11154513888888884
9 0.8962890625 0.2803168402777778 0.09088541666666661 0.11349826388888884
1 0.9364583333333334 0.2840494791666667 0.08502604166666661 0.11323784722222219
22 0.0849609375 0.77734375 0.169921875 0.33984375
3 0.24882812499999996 0.8032769097222222 0.21796874999999982 0.35477430555555567
1 0.36328125 0.8173828125 0.16796875 0.365234375
17 0.412109375 0.932476841796875 0.47230037890625 0.940644556640625 0.465680037109375 0.64349976953125 0.412109375 0.638484177734375 0.412109375 0.932476841796875
28 0.577660796875 0.970998193359375 0.5751786171875 0.678274078125 0.441790126953125 0.64604733203125 0.441759404296875 0.943257462890625 0.577660796875 0.970998193359375
6 0.7247290859375 1 0.7292430859375 0.721146318359375 0.617520126953125 0.702618326171875 0.576702771484375 0.979772890625 0.6502651796875 1 0.7247290859375 1
9 0.796123947265625 1 0.858614244140625 0.765060263671875 0.701699248046875 0.72129766796875 0.69205427734375 1 0.796123947265625 1
4 0.949455310546875 1 0.943018529296875 0.792071693359375 0.8307165390625 0.76109705859375 0.8282957734375 0.76182837890625 0.80029862890625 1 0.949455310546875 1