0 0.3393373842592593 0.26067708333333334 0.17918113425925908 0.19408275462962965
42 0.0421498515625 0.181061546875 0.099610556640625 0.2152246640625 0.218718646484375 0.075013390625 0.152738369140625 0.05503736328125 0.152621998046875 0.0473328046875 0.0421498515625 0.181061546875
52 0.080995455078125 0.219084486328125 0.135673349609375 0.248303654296875 0.2638989765625 0.104735380859375 0.207153720703125 0.076764732421875 0.080995455078125 0.219084486328125
38 0.130501146484375 0.25114602734375 0.186619404296875 0.282114953125 0.312830560546875 0.139739666015625 0.254969470703125 0.108526060546875 0.130501146484375 0.25114602734375
6 0.26108753125 0.30711452734375 0.381462212890625 0.1797236953125 0.313072271484375 0.15337251953125 0.208829513671875 0.281468783203125 0.26108753125 0.30711452734375
4 0.3542640625 0.3654990078125 0.474508552734375 0.23339265234375 0.426607 0.21145108203125 0.3081279453125 0.343801103515625 0.3542640625 0.3654990078125
20 0.4580078125 0.515790435546875 0.46002775390625 0.5167823125 0.4995012421875 0.513851626953125 0.4580078125 0.495866751953125 0.4580078125 0.515790435546875
12 0.4580078125 0.489789453125 0.4580078125 0.4949661015625 0.489890701171875 0.513792189453125 0.512918416015625 0.510620974609375 0.473604265625 0.487905818359375 0.4580078125 0.489789453125
35 0.50381546484375 0.510514013671875 0.533133037109375 0.50780309765625 0.495030751953125 0.483914361328125 0.4680451640625 0.48782291015625 0.50381546484375 0.510514013671875
7 0.53230820703125 0.505710162109375 0.54997494921875 0.503448201171875 0.5172979375 0.480565212890625 0.490437359375 0.482461421875 0.53230820703125 0.505710162109375
0 0.540591275390625 0.504142796875 0.57057218359375 0.501244322265625 0.537482849609375 0.476458775390625 0.50941495703125 0.479951390625 0.540591275390625 0.504142796875
6 0.558904123046875 0.500855498046875 0.588023998046875 0.498491640625 0.54840225 0.472940224609375 0.530829328125 0.47585759375 0.558904123046875 0.500855498046875
35 0.017578125 0.93359375 0.03515625 0.05078125
6 0.04865451388888886 0.9426576967592593 0.06093750000000009 0.04803240740740744
9 0.07995515046296298 0.9485677083333333 0.06487268518518507 0.05205439814814827
6 0.11223234953703698 0.9544487847222223 0.06095196759259247 0.04998553240740744
21 0.849107595703125 0.9485821875 0.86169135546875 0.76187033984375 0.797626296875 0.76006465234375 0.768932455078125 0.94738858203125 0.849107595703125 0.9485821875
24 0.894128078125 0.943390640625 0.9269155546875 0.76369484765625 0.855200638671875 0.761734146484375 0.8313413828125 0.944259638671875 0.894128078125 0.943390640625
21 0.95873253125 0.941664455078125 0.969809314453125 0.767980236328125 0.914120296875 0.7630630625 0.8842757890625 0.94054214453125 0.95873253125 0.941664455078125
4 1 0.76697106640625 0.99694880078125 0.76731693359375 0.961770390625 0.933765189453125 1 0.936072291015625 1 0.76697106640625