42 0.42110821759259265 0.19219473379629626 0.1236111111111109 0.17699652777777786
52 0.357544849537037 0.1872757523148148 0.11987847222222214 0.18865740740740733
38 0.299855324074074 0.18324652777777778 0.12961516203703694 0.18684895833333337
6 0.2109302662037037 0.1806568287037037 0.11984953703703716 0.18670428240740744
0 0.14927662037037037 0.17277922453703703 0.12952835648148153 0.18098958333333337
4 0.08478009259259256 0.17080439814814813 0.12191840277777777 0.19454571759259254
23 0.9398943865740741 0.22739438657407407 0.11711516203703698 0.13394097222222223
44 0.7636791087962963 0.20070167824074076 0.11315104166666656 0.12997685185185193
23 0.96484375 0.234375 0.0703125 0.13671875
44 0.7118634259259259 0.19756221064814816 0.10536747685185177 0.13181423611111098
44 0.8204499421296296 0.20865162037037033 0.11510416666666656 0.13000578703703702
39 0.8959056712962963 0.22511574074074076 0.10729166666666679 0.1298900462962963
28 0.9013671875 0.73828125 0.150390625 0.205078125
23 0.818359375 0.734375 0.15625 0.197265625
13 0.7373046875 0.7255859375 0.150390625 0.1796875
0 0.6298828125 0.7177734375 0.142578125 0.1640625