20 0.4130787037037037 0.12656973379629632 0.08266782407407414 0.1469762731481481
5 0.1972511574074074 0.09723668981481481 0.08634259259259258 0.14330150462962954
7 0.3236906828703704 0.11251446759259254 0.0884114583333333 0.14537037037037037
40 0.47494936342592586 0.13607494212962967 0.08438946759259247 0.14318576388888893
0 0.25929542824074076 0.10967158564814816 0.07829861111111114 0.13893229166666665
40 0.5107421875 0.142578125 0.056640625 0.14453125
10 0.848194154296875 0.228067912109375 0.848123197265625 0.15932605078125 0.81816551171875 0.154678412109375 0.81499595703125 0.22338416796875 0.848194154296875 0.228067912109375
11 0.813657130859375 0.2199634375 0.816433732421875 0.15437997265625 0.7855419140625 0.14836458984375 0.7815292734375 0.21372903515625 0.813657130859375 0.2199634375
31 0.77834518359375 0.212469875 0.78186372265625 0.14702471875 0.749453337890625 0.141484779296875 0.75220097265625 0.206229552734375 0.77834518359375 0.212469875
7 0.73369567578125 0.201974513671875 0.734916310546875 0.137677228515625 0.70325078515625 0.13221227734375 0.709261443359375 0.196505171875 0.73369567578125 0.201974513671875
6 0.711815587890625 0.1951984453125 0.7017201796875 0.13294869921875 0.67435047265625 0.126260810546875 0.67899871875 0.193039978515625 0.711815587890625 0.1951984453125
0 0.679686091796875 0.188965333984375 0.67364159375 0.12540596484375 0.644931986328125 0.120716361328125 0.6494362578125 0.185254857421875 0.679686091796875 0.188965333984375
28 0.4833984375 0.60546875 0.111328125 0.2734375
31 0.4131944444444444 0.5857494212962964 0.11753472222222228 0.2755497685185184
15 0.3362702546296297 0.5685402199074074 0.12327835648148167 0.2739438657407407
4 0.22614293981481481 0.5493634259259259 0.11660879629629628 0.25992476851851865
7 0.14990596064814815 0.5273292824074074 0.11925636574074072 0.27175925925925926
4 0.068359375 0.517578125 0.1171875 0.2578125
1 0.7001953125 0.5234375 0.138671875 0.26953125
22 0.8324797453703704 0.550050636574074 0.15292245370370372 0.28153935185185186
6 0.5986328125 0.5146484375 0.119140625 0.251953125
22 0.9326171875 0.5615234375 0.134765625 0.271484375