6 0.405910011574074 0.36751302083333337 0.1166956018518519 0.2055989583333333
21 0.23591579861111112 0.3690755208333334 0.12067418981481481 0.21562499999999996
3 0.462890625 0.3671875 0.09375 0.212890625
17 0.16945167824074076 0.3656901041666667 0.11679687500000002 0.2192708333333333
41 0.3072193287037037 0.36627604166666666 0.12850115740740742 0.21809895833333337
28 0.641469857421875 0.2535976171875 0.586276349609375 0.063594978515625 0.494871634765625 0.09290071484375 0.551788419921875 0.288864173828125 0.641469857421875 0.2535976171875
23 0.724701177734375 0.22112227734375 0.66941249609375 0.028916078125 0.569955125 0.062189513671875 0.63390527734375 0.257761466796875 0.724701177734375 0.22112227734375
13 0.800115873046875 0.18751019921875 0.750021306640625 0.001391298828125 0.657661044921875 0.028474525390625 0.711246615234375 0.219906634765625 0.800115873046875 0.18751019921875
0 0.771905798828125 0 0.8276531640625 0.170360400390625 0.917903841796875 0.137232470703125 0.876444916015625 0 0.771905798828125 0
3 0.85992261328125 0 0.906880431640625 0.139178837890625 1 0.10369033984375 1 0.0990535078125 0.968847013671875 0 0.85992261328125 0
52 0.5831090856481481 0.7598307291666666 0.10475983796296306 0.17552083333333335
10 0.6515407986111111 0.7650390625 0.10076678240740744 0.1635416666666667
25 0.7209780092592593 0.7740885416666667 0.10866608796296306 0.17578125
6 0.8177806712962963 0.7842447916666666 0.10470196759259265 0.16770833333333335
1 0.8852068865740741 0.7856119791666667 0.10473090277777786 0.17161458333333335
1 0.9462890625 0.798828125 0.107421875 0.1875