51 0.9501953125 0.0634765625 0.099609375 0.126953125
8 0.865234375 0.052734375 0.15234375 0.10546875
9 0.7822265625 0.052734375 0.162109375 0.10546875
2 0.716796875 0.048828125 0.109375 0.09765625
33 0.6513671875 0.6240234375 0.08984375 0.21875
35 0.604224537037037 0.6270543981481481 0.15351562500000004 0.21856192129629637
15 0.5264033564814814 0.625245949074074 0.1635850694444443 0.22492766203703707
9 0.4110677083333333 0.6331741898148149 0.1621383101851852 0.23459201388888884
4 0.39322672265625 0.5416096640625 0.402801869140625 0.541118275390625 0.284375568359375 0.545231294921875 0.254760875 0.74582873828125 0.368750341796875 0.738412267578125 0.39322672265625 0.5416096640625
8 0.282833423828125 0.748640390625 0.30687055859375 0.544681259765625 0.197652119140625 0.546909091796875 0.162351044921875 0.7569321796875 0.282833423828125 0.748640390625
27 1 0.3974609375 0.945658330078125 0.3974609375 0.92886396484375 0.437813591796875 0.98747093359375 0.441822669921875 1 0.408857654296875 1 0.3974609375
11 0.912127689453125 0.3974609375 0.89830587109375 0.432800169921875 0.95496161328125 0.436540611328125 0.970504197265625 0.3974609375 0.912127689453125 0.3974609375
14 0.883830908203125 0.3974609375 0.861449322265625 0.42781569140625 0.92222709375 0.43228617578125 0.935675732421875 0.3974609375 0.883830908203125 0.3974609375
3 0.828036890625 0.3974609375 0.82061762109375 0.41738491796875 0.877547044921875 0.4264236875 0.890989466796875 0.3974609375 0.828036890625 0.3974609375
6 0.793686849609375 0.3974609375 0.785022138671875 0.41728251953125 0.8490780703125 0.421035056640625 0.856588388671875 0.3974609375 0.793686849609375 0.3974609375
7 0.764333958984375 0.3974609375 0.758203373046875 0.415971126953125 0.80829144921875 0.419189818359375 0.82032951953125 0.3974609375 0.764333958984375 0.3974609375