11 0.0673828125 0.3466796875 0.134765625 0.068359375
12 0.140625 0.3408203125 0.17578125 0.080078125
20 0.234375 0.3291015625 0.17578125 0.103515625
1 0.3623046875 0.31640625 0.169921875 0.12890625
8 0.455078125 0.3125 0.17578125 0.13671875
7 0.505859375 0.306640625 0.08203125 0.1484375
6 0.9269309375 0.380859375 0.920481861328125 0.33536130078125 0.819595021484375 0.350674578125 0.82546159765625 0.380859375 0.9269309375 0.380859375
6 0.99368531640625 0.380859375 0.98867119921875 0.3250922265625 0.885501814453125 0.338267541015625 0.892361353515625 0.380859375 0.99368531640625 0.380859375
11 0.51171875 0.46778487109375 0.51171875 0.680165662109375 0.53522525 0.76557486328125 0.6904965 0.736760474609375 0.621670837890625 0.44570430859375 0.51171875 0.46778487109375
29 0.7155815972222223 0.579441550925926 0.2328125000000001 0.3216724537037037
23 0.8475694444444444 0.5530815972222223 0.2187934027777776 0.31375868055555545
0 0.95703125 0.5234375 0.0859375 0.29296875