21 0 0.56719968359375 0.11045426171875 0.55022775 0.085130806640625 0.4891202265625 0 0.500891462890625 0 0.56719968359375
22 0.2387367578125 0.52066051171875 0.157655556640625 0.2290390546875 0.00493775390625 0.255360115234375 0.095382142578125 0.546145998046875 0.2387367578125 0.52066051171875
10 0.373239373046875 0.48765375 0.2612597109375 0.204895822265625 0.14260839453125 0.229695587890625 0.22948070703125 0.517764669921875 0.373239373046875 0.48765375
6 0.547066412109375 0.45270532421875 0.47864657421875 0.161607466796875 0.331707478515625 0.190684580078125 0.4154384453125 0.472793291015625 0.547066412109375 0.45270532421875
9 0.536526375 0.452598931640625 0.67083940234375 0.42629 0.635632720703125 0.231873533203125 0.59596814453125 0.142725314453125 0.463588705078125 0.162812478515625 0.536526375 0.452598931640625
5 0.783203125 0.404896255859375 0.783203125 0.272446044921875 0.74765044921875 0.110698994140625 0.60145215625 0.142990390625 0.668033775390625 0.426795755859375 0.783203125 0.404896255859375
33 0.755859375 0.077617923828125 0.755859375 0.27538511328125 0.760617056640625 0.286438658203125 0.87063902734375 0.272962072265625 0.78903284375 0.0733037265625 0.755859375 0.077617923828125
21 0.953862794921875 0.257042134765625 0.939399263671875 0.2190094609375 0.88159808203125 0.22691388671875 0.830816533203125 0.072911369140625 0.785525869140625 0.0716926953125 0.85768446875 0.27072891796875 0.953862794921875 0.257042134765625
0 1 0.036988552734375 0.908959130859375 0.053160896484375 0.9666138125 0.248298421875 1 0.244084990234375 1 0.036988552734375
40 0.107548203125 0.6201171875 0.12402327734375 0.690223505859375 0.6058337265625 0.693228416015625 0.585746826171875 0.6201171875 0.107548203125 0.6201171875
43 0.62244330078125 0.821713537109375 0.606200806640625 0.68939666796875 0.10782462109375 0.67342300390625 0.133583474609375 0.830608658203125 0.62244330078125 0.821713537109375
6 0.126845974609375 0.88419194140625 0.13782112890625 0.9990234375 0.659459982421875 0.9990234375 0.65070445703125 0.863925541015625 0.126845974609375 0.88419194140625