12 0.4150390625 0.0732421875 0.083984375 0.146484375
30 0.45960648148148153 0.08360821759259263 0.08952546296296293 0.1489293981481481
10 0.5050853587962963 0.09701244212962967 0.08171296296296293 0.1484664351851852
6 0.5595703125 0.111328125 0.068359375 0.1484375
1 0.58203125 0.125 0.0234375 0.15234375
24 0.9399450231481481 0.41628327546296306 0.04560185185185173 0.052864583333333215
13 0.9674913194444444 0.4218098958333334 0.045703124999999956 0.054817708333333215
18 0.9853515625 0.4267578125 0.029296875 0.052734375
36 0.332073763671875 0.960519583984375 0.37141787109375 0.96570421484375 0.37073332421875 0.877428724609375 0.335673865234375 0.87141337109375 0.332073763671875 0.960519583984375
12 0.368847263671875 0.960896408203125 0.41034912109375 0.96499862890625 0.40580624609375 0.87979408984375 0.367768208984375 0.875263900390625 0.368847263671875 0.960896408203125
31 0.4052487890625 0.96484756640625 0.43461734375 0.96985616015625 0.440933158203125 0.8850793515625 0.39983887890625 0.880574380859375 0.4052487890625 0.96484756640625
2 0.442752595703125 0.967313564453125 0.48351441796875 0.974461521484375 0.482588947265625 0.887771822265625 0.44424786328125 0.88271303515625 0.442752595703125 0.967313564453125
4 0.47832662109375 0.972321919921875 0.51281615234375 0.975316748046875 0.511682826171875 0.8896842421875 0.477715626953125 0.887872451171875 0.47832662109375 0.972321919921875
6 0.50587517578125 0.972799607421875 0.54313665234375 0.9813068828125 0.542956298828125 0.8942144296875 0.513636291015625 0.8931577109375 0.50587517578125 0.972799607421875
11 0.611755017578125 0.578125 0.60313972265625 0.66583294921875 0.689155810546875 0.68286745703125 0.69996430078125 0.578125 0.611755017578125 0.578125
14 0.700117845703125 0.578125 0.68891809375 0.68158096875 0.77506182421875 0.698739140625 0.791849603515625 0.578125 0.700117845703125 0.578125
16 0.789221787109375 0.578125 0.7747906484375 0.700915142578125 0.85796359765625 0.7181477421875 0.877889482421875 0.578125 0.789221787109375 0.578125
8 0.908846849609375 0.578125 0.88942576171875 0.721261033203125 0.97111278125 0.743217640625 0.996571896484375 0.578125 0.908846849609375 0.578125