1 0.3949074074074074 0.28302951388888886 0.13585069444444442 0.24087094907407414
8 0.30583767361111114 0.28920717592592593 0.14923321759259256 0.23120659722222214
7 0.20634403935185186 0.28456307870370373 0.15159143518518514 0.24489293981481486
28 0.871193615234375 0.2815365703125 0.8705992890625 0.23223132421875 0.811746822265625 0.231729775390625 0.8110958125 0.281555623046875 0.871193615234375 0.2815365703125
20 0.8520215234375 0.28119260546875 0.853261568359375 0.23157428515625 0.7930511484375 0.231608197265625 0.7927993125 0.281739365234375 0.8520215234375 0.28119260546875
24 0.832665341796875 0.282469599609375 0.834429201171875 0.232705671875 0.77487659375 0.233614169921875 0.772741390625 0.283028056640625 0.832665341796875 0.282469599609375
2 0.808578798828125 0.281996080078125 0.808958125 0.233572490234375 0.750079912109375 0.234662728515625 0.7479170234375 0.28343296875 0.808578798828125 0.281996080078125
4 0.790069912109375 0.28337612109375 0.789903880859375 0.233762666015625 0.730441447265625 0.234326283203125 0.7290341171875 0.28393301171875 0.790069912109375 0.28337612109375
8 0.7683654296875 0.283416974609375 0.771355662109375 0.23554309375 0.7156113671875 0.2352094375 0.71097243359375 0.283959189453125 0.7683654296875 0.283416974609375
35 0.9326171875 0.9013671875 0.134765625 0.197265625
29 0.8505859375 0.904296875 0.154296875 0.19140625
5 0.71875 0.908203125 0.15625 0.18359375
0 0.626953125 0.9091796875 0.14453125 0.181640625
3 0.5380859375 0.9072265625 0.150390625 0.185546875