8 0.642578125 0.0732421875 0.08984375 0.146484375
9 0.603515625 0.0703125 0.16796875 0.140625
40 0.421875 0.0517578125 0.171875 0.103515625
51 0.3134765625 0.072265625 0.173828125 0.14453125
1 1 0.321868220703125 0.842039302734375 0.454259328125 0.896014818359375 0.4912109375 0.931890853515625 0.4912109375 1 0.435877234375 1 0.321868220703125
5 1 0.16774381640625 0.77117966796875 0.3776319921875 0.840979404296875 0.444929361328125 1 0.3106195390625 1 0.16774381640625
5 1 0.022503484375 0.99274350390625 0.01778269140625 0.697723779296875 0.302952861328125 0.776375529296875 0.372025130859375 1 0.167987130859375 1 0.022503484375
12 0.2705078125 0.5146484375 0.1328125 0.05859375
40 0.31640625 0.5205078125 0.123046875 0.0703125
31 0.3642578125 0.5244140625 0.12890625 0.078125
8 0.427734375 0.529296875 0.126953125 0.087890625
0 0.470703125 0.529296875 0.123046875 0.087890625
5 0.517578125 0.5322265625 0.119140625 0.09375
0 0.9052734375 0.5908203125 0.189453125 0.212890625
22 0.783203125 0.578125 0.263671875 0.185546875