33 0.23670624609375 0.352426802734375 0.253001029296875 0.165144904296875 0.15365738671875 0.150575025390625 0.145923654296875 0.34464135546875 0.23670624609375 0.352426802734375
34 0.149177201171875 0.34459000390625 0.156452892578125 0.15118396875 0.060455841796875 0.140353810546875 0.066009486328125 0.333958068359375 0.149177201171875 0.34459000390625
16 0 0.32242475 0.06835037890625 0.334584125 0.066892828125 0.14663146875 0 0.139919607421875 0 0.32242475
28 0.8729021990740741 0.09588396990740738 0.08945312499999991 0.16225405092592593
11 0.8119502314814815 0.09958043981481479 0.0834780092592593 0.15999710648148158
20 0.7449074074074074 0.10687934027777779 0.09152199074074074 0.16430844907407405
9 0.6592520254629629 0.11419270833333339 0.08531539351851847 0.15814525462962958
2 0.5933015046296296 0.1195891203703704 0.0873842592592593 0.1601996527777778
7 0.5306857638888889 0.11830150462962963 0.08566261574074074 0.16400462962962958
31 0.3505859375 0.49922315234375 0.31997498046875 0.497524142578125 0.306620341796875 0.693623232421875 0.3505859375 0.692133763671875 0.3505859375 0.49922315234375
47 0.236076119140625 0.4978765546875 0.225561724609375 0.68867113671875 0.3001711171875 0.688688533203125 0.316383205078125 0.510739177734375 0.321408076171875 0.500130169921875 0.236076119140625 0.4978765546875
0 0.2065225 0.498985966796875 0.1184594140625 0.4942187734375 0.11038320703125 0.677102828125 0.198446294921875 0.681870021484375 0.2065225 0.498985966796875
2 0.114655251953125 0.48658559765625 0.029490431640625 0.486938005859375 0.021721173828125 0.6802461640625 0.122840396484375 0.67933905078125 0.114655251953125 0.48658559765625
3 0 0.6766436875 0.031350951171875 0.674756759765625 0.022729806640625 0.47939728125 0 0.47832762890625 0 0.6766436875
13 0.71102534765625 0.6870424921875 0.680055759765625 0.69839987890625 0.6948481640625 0.77753484375 0.7269993125 0.764730220703125 0.71102534765625 0.6870424921875
17 0.679471970703125 0.698233298828125 0.646589564453125 0.708487494140625 0.658687552734375 0.788415828125 0.69615951953125 0.77659823828125 0.679471970703125 0.698233298828125
31 0.647755603515625 0.70849581640625 0.611608564453125 0.72307860546875 0.635191740234375 0.79582240234375 0.66201053515625 0.78741282421875 0.647755603515625 0.70849581640625
3 0.606198208984375 0.724488931640625 0.570144115234375 0.74047584765625 0.584976947265625 0.8149226484375 0.6224123515625 0.804509126953125 0.606198208984375 0.724488931640625
7 0.584575279296875 0.817562755859375 0.57135384375 0.74118623046875 0.535707796875 0.749425544921875 0.55687115234375 0.830216322265625 0.584575279296875 0.817562755859375
7 0.53653610546875 0.751315396484375 0.502151560546875 0.764668904296875 0.527834109375 0.844834458984375 0.5560908671875 0.82981525390625 0.53653610546875 0.751315396484375