0 0.240234375 0.1025390625 0.16796875 0.205078125
3 0.0654296875 0.1044921875 0.130859375 0.208984375
4 0.1435546875 0.0986328125 0.162109375 0.197265625
13 0.50041471875 0.271261591796875 0.53532864453125 0.27611232421875 0.560558375 0.223818384765625 0.525628615234375 0.219542951171875 0.50041471875 0.271261591796875
28 0.55186806640625 0.280757671875 0.57888026953125 0.22867573046875 0.54446562109375 0.2229751953125 0.51796002734375 0.275939755859375 0.55186806640625 0.280757671875
25 0.563354318359375 0.284474625 0.600259548828125 0.23727822265625 0.564902357421875 0.2259881328125 0.53472510546875 0.28093870703125 0.563354318359375 0.284474625
4 0.608470619140625 0.292629326171875 0.627220173828125 0.235356310546875 0.58785455078125 0.2322627109375 0.56315123828125 0.285279568359375 0.608470619140625 0.292629326171875
7 0.617771560546875 0.296739048828125 0.6525485625 0.239404728515625 0.608359763671875 0.235248783203125 0.58816540234375 0.293200966796875 0.617771560546875 0.296739048828125
9 0.646054228515625 0.301847005859375 0.67265812109375 0.245838111328125 0.639041685546875 0.241465517578125 0.60391907421875 0.296232806640625 0.646054228515625 0.301847005859375
10 0.0859375 0.4599609375 0.06640625 0.046875
27 0.1103515625 0.462890625 0.068359375 0.052734375
37 0.13671875 0.4638671875 0.06640625 0.0546875
8 0.1767578125 0.46484375 0.064453125 0.056640625
4 0.203125 0.46875 0.06640625 0.064453125
7 0.2294921875 0.4658203125 0.064453125 0.05859375
0 0.8764829282407407 0.7192491319444445 0.13642939814814814 0.21115451388888884
5 0.789134837962963 0.7055989583333333 0.13447627314814836 0.21111111111111125
5 0.6966145833333334 0.6840277777777778 0.14785879629629628 0.2036024305555555
39 0.5826099537037037 0.6619791666666667 0.1201533564814814 0.19322916666666656
23 0.5138527199074074 0.6497178819444445 0.13201678240740744 0.19739583333333321
43 0.43919994212962965 0.6363498263888889 0.12022569444444442 0.19518229166666679