10 0.35227864583333335 0.40644531250000004 0.21901041666666665 0.2994791666666665
40 0.4462890625 0.40234375 0.087890625 0.2734375
52 0.4111328125 0.404296875 0.158203125 0.29296875
5 0.24811197916666666 0.40358072916666665 0.20833333333333337 0.28515625
4 0.1669921875 0.40800781249999996 0.2061197916666666 0.2811197916666668
2 0.0927734375 0.4169921875 0.185546875 0.291015625
23 0.9375 0.4443359375 0.125 0.201171875
13 0.8883463541666666 0.4297526041666667 0.18138020833333335 0.2016927083333333
11 0.8087890624999999 0.4134765625 0.18333333333333335 0.20182291666666674
0 0.6984374999999999 0.39140625 0.17942708333333335 0.20156249999999998
2 0.619921875 0.3760416666666667 0.18138020833333335 0.2016927083333333
3 0.567784470703125 0.453792091796875 0.620176880859375 0.27636961328125 0.50358873046875 0.26066362109375 0.472625291015625 0.44097287109375 0.567784470703125 0.453792091796875
31 0.3774088541666667 0.8324869791666667 0.11015624999999996 0.09583333333333321
24 0.33658854166666674 0.8234375 0.10781250000000009 0.08984375
31 0.29960937499999996 0.8131510416666667 0.1079427083333333 0.091796875
1 0.24778645833333335 0.8009114583333333 0.1020833333333333 0.09140625000000013
2 0.2099609375 0.7926432291666667 0.11015624999999996 0.09583333333333321
6 0.17486979166666666 0.78125 0.1059895833333333 0.09166666666666679