8 0.28197337962962965 0.38502604166666665 0.2176938657407408 0.12890625
4 0.150823115234375 0.328118111328125 0.319793970703125 0.251557197265625 0.28905175390625 0.203494970703125 0.112202671875 0.2756081328125 0.150823115234375 0.328118111328125
2 0.36186323046875 0.318664017578125 0.311595 0.248437337890625 0.14071609765625 0.328217916015625 0.18516351171875 0.395124939453125 0.36186323046875 0.318664017578125
36 0.4453338515625 0.456117029296875 0.40403259765625 0.404256322265625 0.222639287109375 0.4817769296875 0.264499802734375 0.536410044921875 0.4453338515625 0.456117029296875
31 0.27110933984375 0.560546875 0.38833333203125 0.560546875 0.46754211328125 0.513363572265625 0.4263981328125 0.463723560546875 0.254085412109375 0.535954162109375 0.27110933984375 0.560546875
47 0.7256510416666666 0.34383680555555557 0.18938078703703698 0.26106770833333337
27 0.8243778935185185 0.32894965277777777 0.1952980324074074 0.2690104166666667
39 0.912109375 0.310546875 0.17578125 0.25390625
14 0 0.6864108125 0.009879728515625 0.705438490234375 0.067785267578125 0.692672265625 0.036931369140625 0.640642166015625 0 0.649938359375 0 0.6864108125
28 0.094669841796875 0.6808470390625 0.06309488671875 0.629252087890625 0.011418673828125 0.641416171875 0.041207203125 0.6932790859375 0.094669841796875 0.6808470390625
24 0.123393208984375 0.6699974921875 0.09030881640625 0.617091453125 0.037532107421875 0.62939659765625 0.069373375 0.680875080078125 0.123393208984375 0.6699974921875
7 0.166622837890625 0.6494219765625 0.1351924375 0.596802294921875 0.080883142578125 0.61125762109375 0.1196448046875 0.661074890625 0.166622837890625 0.6494219765625
6 0.136731099609375 0.6479850078125 0.1379144375 0.650535423828125 0.195854875 0.637678986328125 0.159465572265625 0.58606175390625 0.110131796875 0.597970728515625 0.136731099609375 0.6479850078125
16 0.224403474609375 0.624446009765625 0.18686334375 0.572885865234375 0.1354183046875 0.586777736328125 0.171189287109375 0.63764558984375 0.224403474609375 0.624446009765625
6 0.6171875 0.8916015625 0.076171875 0.056640625
9 0.6477358217592593 0.8873480902777777 0.0824508101851853 0.06145833333333339
6 0.6790292245370371 0.8807942708333334 0.07853009259259247 0.05941840277777777