46 0.384765625 0.0546875 0.15625 0.109375
2 0.10410156250000002 0.0966796875 0.1557291666666667 0.173828125
4 0.0576171875 0.111328125 0.115234375 0.18359375
8 0.1650390625 0.0771484375 0.146484375 0.154296875
31 0.3212890625 0.064453125 0.150390625 0.12890625
36 0.255859375 0.0673828125 0.15625 0.134765625
12 0.3916015625 0.4990234375 0.126953125 0.0859375
21 0.345703125 0.501953125 0.125 0.091796875
12 0.2939453125 0.505859375 0.130859375 0.099609375
6 0.228515625 0.5126953125 0.125 0.11328125
9 0.18248697916666667 0.5205078125 0.12109375 0.123046875
5 0.1362630208333333 0.5302734375 0.11927083333333344 0.125
29 1 0.7609536953125 0.92542694921875 0.7667776640625 1 0.912720400390625 1 0.7609536953125
20 1 0.903827626953125 0.950096478515625 0.7639945546875 0.8542422890625 0.776695119140625 0.9145798828125 0.961090828125 1 0.965264931640625 1 0.903827626953125
20 0.947708970703125 0.967976552734375 0.873975787109375 0.777560818359375 0.77684906640625 0.784512041015625 0.84252303515625 0.96847468359375 0.947708970703125 0.967976552734375
3 0.84615787109375 0.97139334375 0.784778970703125 0.792441599609375 0.684928873046875 0.797957583984375 0.74777480859375 0.97520815234375 0.84615787109375 0.97139334375
6 0.782224931640625 0.9812812265625 0.70234941796875 0.799014189453125 0.6161237734375 0.81794375 0.703767314453125 0.987131919921875 0.782224931640625 0.9812812265625
2 0.576171875 0.825403970703125 0.576171875 0.86904650390625 0.634152501953125 0.986795052734375 0.721784525390625 0.981856873046875 0.638132212890625 0.819906517578125 0.576171875 0.825403970703125