28 0.17388345703125 0.365611765625 0.094863279296875 0.147769927734375 0.000654427734375 0.170024509765625 0.082434490234375 0.38333452734375 0.17388345703125 0.365611765625
21 0.263065333984375 0.35438489453125 0.180005044921875 0.133317123046875 0.093432900390625 0.15407926171875 0.170820833984375 0.369583921875 0.263065333984375 0.35438489453125
17 0.35270238671875 0.3377374453125 0.28970415234375 0.119434455078125 0.18749266796875 0.139209326171875 0.25844093359375 0.353309583984375 0.35270238671875 0.3377374453125
5 0.40358072916666665 0.22374855324074072 0.1605468750000001 0.24228877314814823
6 0.4873046875 0.205078125 0.1484375 0.24609375
12 0.7296875 0.20583043981481486 0.08567708333333335 0.11435185185185182
21 0.7727864583333333 0.1937861689814815 0.08164062499999991 0.1123408564814814
12 0.8236328125 0.1808810763888889 0.07968749999999991 0.1123119212962963
6 0.8878255208333333 0.16329571759259265 0.0859375 0.11825810185185182
9 0.9347005208333333 0.14935619212962964 0.07929687500000004 0.1064525462962963
5 0.96875 0.1357421875 0.0625 0.111328125
27 0.058919270833333315 0.803783275462963 0.062369791666666674 0.08668981481481497
20 0.09459635416666667 0.7974826388888889 0.06223958333333335 0.08473668981481497
32 0.12949218750000002 0.7940972222222222 0.06236979166666656 0.08668981481481475
3 0.17669270833333328 0.7850405092592593 0.06223958333333335 0.08473668981481475
2 0.21152343750000002 0.7806785300925926 0.0625 0.08864293981481475
6 0.24628906250000004 0.775339988425926 0.06432291666666679 0.08671875000000018
28 0.8446704609375 0.98390319921875 0.80915498828125 0.85777351171875 0.779695720703125 0.86314969921875 0.8149495859375 0.989681638671875 0.8446704609375 0.98390319921875
10 0.8766195078125 0.9806934140625 0.825875998046875 0.850623185546875 0.8091522421875 0.8547515234375 0.8434864921875 0.987472826171875 0.8766195078125 0.9806934140625
31 0.86340220703125 0.84305105078125 0.829697310546875 0.850636498046875 0.8293588515625 0.8506983984375 0.8779860703125 0.97868331640625 0.895768615234375 0.975431130859375 0.86340220703125 0.84305105078125
2 0.93746347265625 0.9670678046875 0.897312927734375 0.83722459375 0.86640476171875 0.840779529296875 0.905160638671875 0.97230069921875 0.93746347265625 0.9670678046875
9 0.958828966796875 0.963492865234375 0.932155453125 0.83254147265625 0.89509576953125 0.83715810546875 0.93524667578125 0.96814434765625 0.958828966796875 0.963492865234375
6 0.99314957421875 0.95625256640625 0.953471677734375 0.828700880859375 0.93238299609375 0.83430046484375 0.9555333203125 0.963426375 0.99314957421875 0.95625256640625