5 0.259765625 0.0244140625 0.12890625 0.048828125
5 0.25390625 0.0625 0.140625 0.087890625
39 0.25 0.1328125 0.1484375 0.083984375
23 0.244140625 0.1875 0.16015625 0.087890625
23 0.2421875 0.2431640625 0.1640625 0.09375
17 0.66417127734375 0.054444615234375 0.613986291015625 0.11302046875 0.652579302734375 0.12990914453125 0.70353615234375 0.0707473984375 0.66417127734375 0.054444615234375
0 0.64014515625 0.04213006640625 0.59006499609375 0.09972691796875 0.626378734375 0.11427218359375 0.67772683984375 0.0554980390625 0.64014515625 0.04213006640625
8 0.620672716796875 0.030777234375 0.56906040625 0.08422237109375 0.60292806640625 0.098913162109375 0.65311080078125 0.043452994140625 0.620672716796875 0.030777234375
15 0.584760404296875 0.01260337890625 0.541090732421875 0.06567890625 0.566852544921875 0.07658790625 0.619345068359375 0.02504548828125 0.584760404296875 0.01260337890625
24 0.5645145703125 0.0028204765625 0.524607998046875 0.05511465625 0.552220259765625 0.06734375 0.598605564453125 0.0134175546875 0.5645145703125 0.0028204765625
10 0.54677284765625 0 0.5080604765625 0.044841806640625 0.5365972578125 0.057314248046875 0.57873371875 0.002932751953125 0.569405271484375 0 0.54677284765625 0
5 0 0.701746796875 0.04330316796875 0.713203314453125 0.11608534375 0.513209845703125 0.0087986640625 0.49793262109375 0 0.52848567578125 0 0.701746796875
0 0.12094907407407407 0.6185546875 0.16319444444444442 0.21115451388888884
23 0.4623480902777778 0.7762731481481482 0.11892361111111116 0.13881655092592604
44 0.6374421296296297 0.7895688657407407 0.11458333333333326 0.13275462962962958
23 0.4091435185185185 0.7722222222222221 0.12688078703703698 0.1411747685185185
44 0.6872829861111112 0.7996310763888889 0.10706018518518512 0.1362557870370371
44 0.5813802083333334 0.784693287037037 0.11653645833333326 0.1328559027777778
39 0.5045934606481481 0.7838107638888889 0.10872395833333348 0.13245081018518512