19 0 0.374375744140625 0.073627046875 0.3733842734375 0.025436833984375 0.12144793359375 0 0.1228538984375 0 0.374375744140625
7 0.19067475 0.364704654296875 0.201804802734375 0.107850056640625 0.039957921875 0.120544294921875 0.082959541015625 0.369382802734375 0.19067475 0.364704654296875
7 0.30006978125 0.352471869140625 0.30727117578125 0.1099985703125 0.155340658203125 0.106516609375 0.162004220703125 0.362565021484375 0.30006978125 0.352471869140625
1 0.3720703125 0.106100541015625 0.269067841796875 0.109739681640625 0.263063630859375 0.35349380078125 0.3720703125 0.356380525390625 0.3720703125 0.106100541015625
0 0.538021724609375 0.5673828125 0.668875947265625 0.5673828125 0.676189115234375 0.566264818359375 0.572144490234375 0.29085471484375 0.428571615234375 0.306923873046875 0.538021724609375 0.5673828125
1 0.661113451171875 0.5673828125 0.6996322578125 0.5673828125 0.782677322265625 0.56135776953125 0.688601779296875 0.27016429296875 0.56639387890625 0.281993908203125 0.661113451171875 0.5673828125
2 0.767996798828125 0.5673828125 0.851156330078125 0.5673828125 0.916668451171875 0.56079907421875 0.830163572265625 0.2633203671875 0.672612009765625 0.274058748046875 0.767996798828125 0.5673828125
42 1 0.24766132421875 0.831122724609375 0.261416734375 0.83521421484375 0.26272940625 0.949883390625 0.55015925390625 1 0.548916302734375 1 0.24766132421875
12 0 0.992651048828125 0.000648578125 0.9990234375 0.1042300078125 0.9990234375 0.091934275390625 0.86589884765625 0 0.868833353515625 0 0.992651048828125
20 0.170673056640625 0.862946884765625 0.04990087890625 0.867978724609375 0.061734392578125 0.9990234375 0.1677560625 0.9990234375 0.14391947265625 0.94092207421875 0.170673056640625 0.862946884765625
0 0.14932268359375 0.86768109765625 0.14753060546875 0.877804322265625 0.158944255859375 0.9990234375 0.266002955078125 0.9990234375 0.24926677734375 0.8674984921875 0.14932268359375 0.86768109765625
2 0.21441553125 0.869269568359375 0.220109787109375 0.9990234375 0.33596876171875 0.9990234375 0.32049994140625 0.86628323828125 0.21441553125 0.869269568359375
7 0.282625775390625 0.8697549453125 0.300882740234375 0.9990234375 0.3720703125 0.9990234375 0.3720703125 0.868396533203125 0.282625775390625 0.8697549453125
41 0.43659366015625 0.5693359375 0.3271484375 0.5693359375 0.3271484375 0.673453703125 0.75336337890625 0.723271673828125 0.732835255859375 0.612077275390625 0.43659366015625 0.5693359375
23 0.77991084765625 0.8581247890625 0.771119947265625 0.7255834296875 0.33036458984375 0.669554767578125 0.33749384765625 0.808324966796875 0.77991084765625 0.8581247890625
39 0.796594951171875 0.97496696875 0.768360552734375 0.853880556640625 0.342931509765625 0.8093898046875 0.3568795703125 0.947594595703125 0.796594951171875 0.97496696875