12 0.943359375 0.0546875 0.11328125 0.10546875
16 0.876953125 0.0517578125 0.140625 0.099609375
31 0.7958984375 0.044921875 0.130859375 0.0859375
0 0.681640625 0.037109375 0.13671875 0.0703125
7 0.6025390625 0.033203125 0.134765625 0.0625
2 0.515625 0.0283203125 0.140625 0.052734375
24 0 0.719502166015625 0.062728216796875 0.729210193359375 0.15494815234375 0.4807717109375 0.013780470703125 0.45838560546875 0 0.49836441796875 0 0.719502166015625
9 0.8626085069444445 0.5511935763888889 0.06762152777777786 0.024247685185185164
7 0.8381510416666667 0.5528935185185185 0.06575520833333326 0.026142939814814747
3 0.8118272569444445 0.5526982060185186 0.06575520833333348 0.02614293981481497
19 0.9446397569444445 0.5487630208333334 0.06566840277777786 0.02418981481481497
24 0.9211588541666667 0.5504340277777777 0.06575520833333326 0.02614293981481497
21 0.8967881944444445 0.5501808449074074 0.06770833333333348 0.026200810185185164