29 0.482077712890625 0.346452830078125 0.55859375 0.358259357421875 0.55859375 0.132996658203125 0.482077712890625 0.346452830078125
13 0.55859375 0.145917419921875 0.55859375 0.1292133515625 0.442095421875 0.10513225 0.392156818359375 0.316730498046875 0.507160220703125 0.3470728671875 0.55859375 0.145917419921875
22 0.416999859375 0.322753296875 0.4719408359375 0.105738646484375 0.3560038671875 0.081037826171875 0.299895904296875 0.2910510390625 0.416999859375 0.322753296875
0 0.303139984375 0.278413125 0.347481748046875 0.08088604296875 0.241977443359375 0.05948540234375 0.1952616328125 0.2568675546875 0.303139984375 0.278413125
7 0.226960171875 0.26355157421875 0.264803162109375 0.06419809375 0.164078037109375 0.038725822265625 0.12934884375 0.241716865234375 0.226960171875 0.26355157421875
5 0.091460955078125 0.032646853515625 0.062409841796875 0.2273842734375 0.156452263671875 0.23962842578125 0.19029856640625 0.0468132890625 0.091460955078125 0.032646853515625
15 0.7169053819444444 0.5693287037037037 0.08372395833333335 0.06310763888888893
32 0.6798972800925925 0.5668258101851852 0.08372395833333335 0.06310763888888893
34 0.6420138888888889 0.5623553240740741 0.08372395833333335 0.06310763888888893
9 0.5865017361111111 0.5586009837962963 0.08372395833333335 0.06310763888888893
2 0.5546875 0.5546875 0.0703125 0.0625
26 0.53303608984375 0.67342891015625 0.500985427734375 0.667906720703125 0.4774793359375 0.67425501171875 0.414823326171875 0.78957287109375 0.470247890625 0.792542904296875 0.53303608984375 0.67342891015625
17 0.4329405390625 0.792952724609375 0.497327732421875 0.6718459609375 0.441457255859375 0.663427013671875 0.372242583984375 0.791511052734375 0.4329405390625 0.792952724609375
29 0.38811271875 0.79782524609375 0.456780818359375 0.67055149609375 0.394571537109375 0.664128244140625 0.337097447265625 0.795445875 0.38811271875 0.79782524609375
6 0.346323384765625 0.79878380859375 0.386463744140625 0.668829419921875 0.33559832421875 0.666137291015625 0.271927810546875 0.797517634765625 0.346323384765625 0.79878380859375
6 0.301618869140625 0.802286091796875 0.34348387109375 0.6709181015625 0.29159258203125 0.6696735234375 0.226856267578125 0.800200134765625 0.301618869140625 0.802286091796875
4 0.249419015625 0.80738057421875 0.303240076171875 0.67018765234375 0.248244787109375 0.6663746171875 0.178241318359375 0.80228790625 0.249419015625 0.80738057421875