28 0.5615234375 0.0185546875 0.107421875 0.03515625
23 0.5166015625 0.0234375 0.111328125 0.044921875
11 0.4697265625 0.0263671875 0.111328125 0.05078125
7 0.4091796875 0.0302734375 0.111328125 0.05859375
4 0.3603515625 0.0341796875 0.107421875 0.06640625
3 0.314453125 0.0361328125 0.109375 0.0703125
49 0.703125 0.5859375 0.109375 0.357421875
47 0.6484375 0.599609375 0.21875 0.341796875
22 0.5265769675925926 0.6249131944444444 0.24042245370370363 0.34249131944444455
3 0.34997106481481477 0.655099826388889 0.24869791666666674 0.3584635416666666
1 0.21888744212962963 0.6746310763888889 0.2334201388888889 0.3694878472222223
3 0.103515625 0.69140625 0.20703125 0.375