32 0.429561154296875 0.37890625 0.43365949609375 0.359608052734375 0.36191825 0.343836466796875 0.3563693203125 0.37890625 0.429561154296875 0.37890625
32 0.37036697265625 0.37890625 0.374585220703125 0.3527478515625 0.301048109375 0.3397473359375 0.298311314453125 0.37890625 0.37036697265625 0.37890625
19 0.275390625 0.353515625 0.080078125 0.05078125
1 0.1953125 0.3466796875 0.080078125 0.064453125
8 0.140625 0.33984375 0.083984375 0.078125
9 0.0849609375 0.333984375 0.0859375 0.08984375
20 0.6416015625 0.238202771484375 0.6416015625 0.28095887890625 0.668971017578125 0.288269326171875 0.678690791015625 0.238257822265625 0.64310465625 0.230373396484375 0.6416015625 0.238202771484375
12 0.5153211805555555 0.9040364583333333 0.08680555555555558 0.13164062499999996
40 0.46838107638888893 0.8979817708333333 0.07708333333333339 0.13294270833333321
31 0.4184895833333333 0.8907552083333333 0.08298611111111098 0.1352864583333333
8 0.35284288194444446 0.8766276041666666 0.07916666666666661 0.13893229166666665
0 0.3096788194444444 0.8649739583333333 0.07699652777777777 0.12903645833333321
5 0.26358506944444443 0.853125 0.0712673611111111 0.13450520833333335
31 0.9755859375 0.7978515625 0.048828125 0.158203125
12 0.9367621527777779 0.7880208333333334 0.08910590277777786 0.1473958333333334
10 0.8730902777777778 0.7749999999999999 0.08519965277777786 0.14713541666666652
3 0.7956597222222223 0.7571614583333333 0.09900173611111107 0.1539062499999999
4 0.7359592013888889 0.7473307291666667 0.08532986111111107 0.15299479166666674
2 0.681640625 0.73828125 0.080078125 0.1484375