49 0.18173466435185187 0.2961226851851852 0.10572916666666665 0.14137731481481486
51 0.2535734953703704 0.2780960648148148 0.09780092592592593 0.13741319444444444
42 0.33023726851851853 0.262058738425926 0.10946180555555562 0.13554687499999996
8 0.42450810185185184 0.24517505787037036 0.09981192129629624 0.13938078703703705
7 0.470703125 0.2236328125 0.05859375 0.134765625
14 0.7369285300925926 0.40361689814814816 0.03896122685185177 0.06277488425925926
25 0.7113064236111111 0.4112413194444444 0.03896122685185177 0.06277488425925926
29 0.6877242476851851 0.4159505208333334 0.03689236111111116 0.058854166666666874
6 0.7703920717592593 0.3950737847222222 0.03700810185185177 0.06276041666666665
8 0.7930266203703704 0.38938078703703705 0.03695023148148158 0.06080729166666665
2 0.8176432291666667 0.3827256944444445 0.03890335648148158 0.060821759259259256
11 0 0.82790364453125 0.04837778515625 0.983596591796875 0.13178957421875 0.9515739765625 0.07111736328125 0.743634017578125 0 0.7423162109375 0 0.82790364453125
11 0.2239480703125 0.922780453125 0.164562095703125 0.693213267578125 0.0732363046875 0.7258040078125 0.1371513515625 0.9622779296875 0.2239480703125 0.922780453125
20 0.2455512152777778 0.7968894675925926 0.16377314814814814 0.25506365740740744
2 0.3823640046296297 0.7617621527777778 0.16589988425925917 0.2609374999999998
4 0.4482421875 0.728515625 0.103515625 0.2578125
12 0.53223855078125 0.60962042578125 0.56489989453125 0.59979121875 0.547515638671875 0.541754220703125 0.5150917109375 0.55064358203125 0.53223855078125 0.60962042578125
32 0.564918892578125 0.600889859375 0.59490703515625 0.593026521484375 0.581460294921875 0.532720033203125 0.547887091796875 0.541425583984375 0.564918892578125 0.600889859375
27 0.629085046875 0.584045982421875 0.61420978125 0.524303255859375 0.58142191015625 0.532544994140625 0.595837453125 0.59423634765625 0.629085046875 0.584045982421875
4 0.67440565625 0.572279900390625 0.65859583984375 0.512320521484375 0.627276130859375 0.520430728515625 0.642146328125 0.580909361328125 0.67440565625 0.572279900390625
2 0.707480666015625 0.56433705078125 0.692211123046875 0.503806849609375 0.659668328125 0.513166171875 0.6743789921875 0.573168798828125 0.707480666015625 0.56433705078125
7 0.70914706640625 0.56283400390625 0.73937237890625 0.554031216796875 0.72674163671875 0.49441126171875 0.692238859375 0.503175853515625 0.70914706640625 0.56283400390625