3 0.0302734375 0.4384765625 0.060546875 0.154296875
4 0.08129340277777775 0.4380642361111111 0.08342013888888888 0.1528790509259259
2 0.13997395833333326 0.4345920138888889 0.08155381944444429 0.1567708333333333
35 0.421102072265625 0 0.39477088671875 0.00348318359375 0.4071000390625 0.11644741796875 0.4566599375 0.11332582421875 0.447034650390625 0 0.421102072265625 0
11 0.46875 0.0556640625 0.06640625 0.111328125
28 0.5107421875 0.0537109375 0.068359375 0.107421875
0 0.572265625 0.0517578125 0.0625 0.103515625
0 0.6171875 0.05078125 0.06640625 0.1015625
6 0.662109375 0.0498046875 0.06640625 0.099609375
9 0.0166015625 0.833984375 0.033203125 0.06640625
9 0.03932291666666665 0.8334056712962963 0.038541666666666696 0.06662326388888884
0 0.06477864583333337 0.8306640625 0.038541666666666696 0.06662326388888884