32 0.16780237268518516 0.08917100694444446 0.07607060185185177 0.12916666666666665
34 0.2419777199074074 0.09063946759259256 0.07607060185185188 0.12916666666666665
19 0.3142578125 0.09589843749999999 0.07799479166666667 0.12732928240740737
8 0.41090856481481475 0.09967447916666666 0.07408854166666679 0.12709780092592593
7 0.490234375 0.045374056640625 0.452033255859375 0.0442138359375 0.4581397578125 0.162397025390625 0.490234375 0.162680185546875 0.490234375 0.045374056640625
10 0.751953125 0.087890625 0.15625 0.17578125
43 0.6123046875 0.0849609375 0.173828125 0.169921875
44 0.92578125 0.0859375 0.1484375 0.171875
28 0.856884794921875 0.826430494140625 0.85769355078125 0.55424588671875 0.750974388671875 0.550440392578125 0.753475109375 0.808375642578125 0.856884794921875 0.826430494140625
20 0.96908996484375 0.835673083984375 0.95946039453125 0.56975556640625 0.85678844921875 0.560829677734375 0.8545671015625 0.831677564453125 0.96908996484375 0.835673083984375
23 1 0.567880671875 0.96206265234375 0.563395064453125 0.96321405859375 0.84604215234375 1 0.84467600390625 1 0.567880671875