23 0.6748046875 0.0146484375 0.091796875 0.029296875
20 0.6337890625 0.017578125 0.095703125 0.03515625
2 0.578125 0.0244140625 0.09765625 0.048828125
9 0.5361328125 0.02734375 0.091796875 0.0546875
1 0.5087890625 0.033203125 0.072265625 0.06640625
35 0.21321614583333337 0.7606770833333334 0.0859375 0.09600694444444446
27 0.17858072916666667 0.7700520833333333 0.0859375 0.09600694444444446
22 0.14375000000000004 0.7764973958333333 0.08385416666666679 0.09396701388888884
4 0.09648437499999996 0.7874131944444445 0.0859375 0.09600694444444446
0 0.06276041666666665 0.7957682291666667 0.0859375 0.09600694444444446
8 0.0341796875 0.802734375 0.068359375 0.09765625
12 0.70703125 0.421875 0.107421875 0.091796875
30 0.6640625 0.4287109375 0.115234375 0.10546875
10 0.619140625 0.43359375 0.107421875 0.115234375
6 0.55859375 0.44140625 0.111328125 0.130859375
1 0.5224609375 0.44921875 0.09765625 0.146484375
5 0.501953125 0.4541015625 0.056640625 0.15625