14 0.6245876736111111 0.21006944444444442 0.07886284722222214 0.04723668981481488
25 0.6025390625 0.2099609375 0.0703125 0.048828125
6 0.6586371527777778 0.2104673032407407 0.07690972222222214 0.04709201388888884
8 0.6819878472222223 0.21068431712962965 0.07486979166666652 0.04499421296296302
2 0.7072482638888888 0.21173321759259256 0.07682291666666652 0.04513888888888884
8 0.1025390625 0.7021484375 0.205078125 0.048828125
6 0.1015625 0.7607421875 0.203125 0.119140625
0 0.0947265625 0.84375 0.189453125 0.109375
0 0.9501953125 0.8349609375 0.099609375 0.314453125
25 0.828125 0.830078125 0.232421875 0.3046875
40 0.705078125 0.8251953125 0.216796875 0.294921875
40 0.6279296875 0.8193359375 0.12109375 0.283203125