31 0.3060980902777777 0.29865451388888886 0.09946469907407396 0.15980902777777772
12 0.24529803240740744 0.3027994791666666 0.10112847222222232 0.15208333333333335
10 0.18250868055555558 0.30783420138888884 0.0951967592592593 0.1498697916666667
3 0.10416666666666663 0.31022135416666663 0.10915798611111116 0.15828993055555562
4 0.0458984375 0.3154296875 0.091796875 0.158203125
2 0.0166015625 0.3212890625 0.033203125 0.154296875
12 1 0.21340708203125 0.931547822265625 0.21791931640625 0.94196715625 0.376617240234375 1 0.372675390625 1 0.21340708203125
47 0.870615486328125 0.2227511953125 0.876541271484375 0.38046433984375 0.953935248046875 0.372346880859375 0.946870078125 0.218244724609375 0.941779009765625 0.217331912109375 0.870615486328125 0.2227511953125
12 0.876362712890625 0.225429421875 0.80021937109375 0.229323828125 0.807579056640625 0.38621741796875 0.889675869140625 0.37824226171875 0.876362712890625 0.225429421875
3 0.794710560546875 0.23204460546875 0.704594423828125 0.2388041328125 0.72426695703125 0.397920142578125 0.8007050078125 0.385503255859375 0.794710560546875 0.23204460546875
4 0.6564090546875 0.3994140625 0.68711770703125 0.3994140625 0.73175487109375 0.39268576171875 0.71637339453125 0.23932995703125 0.652608529296875 0.243277482421875 0.6564090546875 0.3994140625
20 0.6552734375 0.569925177734375 0.6552734375 0.3974609375 0.5640439375 0.3974609375 0.6096857421875 0.4741529609375 0.584675783203125 0.58584284765625 0.6552734375 0.569925177734375
16 0.474524869140625 0.3974609375 0.50105455859375 0.604347607421875 0.599898005859375 0.588899986328125 0.575353640625 0.3974609375 0.474524869140625 0.3974609375
33 0.483885248046875 0.40015188671875 0.3733563125 0.42339171484375 0.42601187890625 0.51897484375 0.415514666015625 0.6221571796875 0.51555134765625 0.608600951171875 0.483885248046875 0.40015188671875
5 0.394438962890625 0.623297435546875 0.34906198046875 0.42967815625 0.245573607421875 0.449021287109375 0.29786526953125 0.64622284375 0.394438962890625 0.623297435546875
8 0.307051138671875 0.6486966875 0.251483505859375 0.446981822265625 0.16662004296875 0.464873646484375 0.203812203125 0.665796384765625 0.307051138671875 0.6486966875
5 0.221148548828125 0.66424206640625 0.167001642578125 0.467827404296875 0.060945263671875 0.488588931640625 0.123973748046875 0.686225751953125 0.221148548828125 0.66424206640625
9 1 0.40684592578125 0.9396741171875 0.3974609375 0.881045828125 0.3974609375 0.93170553515625 0.7131078046875 1 0.711676810546875 1 0.40684592578125
6 0.8830379453125 0.3974609375 0.815036583984375 0.3974609375 0.766340564453125 0.402552478515625 0.810139158203125 0.71908369921875 0.9319253203125 0.716265568359375 0.8830379453125 0.3974609375