31 0.29629359375 0.232907896484375 0.3448228359375 0.0428858359375 0.26740499609375 0.022707587890625 0.221778734375 0.21749153515625 0.29629359375 0.232907896484375
22 0.225303060546875 0.21568844140625 0.268879966796875 0.0245106796875 0.192628123046875 0.0059582734375 0.14414905859375 0.193945669921875 0.225303060546875 0.21568844140625
11 0.12113302734375 0 0.0677286171875 0.175454962890625 0.14635482421875 0.200688744140625 0.192713611328125 0.01084401953125 0.131429025390625 0 0.12113302734375 0
5 0.00101584375 0 0 0.00336823828125 0 0.1598799765625 0.038307103515625 0.166548423828125 0.087139662109375 0 0.00101584375 0
9 0.951171875 0.048828125 0.08203125 0.09765625
9 0.90234375 0.0419921875 0.08203125 0.083984375
7 0.8603515625 0.029296875 0.080078125 0.05859375
42 0.9833984375 0.0615234375 0.033203125 0.115234375
13 0.470703125 0.729396310546875 0.470703125 0.578125 0.393329236328125 0.578125 0.318866244140625 0.799637365234375 0.432039740234375 0.835751322265625 0.470703125 0.729396310546875
33 0.306640625 0.6884765625 0.203125 0.220703125
34 0.1884765625 0.673828125 0.193359375 0.19140625
6 0.05859375 0.6484375 0.1171875 0.140625