48 0.96484375 0.392578125 0.0703125 0.0859375
39 0.9383318865740741 0.390234375 0.07546296296296306 0.08666087962962954
39 0.9049840856481481 0.38096064814814823 0.07549189814814827 0.08861400462962976
7 0.8627893518518519 0.36791087962962965 0.07939814814814827 0.08867187499999996
5 0.8274739583333333 0.35768952546296295 0.07741608796296306 0.08668981481481475
3 0.7980758101851851 0.35128761574074074 0.07738715277777786 0.08473668981481475
10 0.146936138671875 0.85435099609375 0.197804474609375 0.70659338671875 0.1321966171875 0.704961287109375 0.071324845703125 0.859157875 0.146936138671875 0.85435099609375
11 0.142490919921875 0.713555943359375 0.0619139296875 0.710569259765625 0.03446655078125 0.7860919375 0.0088958515625 0.85990933203125 0.083721955078125 0.862367642578125 0.142490919921875 0.713555943359375
30 0 0.8733954453125 0.0171031953125 0.872515623046875 0.074201220703125 0.719889009765625 0 0.725555400390625 0 0.8733954453125
25 0.3857421875 0.5888671875 0.3857421875 0.654250158203125 0.73181339453125 0.59160530078125 0.73121064453125 0.5888671875 0.3857421875 0.5888671875
9 0.399259873046875 0.70945603515625 0.4552793828125 0.848549046875 0.801210587890625 0.75223773046875 0.752914671875 0.644066654296875 0.637018267578125 0.72430423046875 0.5774706953125 0.683719708984375 0.399259873046875 0.70945603515625
7 0.867475234375 0.887317697265625 0.818469951171875 0.784349607421875 0.415463087890625 0.842631908203125 0.487350484375 0.99811929296875 0.867475234375 0.887317697265625
2 0.944561408203125 1 0.8881339375 0.899079755859375 0.51750166015625 0.985989451171875 0.522860064453125 1 0.944561408203125 1