31 0.015625 0.0439453125 0.03125 0.083984375
24 0.041015625 0.0478515625 0.08203125 0.091796875
19 0.0830078125 0.0517578125 0.1015625 0.09765625
9 0.14959490740740744 0.0625 0.10243055555555558 0.111328125
9 0.19816984953703698 0.072265625 0.10228587962962976 0.109375
7 0.24486400462962965 0.0830078125 0.10286458333333326 0.1171875
43 1 0.024442703125 0.950421087890625 0.0029296875 0.588595255859375 0.0029296875 0.586513142578125 0.009693283203125 1 0.16606012109375 1 0.024442703125
6 1 0.213237353515625 0.56201194921875 0.053529708984375 0.51779826953125 0.170145466796875 1 0.368021873046875 1 0.213237353515625
9 1 0.357734365234375 0.522571302734375 0.183670703125 0.489181126953125 0.3026035390625 0.95210419921875 0.47883987890625 1 0.364697244140625 1 0.357734365234375
9 0.563994041015625 0.4853515625 0.945797701171875 0.4853515625 0.951281951171875 0.465663158203125 0.50648509375 0.3245353671875 0.462168271484375 0.454369443359375 0.563994041015625 0.4853515625
29 0.5107421875 0.69921875 0.2265625 0.314453125
23 0.6330656828703703 0.7294921875 0.23408564814814814 0.306640625
0 0.8099320023148149 0.7705078125 0.23365162037037024 0.30078125
6 0.90625 0.7958984375 0.1875 0.302734375