32 0.0205078125 0.0751953125 0.041015625 0.111328125
2 0.07364004629629628 0.07494212962962965 0.10800057870370372 0.11456886574074066
9 0.1342230902777778 0.070826099537037 0.1059751157407407 0.11251446759259265
0 0.19375723379629628 0.06871383101851847 0.1059751157407407 0.11251446759259265
20 0 0.643703107421875 0.06174854296875 0.63754576953125 0.020386009765625 0.4107007578125 0 0.413253931640625 0 0.643703107421875
9 0.057883416015625 0.4033203125 0.053153859375 0.625866853515625 0.196876931640625 0.59499644140625 0.222612048828125 0.4033203125 0.057883416015625 0.4033203125
6 0.183969111328125 0.4033203125 0.170730671875 0.600836998046875 0.33055509375 0.56452761328125 0.328578103515625 0.4033203125 0.183969111328125 0.4033203125
5 0.290394734375 0.4033203125 0.289513974609375 0.564033111328125 0.43423004296875 0.526488236328125 0.443454529296875 0.4033203125 0.290394734375 0.4033203125
12 0.546875 0.72265625 0.095703125 0.173828125
16 0.6111834490740741 0.7115451388888889 0.13570601851851838 0.17838541666666652
31 0.6936125578703703 0.6965494791666667 0.12579571759259256 0.17397280092592604
0 0.8104383680555556 0.6739221643518518 0.12977430555555558 0.17612847222222228
7 0.8908058449074074 0.6619574652777778 0.1298466435185186 0.17808159722222228
2 0.955078125 0.646484375 0.08984375 0.17578125