10 0.496484375 0.29563802083333335 0.16471354166666674 0.2559172453703704
6 0.14342447916666667 0.3119719328703704 0.1869791666666667 0.26890914351851847
0 0.3568359375 0.30206886574074077 0.1645833333333333 0.2539641203703704
47 0.56640625 0.2841796875 0.1015625 0.255859375
0 0.256640625 0.30495515046296295 0.16145833333333337 0.265451388888889
31 0.9404296875 0.1708984375 0.119140625 0.341796875
22 0.8460286458333333 0.18000578703703707 0.22135416666666652 0.34681712962962963
0 0.68359375 0.185546875 0.1640625 0.34375
50 0.1474609375 0.6962890625 0.158203125 0.056640625
44 0.8046875 0.89453125 0.1796875 0.2109375
44 0.9130859375 0.888671875 0.158203125 0.22265625
44 0.9541015625 0.8837890625 0.091796875 0.232421875