6 0.48226996527777777 0.3832899305555556 0.13615451388888888 0.19565972222222228
6 0.4041956018518519 0.3799262152777778 0.13418692129629628 0.19361979166666665
3 0.3222366898148148 0.37380642361111116 0.1459924768518519 0.20585937499999996
36 0.2021556712962963 0.37426215277777775 0.13615451388888888 0.19565972222222228
20 0.0537109375 0.3759765625 0.107421875 0.208984375
50 0.12309751157407406 0.37191840277777777 0.1361834490740741 0.19956597222222228
4 0.7021484375 0.0849609375 0.064453125 0.169921875
8 0.74609375 0.0859375 0.1328125 0.171875
48 0.201171875 0.63671875 0.26171875 0.078125
40 0.34086212109375 0.74770551171875 0.333004845703125 0.653248548828125 0.079584732421875 0.669690982421875 0.084496056640625 0.761138796875 0.34086212109375 0.74770551171875
39 0.35927546875 0.831791259765625 0.34716538671875 0.747424310546875 0.08725717578125 0.764976291015625 0.09667658984375 0.859366759765625 0.35927546875 0.831791259765625
6 0.8659288194444444 0.7070963541666667 0.07071759259259269 0.059982638888888884
16 0.8942418981481481 0.7068142361111112 0.07265625000000009 0.05811631944444429
28 0.795360619140625 0.737276830078125 0.799908892578125 0.682823314453125 0.73333816015625 0.685685783203125 0.73271281640625 0.739764986328125 0.795360619140625 0.737276830078125
14 0.70379633203125 0.74321254296875 0.772485595703125 0.7422762890625 0.77138040234375 0.684345478515625 0.7037616640625 0.686080939453125 0.702687296875 0.68587458984375 0.70379633203125 0.74321254296875
24 0.828516326171875 0.7360283515625 0.823625875 0.67997684375 0.76013429296875 0.685189609375 0.762186701171875 0.7389911328125 0.828516326171875 0.7360283515625
7 0.859239689453125 0.7361344765625 0.872626474609375 0.680334201171875 0.801847724609375 0.6807730234375 0.816228150390625 0.737580251953125 0.859239689453125 0.7361344765625