10 0.94140625 0.4345703125 0.1171875 0.224609375
31 0.8818359375 0.4140625 0.236328125 0.265625
22 0.7548828125 0.3974609375 0.25390625 0.30078125
0 0.5888671875 0.3662109375 0.234375 0.3515625
4 0.5185546875 0.33203125 0.09375 0.345703125
10 0.306640625 0.85546875 0.208984375 0.287109375
32 0.21525607638888888 0.8254774305555556 0.2015625000000001 0.2841001157407408
21 0.11738281250000004 0.7883752893518519 0.20160590277777768 0.2860532407407408
1 0.0400390625 0.7373046875 0.080078125 0.279296875
20 0.9296875 0.580078125 0.140625 0.0625
43 0.8583984375 0.5712890625 0.1640625 0.04296875