17 0.265625 0.19140625 0.09765625 0.259765625
23 0.3501302083333333 0.19495081018518523 0.19120370370370376 0.2569299768518518
20 0.4779730902777778 0.19986255787037038 0.18344907407407396 0.2607783564814815
2 0.6683593750000001 0.2013816550925926 0.17560763888888875 0.2587673611111111
2 0.7972511574074075 0.2014033564814815 0.19105902777777795 0.24716435185185193
0 0.9140625 0.201171875 0.171875 0.26171875
10 0.11198640046296299 0.8673394097222222 0.06319444444444444 0.05287905092592604
33 0.13052662037037033 0.8681785300925926 0.06514756944444455 0.05289351851851842
22 0.15004340277777772 0.8690104166666667 0.06514756944444455 0.05289351851851842
6 0.17541956018518512 0.8697989004629629 0.06511863425925934 0.05094039351851842
6 0.2154152199074073 0.8724320023148149 0.06514756944444455 0.05289351851851842
5 0.1949218749999999 0.8716073495370371 0.06514756944444455 0.05289351851851842
48 0.4262008101851852 0.5975188078703704 0.08321759259259265 0.08622685185185186
39 0.45641637731481477 0.6012008101851852 0.08126446759259265 0.08621238425925926
39 0.4906105324074074 0.5999710648148148 0.08129340277777786 0.08816550925925926
7 0.5345847800925926 0.5976924189814815 0.08519965277777786 0.08819444444444446
5 0.5707465277777778 0.5954716435185186 0.08517071759259265 0.08624131944444446
3 0.6009910300925926 0.5972005208333333 0.08318865740740744 0.08427372685185186