10 0.115805298828125 0.29823206640625 0.18800651953125 0.1383716484375 0.160470791015625 0.120095978515625 0.084252390625 0.278096388671875 0.115805298828125 0.29823206640625
11 0.0846571640625 0.279423076171875 0.160359064453125 0.120323583984375 0.12626398046875 0.10012278125 0.05771076953125 0.25687468359375 0.0846571640625 0.279423076171875
20 0.128616841796875 0.102321470703125 0.091870966796875 0.0849431171875 0.0665879140625 0.168456703125 0.018349947265625 0.243008587890625 0.054733603515625 0.262754244140625 0.128616841796875 0.102321470703125
5 0 0.236854728515625 0.00683803515625 0.242741765625 0.085361830078125 0.084630810546875 0.052118322265625 0.06564615234375 0 0.180762015625 0 0.236854728515625
8 0 0.181255291015625 0.050445455078125 0.06835153515625 0.026575109375 0.054017033203125 0 0.1043500546875 0 0.181255291015625
18 0.9046730324074074 0.25902777777777786 0.051851851851851816 0.07330729166666661
23 0.871556712962963 0.25390625 0.055787037037037024 0.07534722222222223
35 0.8356119791666667 0.24201388888888886 0.05572916666666661 0.07144097222222223
6 0.7889105902777778 0.23133680555555558 0.0557002314814814 0.06948784722222223
9 0.7548321759259259 0.22526041666666674 0.05182291666666661 0.07135416666666661
6 0.7207826967592592 0.2172309027777778 0.053804976851851816 0.07335069444444442
36 0.3955078125 0.5576171875 0.072265625 0.115234375
0 0.3232421875 0.544921875 0.111328125 0.08984375
44 0.2607421875 0.53515625 0.111328125 0.0703125
44 0.19140625 0.5263671875 0.11328125 0.052734375