13 0 0.247992052734375 0.0548343515625 0.24594877734375 0.052730974609375 0.094490970703125 0 0.0987607578125 0 0.247992052734375
6 0.14291901953125 0.2445090234375 0.136652681640625 0.09185680078125 0.07740239453125 0.092815640625 0.08364421875 0.24794175390625 0.14291901953125 0.2445090234375
5 0.18395207421875 0.24279143359375 0.17531725 0.08247493359375 0.119234466796875 0.092100734375 0.126128599609375 0.245818189453125 0.18395207421875 0.24279143359375
1 0.213733279296875 0.239783796875 0.195717244140625 0.08505844921875 0.158291939453125 0.08489790234375 0.16905474609375 0.24247804296875 0.213733279296875 0.239783796875
35 0.65192791796875 0.3161497421875 0.650542150390625 0.21809848828125 0.592942583984375 0.22506494140625 0.590187556640625 0.321891802734375 0.65192791796875 0.3161497421875
12 0.685549306640625 0.313360091796875 0.687765001953125 0.217576189453125 0.629646830078125 0.222547783203125 0.629276880859375 0.31713112109375 0.685549306640625 0.313360091796875
27 0.723945177734375 0.30851641015625 0.72491865625 0.21318891015625 0.66473684765625 0.217339384765625 0.666753162109375 0.314289189453125 0.723945177734375 0.30851641015625
4 0.774993884765625 0.302511591796875 0.77167735546875 0.211969990234375 0.719556388671875 0.2121366484375 0.715632826171875 0.299412826171875 0.774993884765625 0.302511591796875
0 0.810218822265625 0.299557830078125 0.81234569140625 0.20837333203125 0.752315203125 0.2085011484375 0.751964162109375 0.302114412109375 0.810218822265625 0.299557830078125
3 0.843356361328125 0.2974764453125 0.84797669140625 0.200496041015625 0.791715826171875 0.20547151953125 0.788328751953125 0.30004305078125 0.843356361328125 0.2974764453125
31 0.2578125 0.7109375 0.115234375 0.109375
22 0.3330078125 0.7138671875 0.12109375 0.115234375
11 0.396484375 0.712890625 0.087890625 0.11328125
23 0.53557787109375 1 0.52991894921875 0.78541528515625 0.4189453125 0.781146220703125 0.4189453125 1 0.53557787109375 1
2 0.664077251953125 1 0.674465806640625 0.7837105546875 0.554878486328125 0.785677876953125 0.54881627734375 1 0.664077251953125 1
6 0.762170373046875 1 0.7723178203125 0.780465716796875 0.654022037109375 0.785096033203125 0.648001232421875 1 0.762170373046875 1
3 0.86671021484375 1 0.879228396484375 0.787871310546875 0.75129565625 0.779152986328125 0.73998952734375 1 0.86671021484375 1