9 0.417137763671875 0.4765625 0.42886891015625 0.375729056640625 0.270088537109375 0.3553533046875 0.275430970703125 0.4765625 0.417137763671875 0.4765625
6 0.298676494140625 0.4765625 0.29460177734375 0.347674310546875 0.15921349609375 0.325743572265625 0.150340283203125 0.4765625 0.298676494140625 0.4765625
5 0.17738117578125 0.4765625 0.178410845703125 0.325147630859375 0.041218712890625 0.2975641328125 0.04573834765625 0.4765625 0.17738117578125 0.4765625
18 0.9306640625 0.201171875 0.138671875 0.27734375
11 0.874380884765625 0.335075494140625 0.892742908203125 0.06877932421875 0.75952376171875 0.073220416015625 0.732636552734375 0.3437355234375 0.874380884765625 0.335075494140625
27 0.641006416015625 0.243172998046875 0.60225411328125 0.36107043359375 0.747437751953125 0.3523918515625 0.76637220703125 0.070414888671875 0.653072234375 0.066409861328125 0.59565075 0.12963637890625 0.641006416015625 0.243172998046875
0 0.45703125 0.367867828125 0.569387076171875 0.358464732421875 0.577555734375 0.072288828125 0.45703125 0.087486453125 0.45703125 0.367867828125
16 0.21697771990740744 0.8390118634259259 0.06896701388888893 0.07978877314814814
15 0.17597656250000004 0.8385778356481481 0.07092013888888893 0.07986111111111116
29 0.13109085648148144 0.8353587962962963 0.07287326388888893 0.07993344907407418
5 0.06668113425925926 0.8318865740740741 0.07287326388888893 0.07993344907407418
5 0.0283203125 0.828125 0.056640625 0.08203125
10 0.9775390625 0.6875 0.044921875 0.17578125
2 0.9066840277777778 0.677806712962963 0.10674189814814805 0.17100694444444442
5 0.8354311342592593 0.6755642361111112 0.10285011574074066 0.1728153935185186
5 0.7612630208333333 0.6714771412037037 0.10483217592592586 0.1767939814814814
26 1 0.532155984375 0.72082006640625 0.516705673828125 0.697939828125 0.536260369140625 0.67387559765625 0.82970120703125 0.69085905859375 0.84992804296875 1 0.86213372265625 1 0.532155984375