6 0.275390625 0.421875 0.154296875 0.1953125
1 0.193359375 0.416015625 0.130859375 0.20703125
9 0.3359375 0.4365234375 0.068359375 0.166015625
21 0.970772701171875 0.51953125 0.9964004921875 0.42079637109375 0.93983045703125 0.403171642578125 0.909359173828125 0.51953125 0.970772701171875 0.51953125
24 0.906614560546875 0.51953125 0.93884855078125 0.39570155859375 0.887156736328125 0.37677988671875 0.849710123046875 0.51953125 0.906614560546875 0.51953125
21 0.79703716796875 0.495413025390625 0.789964130859375 0.51953125 0.8488000546875 0.51953125 0.884671841796875 0.3744035234375 0.862429763671875 0.363585876953125 0.827733216796875 0.501858931640625 0.79703716796875 0.495413025390625
4 0.7672293203125 0.51953125 0.771939171875 0.51953125 0.81016025390625 0.351535828125 0.773392203125 0.32979080078125 0.71531098046875 0.50240406640625 0.7672293203125 0.51953125
0 0.719331078125 0.505134123046875 0.766433154296875 0.33084672265625 0.72217920703125 0.310751244140625 0.6732713671875 0.483614109375 0.719331078125 0.505134123046875
3 0.67055625390625 0.291591154296875 0.626328818359375 0.464104775390625 0.674686119140625 0.4842081171875 0.719631025390625 0.31031306640625 0.67055625390625 0.291591154296875
19 0.042808505859375 0.696803625 0.04982501171875 0.657623005859375 0.022253078125 0.651060845703125 0.013523162109375 0.68948291796875 0.042808505859375 0.696803625
14 0 0.685795654296875 0.0146050859375 0.689557705078125 0.023298599609375 0.65106414453125 0 0.645413044921875 0 0.685795654296875
10 0.9609375 0.865234375 0.078125 0.26953125
31 0.9013671875 0.8466796875 0.197265625 0.306640625
22 0.767578125 0.8310546875 0.220703125 0.337890625
0 0.5854600694444445 0.7822627314814815 0.21219618055555545 0.3431712962962963
4 0.462890625 0.75 0.189453125 0.34375
4 0.3974609375 0.7119140625 0.05859375 0.349609375