28 0.0771484375 0.431640625 0.125 0.083984375
24 0.1474609375 0.43359375 0.12109375 0.080078125
29 0.212890625 0.4345703125 0.115234375 0.078125
0 0.30859375 0.4345703125 0.115234375 0.078125
6 0.443359375 0.4287109375 0.123046875 0.08984375
0 0.373046875 0.4326171875 0.115234375 0.08203125
22 0.666447271484375 0.32400641796875 0.7908541328125 0.321730005859375 0.721974337890625 0.128157384765625 0.58769346484375 0.130197990234375 0.666447271484375 0.32400641796875
3 0.805577025390625 0.319575970703125 0.919868126953125 0.3171531171875 0.88168355859375 0.124736224609375 0.743050607421875 0.12993799609375 0.805577025390625 0.319575970703125
6 1 0.12617672265625 0.86112798046875 0.124970568359375 0.897176357421875 0.32066603515625 1 0.320016490234375 1 0.12617672265625
21 0.05488281249999999 0.7155454282407407 0.07183159722222221 0.060561342592592604
30 0.08328993055555556 0.7133174189814815 0.06987847222222221 0.06044560185185177
13 0.10970052083333331 0.7129267939814814 0.06987847222222221 0.06044560185185199
8 0.14787326388888888 0.7112774884259259 0.06987847222222232 0.06044560185185199
0 0.1752821180555555 0.7099681712962963 0.06987847222222232 0.06044560185185177
1 0.2016710069444445 0.7105541087962963 0.06992187499999991 0.06239872685185199
10 0.7756076388888888 0.6762803819444445 0.16753472222222232 0.24178240740740753
44 0.9658203125 0.6650390625 0.068359375 0.263671875
10 0.6873914930555556 0.6857204861111111 0.16397569444444438 0.25717592592592586
43 0.8821831597222223 0.6767288773148148 0.17547743055555554 0.24810474537037042