13 0.11931683984375 0.061230248046875 0.2178167890625 0.058499283203125 0.217909671875 0.0048828125 0.118700466796875 0.0048828125 0.1174660234375 0.06084533984375 0.11931683984375 0.061230248046875
31 0.263446681640625 0.06238472265625 0.27506332421875 0.0048828125 0.180078474609375 0.0048828125 0.18046637890625 0.06146793359375 0.263446681640625 0.06238472265625
13 0.327957541015625 0.062514689453125 0.335673255859375 0.0048828125 0.239944326171875 0.0048828125 0.230177826171875 0.06189666015625 0.327957541015625 0.062514689453125
1 0.401113015625 0.07066963671875 0.410492087890625 0.0048828125 0.328209083984375 0.0048828125 0.315697986328125 0.067994109375 0.401113015625 0.07066963671875
8 0.4640688671875 0.071989603515625 0.474845109375 0.0048828125 0.382718578125 0.0048828125 0.37041726171875 0.069511673828125 0.4640688671875 0.071989603515625
1 0.516103216796875 0.077683845703125 0.52964860546875 0.0048828125 0.446625439453125 0.0048828125 0.432382796875 0.074638498046875 0.516103216796875 0.077683845703125
25 0.6474768203125 0.24595994921875 0.666169193359375 0.1509488515625 0.608405150390625 0.13409936328125 0.58155633984375 0.24042259765625 0.6474768203125 0.24595994921875
29 0.6729770390625 0.251707865234375 0.70167251953125 0.15351636328125 0.639697564453125 0.146269787109375 0.612708931640625 0.245841345703125 0.6729770390625 0.251707865234375
20 0.645495732421875 0.256388623046875 0.715404779296875 0.26536079296875 0.704746265625 0.212172205078125 0.740392775390625 0.16539932421875 0.671386103515625 0.15512505859375 0.645495732421875 0.256388623046875
5 0.76311737109375 0.278987548828125 0.785867298828125 0.1752611015625 0.71642451171875 0.16726665625 0.69526537109375 0.26971049609375 0.76311737109375 0.278987548828125
6 0.79675787890625 0.29184266796875 0.822794560546875 0.190423515625 0.7543583671875 0.179777689453125 0.73147883984375 0.28174273046875 0.79675787890625 0.29184266796875
1 0.834471732421875 0.301428017578125 0.8588085859375 0.1947823515625 0.79466035546875 0.1913739375 0.7664656328125 0.29167937109375 0.834471732421875 0.301428017578125
21 0.091796875 0.552734375 0.18359375 0.078125
37 0.09375 0.6171875 0.1875 0.078125
20 0.087890625 0.6845703125 0.17578125 0.083984375
3 0.080078125 0.7734375 0.16015625 0.08984375
7 0.0771484375 0.8388671875 0.154296875 0.083984375
5 0.0732421875 0.9052734375 0.146484375 0.091796875