0 0.24863281250000002 0.09507378472222222 0.09113136574074066 0.10629340277777777
43 0.0263671875 0.1552734375 0.052734375 0.123046875
1 0.16202980324074073 0.11371527777777779 0.09124710648148149 0.11019965277777777
2 0.20422453703703702 0.10874565972222222 0.09314236111111107 0.10833333333333328
43 0.09898003472222222 0.12949218750000002 0.09905960648148149 0.11054687500000004
50 0.0498046875 0.146484375 0.099609375 0.12109375
13 0.5361328125 0.522233888671875 0.574639130859375 0.517531037109375 0.55365154296875 0.49622909375 0.5361328125 0.496979005859375 0.5361328125 0.522233888671875
31 0.05448826953125 0.7216796875 0.095811455078125 0.827373033203125 0.16526410546875 0.816298369140625 0.137539767578125 0.7216796875 0.05448826953125 0.7216796875
20 0.12096230859375 0.7216796875 0.14819658984375 0.81774853515625 0.231096607421875 0.809128205078125 0.206934736328125 0.7216796875 0.12096230859375 0.7216796875
20 0.18998019140625 0.7216796875 0.214858693359375 0.811280037109375 0.297848115234375 0.800546736328125 0.277491154296875 0.7216796875 0.18998019140625 0.7216796875
4 0.284823505859375 0.7216796875 0.301983400390625 0.798077283203125 0.388546365234375 0.792277689453125 0.37349822265625 0.7216796875 0.284823505859375 0.7216796875
8 0.355276833984375 0.7216796875 0.3706706875 0.792146517578125 0.453459853515625 0.786865640625 0.440712857421875 0.7216796875 0.355276833984375 0.7216796875
4 0.42262518359375 0.7216796875 0.435731224609375 0.78742803125 0.519181265625 0.77930524609375 0.51104166015625 0.7216796875 0.42262518359375 0.7216796875
9 0.8583188657407408 0.7855251736111111 0.04751157407407414 0.016579861111110983
7 0.8759837962962963 0.783376736111111 0.04751157407407414 0.016579861111110983
3 0.894654224537037 0.7802951388888888 0.04751157407407414 0.016579861111110983
24 0.8121889467592592 0.7912977430555556 0.04751157407407414 0.016579861111111205
19 0.7945240162037037 0.7934461805555555 0.04751157407407414 0.016579861111110983
21 0.830859375 0.7882161458333333 0.04751157407407414 0.016579861111111205