28 0.109348537109375 0.22823360546875 0.11693323046875 0.0872323046875 0.023212583984375 0.078946669921875 0.019620046875 0.21995717578125 0.109348537109375 0.22823360546875
27 0.17140278515625 0.246221140625 0.182229236328125 0.099246759765625 0.087629736328125 0.08926610546875 0.079933599609375 0.232269134765625 0.17140278515625 0.246221140625
33 0.233731146484375 0.2606942578125 0.248970013671875 0.116002943359375 0.15698173046875 0.104024966796875 0.14331004296875 0.24758953515625 0.233731146484375 0.2606942578125
7 0.30938361328125 0.27648803515625 0.347860765625 0.135202548828125 0.24529633203125 0.124616177734375 0.235388533203125 0.266824140625 0.30938361328125 0.27648803515625
6 0.38115943359375 0.292300794921875 0.41029525390625 0.148192591796875 0.326857953125 0.139116783203125 0.291083998046875 0.279619078125 0.38115943359375 0.292300794921875
3 0.444384068359375 0.305970404296875 0.47703603125 0.16492815625 0.3895550625 0.15338825390625 0.35739700390625 0.2936521171875 0.444384068359375 0.305970404296875
29 0.0234375 0.8251953125 0.046875 0.099609375
21 0.04296875 0.8359375 0.0859375 0.1015625
10 0.0849464699074074 0.8443721064814815 0.09113136574074077 0.10519386574074074
0 0.1423611111111111 0.8529152199074075 0.09302662037037035 0.10329861111111116
5 0.18423755787037033 0.8580656828703703 0.08906250000000004 0.10122974537037033
0 0.2270037615740741 0.8661747685185185 0.09089988425925921 0.09738136574074074
26 0.759765625 0.693359375 0.09375 0.201171875
3 0.859375 0.705078125 0.1640625 0.224609375
0 0.9404296875 0.73046875 0.119140625 0.21484375