30 0.04726562499999998 0.06559606481481481 0.06530671296296298 0.09415509259259258
34 0.08211805555555557 0.05999710648148149 0.061501736111111094 0.09607928240740737
24 0.11784577546296293 0.05245225694444444 0.06335358796296298 0.09414062499999998
4 0.166015625 0.044921875 0.05859375 0.08984375
5 0.201171875 0.0419921875 0.06640625 0.083984375
6 0.2373046875 0.0400390625 0.064453125 0.080078125
20 0.5062789351851852 0.18580729166666665 0.09743923611111116 0.14905960648148153
44 0.7173972800925925 0.15320457175925922 0.1011429398148147 0.14518229166666663
44 0.5933087384259259 0.1698567708333334 0.10319733796296293 0.14714988425925934
40 0.44633969907407406 0.19707754629629626 0.10114293981481481 0.14518229166666674
0 0.6575593171296297 0.16642795138888888 0.09302662037037024 0.13926504629629632
40 0.40234375 0.205078125 0.091796875 0.146484375
16 0.1715075859375 1 0.15723019921875 0.938067025390625 0.043462677734375 0.95586641015625 0.054584498046875 1 0.1715075859375 1
3 0.3246128125 1 0.30484823046875 0.9014461015625 0.1951654609375 0.9216222265625 0.21366220703125 1 0.3246128125 1
31 0.650390625 0.7969039351851852 0.06561053240740744 0.10001446759259269
24 0.6899739583333333 0.7884114583333334 0.0634548611111112 0.09609375000000009
31 0.7255497685185185 0.7779369212962963 0.06355613425925921 0.09804687500000009
1 0.7776765046296297 0.7666087962962963 0.059649884259259434 0.09801793981481488
2 0.814330150462963 0.7580946180555556 0.06571180555555545 0.10196759259259269
6 0.848878761574074 0.7466362847222222 0.06160300925925921 0.09803240740740748