28 0.2640335648148148 0.412181712962963 0.07219328703703698 0.10397858796296289
18 0.30280671296296297 0.40407986111111116 0.064453125 0.10587384259259247
29 0.3375289351851852 0.3921006944444445 0.072265625 0.10593171296296289
5 0.39076967592592593 0.37900752314814823 0.07016782407407407 0.1020109953703705
9 0.4304832175925926 0.36992187499999996 0.072265625 0.10593171296296289
5 0.4682074652777778 0.3598741319444445 0.07219328703703698 0.10397858796296289
44 0.7373046875 0.2275390625 0.0234375 0.115234375
44 0.7548828125 0.2216796875 0.05859375 0.119140625
28 0.203752896484375 0.725262115234375 0.18499105859375 0.679791953125 0.155524138671875 0.686499994140625 0.173675642578125 0.7333682421875 0.203752896484375 0.725262115234375
15 0.225774505859375 0.71924082421875 0.21111161328125 0.671836591796875 0.1828200078125 0.678167712890625 0.20225814453125 0.727966244140625 0.225774505859375 0.71924082421875
29 0.22732074609375 0.718328005859375 0.250284296875 0.71100075 0.238280193359375 0.66299353125 0.20812512890625 0.671610439453125 0.208462998046875 0.671535056640625 0.22732074609375 0.718328005859375
2 0.296156771484375 0.698799025390625 0.27519941015625 0.65099328125 0.248089509765625 0.65842103515625 0.264975984375 0.706838537109375 0.296156771484375 0.698799025390625
5 0.302669025390625 0.6484375 0.280663703125 0.6484375 0.273461037109375 0.650290556640625 0.2930541015625 0.698298974609375 0.31969676171875 0.690420916015625 0.302669025390625 0.6484375
13 0.332337015625 0.6484375 0.300361919921875 0.6484375 0.31762622265625 0.69103778125 0.34478179296875 0.681903591796875 0.3368147578125 0.656634466796875 0.332337015625 0.6484375