22 0.0849609375 0.1962890625 0.169921875 0.341796875
0 0.23046875 0.1572265625 0.224609375 0.314453125
4 0.3603515625 0.142578125 0.22265625 0.28515625
4 0.490234375 0.125 0.228515625 0.25
15 0.3631727430555556 0.7348885995370371 0.05432581018518512 0.06869212962962967
31 0.3950448495370371 0.7278139467592593 0.05627893518518512 0.06870659722222228
25 0.4278428819444444 0.7197554976851852 0.05422453703703711 0.06673900462962967
1 0.4730830439814815 0.7067201967592593 0.05823206018518512 0.06872106481481488
7 0.506958912037037 0.7006076388888889 0.05843460648148158 0.07262731481481488
9 0.5387803819444444 0.6925564236111111 0.05422453703703711 0.06673900462962967
31 0.638836396484375 0.5 0.681137609375 0.603958966796875 0.736194287109375 0.588975158203125 0.705101919921875 0.5 0.638836396484375 0.5
26 0.705053525390625 0.5 0.73865211328125 0.58845894921875 0.80238312890625 0.5725128046875 0.773869345703125 0.5 0.705053525390625 0.5
10 0.778927962890625 0.5 0.800235068359375 0.5679804921875 0.8606841171875 0.554447240234375 0.840791603515625 0.5 0.778927962890625 0.5
6 0.88102565625 0.5 0.8948877265625 0.543534435546875 0.95913786328125 0.527698501953125 0.950035859375 0.5 0.88102565625 0.5