10 0.5771484375 0.3681640625 0.056640625 0.21875
32 0.513671875 0.3681640625 0.125 0.21875
21 0.408203125 0.3642578125 0.125 0.2265625
1 0.2705078125 0.359375 0.107421875 0.236328125
5 0.1728515625 0.353515625 0.130859375 0.248046875
6 0.0712890625 0.353515625 0.119140625 0.248046875
32 0.889533521484375 0.4775390625 0.8836106953125 0.3402219140625 0.79522630859375 0.331756677734375 0.80073110546875 0.4775390625 0.889533521484375 0.4775390625
32 0.804895201171875 0.4775390625 0.801028576171875 0.331793 0.7136110625 0.32615949609375 0.725311431640625 0.4775390625 0.804895201171875 0.4775390625
10 0.726879078125 0.4775390625 0.715010908203125 0.324846693359375 0.654742763671875 0.321593236328125 0.63910790625 0.4775390625 0.726879078125 0.4775390625
30 0.33170572916666674 0.738577835648148 0.05739293981481497 0.10027488425925934
10 0.29168113425925923 0.7399377893518518 0.05350115740740735 0.10217013888888893
26 0.24872685185185184 0.7412543402777778 0.05543981481481475 0.10024594907407414
6 0.19112413194444444 0.7423538773148148 0.05740740740740735 0.10222800925925934
2 0.14916087962962965 0.7456380208333333 0.05545428240740735 0.10219907407407414
9 0.10716869212962965 0.7450159143518518 0.05545428240740735 0.10219907407407414
12 0.9143229166666667 0.8444444444444444 0.15070891203703707 0.306712962962963
29 0.7900390625 0.83984375 0.150390625 0.318359375
30 0.6640625 0.837890625 0.140625 0.322265625