5 0.087890625 0.3359375 0.17578125 0.140625
50 0.5048828125 0.3134765625 0.185546875 0.185546875
20 0.3935546875 0.3203125 0.185546875 0.171875
12 0.2509765625 0.3271484375 0.224609375 0.158203125
44 0.91796875 0.0400390625 0.12890625 0.076171875
44 0.81640625 0.0380859375 0.13671875 0.072265625
14 0.5361328125 0.736328125 0.123046875 0.3046875
6 0.3989583333333333 0.7528645833333334 0.17604166666666665 0.2992187500000001
1 0.28001302083333335 0.7797092013888889 0.15755208333333326 0.3139756944444445
7 0.23623463671875 0.934803 0.181411435546875 0.643311640625 0.045007990234375 0.651286453125 0.116037005859375 0.936271216796875 0.23623463671875 0.934803
14 0.8536458333333333 0.6059461805555556 0.1166666666666667 0.197265625
14 0.7804036458333333 0.6026909722222222 0.11653645833333326 0.1953125
10 0.6986979166666667 0.6039279513888889 0.1171875 0.205078125
3 0.6181640625 0.60546875 0.072265625 0.19921875