14 0.24620225694444442 0.12429832175925926 0.05497685185185186 0.05685763888888884
25 0.21983506944444442 0.12410300925925927 0.05490451388888884 0.05490451388888895
29 0.1953125 0.12099247685185188 0.05092592592592593 0.05292245370370363
6 0.28045428240740744 0.1265046296296296 0.05302372685185186 0.056843171296296235
8 0.30392795138888884 0.12765480324074074 0.05099826388888884 0.05487557870370363
2 0.32939091435185186 0.1297960069444445 0.05287905092592593 0.052936921296296235
20 0.529296875 0.3193359375 0.10546875 0.474609375
5 0.654296875 0.3349609375 0.203125 0.443359375
7 0.79296875 0.33984375 0.19921875 0.43359375
9 0.916015625 0.34765625 0.16796875 0.41796875
44 0.1796875 0.60546875 0.12890625 0.08984375
44 0.2685546875 0.6083984375 0.142578125 0.095703125
20 0.0595703125 0.59765625 0.119140625 0.07421875
44 0.3681640625 0.61328125 0.146484375 0.10546875
20 0.5703125 0.6162109375 0.15625 0.111328125
2 0.720703125 0.625 0.15625 0.12890625
1 0.81640625 0.6279296875 0.12890625 0.134765625
9 0.862116318359375 0.560546875 0.848556123046875 0.699242330078125 0.968459744140625 0.70460426953125 0.99161542578125 0.560546875 0.862116318359375 0.560546875