13 0.13425925925925924 0.390625 0.08890335648148151 0.115234375
31 0.1825810185185185 0.3974609375 0.08709490740740744 0.1171875
13 0.22399450231481477 0.4052734375 0.08904803240740744 0.1171875
3 0.28855613425925924 0.4169921875 0.09100115740740744 0.1171875
1 0.3309461805555556 0.4248046875 0.0776186342592593 0.12109375
3 0.3759765625 0.4267578125 0.09375 0.119140625
8 0.22950535546875 0.905451677734375 0.28682106640625 0.878924927734375 0.213577267578125 0.778596197265625 0.159219724609375 0.801117794921875 0.22950535546875 0.905451677734375
7 0.238946251953125 0.910127240234375 0.162739115234375 0.804051185546875 0.11926483984375 0.822912001953125 0.176413052734375 0.938413806640625 0.238946251953125 0.910127240234375
6 0.19019801953125 0.928890353515625 0.122238912109375 0.825434525390625 0.069345169921875 0.84761797265625 0.125962138671875 0.9510279765625 0.19019801953125 0.928890353515625
10 0 0.875643431640625 0.0612819375 0.982003779296875 0.1138562421875 0.96679016015625 0.06141879296875 0.85282142578125 0 0.8744952421875 0 0.875643431640625
17 0 0.998046875 0.037500259765625 0.998046875 0.070689576171875 0.98717980078125 0.000676330078125 0.8795171171875 0 0.8796776328125 0 0.998046875
40 1 0.651987796875 0.931841607421875 0.6572177578125 0.9549406484375 0.911029986328125 1 0.90668107421875 1 0.651987796875
21 0.81927680859375 0.944559212890625 0.960858845703125 0.919516564453125 0.9459783046875 0.659775609375 0.82521534375 0.67322672265625 0.81927680859375 0.944559212890625
38 0.693546322265625 0.973552814453125 0.83926305859375 0.944747123046875 0.822353228515625 0.672324208984375 0.6721506640625 0.68994921875 0.693546322265625 0.973552814453125
6 0.536046048828125 0.995624328125 0.663159505859375 0.981605173828125 0.63443873828125 0.7220343515625 0.501444357421875 0.73084963671875 0.536046048828125 0.995624328125