22 0.4345703125 0.1357421875 0.12890625 0.271484375
0 0.314453125 0.150390625 0.255859375 0.30078125
4 0.1806640625 0.166015625 0.2421875 0.33203125
4 0.0849609375 0.1826171875 0.169921875 0.341796875
14 0.947265625 0.1572265625 0.10546875 0.197265625
27 0.9005570023148148 0.17360387731481486 0.1557581018518519 0.19894386574074074
6 0.7939380787037037 0.19546440972222223 0.1596788194444445 0.20095486111111116
8 0.7205439814814815 0.2148871527777778 0.1557436342592593 0.19699074074074074
1 0.6471788194444444 0.2304036458333334 0.1538194444444445 0.20086805555555554
22 0.9423828125 0.67578125 0.115234375 0.15234375
25 0.859375 0.6884765625 0.212890625 0.177734375
0 0.6787109375 0.7126012731481481 0.2025752314814815 0.1918258101851853
0 0.5564525462962963 0.7361834490740741 0.19469039351851847 0.18194444444444446