10 0.3671875 0.0634765625 0.06640625 0.126953125
36 0.298828125 0.068359375 0.12890625 0.13671875
6 0.1611328125 0.0810546875 0.130859375 0.162109375
1 0.072265625 0.08984375 0.109375 0.1796875
32 0.8839916087962962 0.06678964120370368 0.08298611111111098 0.13295717592592582
34 0.8098307291666667 0.07845052083333331 0.08298611111111098 0.13295717592592593
19 0.7386212384259259 0.09288917824074072 0.0849247685185186 0.13110532407407405
8 0.6430049189814815 0.10957031249999999 0.0810185185185186 0.1309027777777778
7 0.606371640625 0.177484408203125 0.59213327734375 0.060810279296875 0.520838330078125 0.0721512109375 0.547320140625 0.185510478515625 0.606371640625 0.177484408203125
0 0.551286044921875 0.18572438671875 0.51986884765625 0.06983820703125 0.44823271875 0.090579375 0.483971869140625 0.199202267578125 0.551286044921875 0.18572438671875
19 0.063497263671875 0.504983318359375 0.038738810546875 0.507661287109375 0.04020346875 0.523687064453125 0.041323439453125 0.529459349609375 0.0634939609375 0.526688087890625 0.063497263671875 0.504983318359375
24 0.02081872265625 0.515270296875 0.0204518515625 0.531781671875 0.04430398046875 0.528729822265625 0.04263754296875 0.507202828125 0.041872666015625 0.506909185546875 0.02116012109375 0.510116513671875 0.02081872265625 0.515270296875
21 0 0.534126625 0.0250609453125 0.531590056640625 0.024667099609375 0.509856265625 0.014649625 0.510024048828125 0.01064990625 0.526208376953125 0.000255904296875 0.52783395703125 0 0.5301688671875 0 0.534126625
2 1 0.612146259765625 0.991239607421875 0.614032669921875 0.997829732421875 0.664045064453125 1 0.663572556640625 1 0.612146259765625