33 0.9765625 0.1484375 0.046875 0.26171875
10 0.92578125 0.134765625 0.1484375 0.265625
2 0.7900390625 0.123046875 0.15625 0.24609375
3 0.681640625 0.1171875 0.158203125 0.234375
7 0.578125 0.107421875 0.162109375 0.21484375
44 0.0615234375 0.9189453125 0.123046875 0.162109375
44 0.033203125 0.919921875 0.06640625 0.16015625
31 0.26529947916666674 0.9230396412037037 0.08307291666666661 0.14396701388888888
12 0.18498984375 1 0.25947545703125 0.997971857421875 0.236776654296875 0.858781505859375 0.165087677734375 0.854755587890625 0.18119477734375 1 0.18498984375 1
10 0.192367748046875 0.99854844921875 0.17640786328125 0.85967040625 0.118290236328125 0.859235666015625 0.120202640625 0.996952818359375 0.192367748046875 0.99854844921875
14 0.4501953125 0.670173580078125 0.4501953125 0.68952328125 0.465477595703125 0.6941543203125 0.488586642578125 0.664980423828125 0.4617250859375 0.6570338828125 0.4501953125 0.670173580078125