27 0.4697265625 0.04660100390625 0.427152724609375 0.03941923046875 0.335719021484375 0.31621916796875 0.4697265625 0.338909625 0.4697265625 0.04660100390625
2 0.2900390625 0.15625 0.216796875 0.3125
7 0.173828125 0.1435546875 0.21484375 0.287109375
4 0.08203125 0.1328125 0.1640625 0.265625
21 0.638293875 0.2889793828125 0.677161962890625 0.197429435546875 0.6220664921875 0.186265951171875 0.577187177734375 0.2782684921875 0.638293875 0.2889793828125
10 0.64073523046875 0.186828072265625 0.5829054296875 0.1780039921875 0.5431127265625 0.26758571875 0.605371037109375 0.27798970703125 0.64073523046875 0.186828072265625
30 0.56864547265625 0.2657906015625 0.60875741015625 0.175342482421875 0.543129341796875 0.16599425390625 0.509296509765625 0.255673076171875 0.56864547265625 0.2657906015625
3 0.5223804296875 0.250944400390625 0.558576576171875 0.158701728515625 0.496377720703125 0.14978444921875 0.45842706640625 0.240807513671875 0.5223804296875 0.250944400390625
4 0.4287109375 0.2038319296875 0.4287109375 0.233194271484375 0.484902267578125 0.240979533203125 0.520220068359375 0.146974197265625 0.4579800625 0.13897381640625 0.4287109375 0.2038319296875
6 0.420101740234375 0.747348923828125 0.43518364453125 0.71658496875 0.44432233984375 0.6831362421875 0.4162624140625 0.589257794921875 0.37444114453125 0.58465751953125 0.369923623046875 0.639506134765625 0.346291130859375 0.666600880859375 0.336575654296875 0.701796888671875 0.341352521484375 0.74334343359375 0.420101740234375 0.747348923828125
3 0.352205380859375 0.74021359765625 0.402306484375 0.583072173828125 0.313823078125 0.56690630859375 0.260487517578125 0.718995564453125 0.352205380859375 0.74021359765625
6 0.292791072265625 0.72330193359375 0.337265099609375 0.569502087890625 0.243120267578125 0.551281431640625 0.200211765625 0.70642318359375 0.292791072265625 0.72330193359375
40 1 0.824160126953125 0.88027648046875 0.804630400390625 0.8167338671875 1 0.958982671875 1 1 0.8683517109375 1 0.824160126953125
21 0.852914484375 1 0.905423931640625 0.80419148046875 0.776643970703125 0.788261150390625 0.695753978515625 1 0.852914484375 1
38 0.721903783203125 1 0.78956332421875 0.782964314453125 0.6091975703125 0.762144099609375 0.5607708984375 1 0.721903783203125 1
6 0.54427908203125 1 0.591884603515625 0.769578970703125 0.4287109375 0.746064013671875 0.4287109375 1 0.54427908203125 1