29 0.70385042578125 0.244182853515625 0.780621294921875 0.224007896484375 0.723791611328125 0.01597589453125 0.621713005859375 0.04720182421875 0.70385042578125 0.244182853515625
16 0.77553086328125 0.215824734375 0.869309939453125 0.1927499375 0.801773107421875 0.0009765625 0.765979375 0.0009765625 0.717437564453125 0.01990584375 0.77553086328125 0.215824734375
22 0.9615157890625 0.163471388671875 0.90837453515625 0.0009765625 0.798407064453125 0.0009765625 0.8661705078125 0.18999905078125 0.9615157890625 0.163471388671875
1 1 0.0009765625 0.9278427265625 0.0009765625 0.99298797265625 0.150679830078125 1 0.148241619140625 1 0.0009765625
14 0.410693724609375 0.638067919921875 0.362133232421875 0.505937234375 0.30816803125 0.520252970703125 0.3563487109375 0.652239359375 0.410693724609375 0.638067919921875
13 0.4576614296875 0.62169997265625 0.40960283984375 0.491731990234375 0.35835509765625 0.505891916015625 0.40388166015625 0.63625115625 0.4576614296875 0.62169997265625
30 0.484375 0.61270484765625 0.484375 0.544347255859375 0.4589879296875 0.472875208984375 0.404374064453125 0.48976102734375 0.45489487890625 0.622820123046875 0.484375 0.61270484765625
18 0.8016999421296296 0.8750651041666666 0.05823206018518512 0.06863425925925926
23 0.834447337962963 0.8645543981481482 0.06223958333333335 0.07078993055555549
35 0.8672453703703704 0.8550202546296296 0.06213831018518512 0.06883680555555549
6 0.9124855324074075 0.8399450231481482 0.06018518518518512 0.06873553240740726
9 0.9453342013888889 0.8313874421296297 0.06213831018518512 0.06883680555555571
6 0.97265625 0.8193359375 0.0546875 0.068359375