42 0.3681640625 0.072265625 0.126953125 0.14453125
1 0.236328125 0.0634765625 0.125 0.126953125
9 0.1328125 0.0576171875 0.13671875 0.115234375
7 0.05078125 0.0625 0.1015625 0.125
29 0.8691189236111111 0.177076099537037 0.1537471064814815 0.3212818287037037
29 0.7422236689814814 0.17703993055555556 0.1415653935185186 0.3133825231481482
16 0.6109013310185185 0.18582175925925926 0.1557002314814815 0.3212962962962964
2 0.4755859375 0.1953125 0.056640625 0.33984375
43 0.23179976851851847 0.9359519675925926 0.06944444444444464 0.1176215277777779
1 0.06711516203703705 0.9147207754629629 0.0551938657407407 0.10775462962962967
2 0.025390625 0.9150390625 0.05078125 0.107421875
43 0.13110532407407405 0.9220558449074074 0.06093750000000009 0.10584490740740748
50 0.1822265624999999 0.9324146412037038 0.06542245370370381 0.11563946759259247
25 0.828504615234375 0.885657580078125 0.839470125 0.82905695703125 0.805199708984375 0.82562458984375 0.7946870859375 0.8818585859375 0.828504615234375 0.885657580078125
28 0.796260419921875 0.882092390625 0.80749944140625 0.82593838671875 0.775227337890625 0.82114905859375 0.76255611328125 0.876726404296875 0.796260419921875 0.882092390625
24 0.777848533203125 0.820479142578125 0.7439403515625 0.81556253125 0.73189862109375 0.873149611328125 0.765375484375 0.8771741171875 0.777848533203125 0.820479142578125
0 0.717339412109375 0.869921896484375 0.730651474609375 0.814787287109375 0.697097974609375 0.80964515625 0.68325459375 0.8654549765625 0.717339412109375 0.869921896484375
9 0.685443359375 0.8656821484375 0.6998633125 0.80964515625 0.6678513515625 0.804491423828125 0.655045927734375 0.862083802734375 0.685443359375 0.8656821484375
15 0.6562200234375 0.86254312109375 0.66984658203125 0.803749927734375 0.636629181640625 0.799352611328125 0.623111953125 0.857397677734375 0.6562200234375 0.86254312109375