10 0.657575662109375 0.526316970703125 0.6958209453125 0.241546287109375 0.612746810546875 0.2119506640625 0.55322759765625 0.486217134765625 0.657575662109375 0.526316970703125
32 0.6165564375 0.216076779296875 0.607544228515625 0.212950181640625 0.50498554296875 0.17978366015625 0.478261517578125 0.448686923828125 0.5672493125 0.47990280859375 0.6165564375 0.216076779296875
21 0.48675718359375 0.441990056640625 0.517891400390625 0.1895541171875 0.47835544140625 0.16867202734375 0.387029154296875 0.4062062734375 0.48675718359375 0.441990056640625
3 0.379028341796875 0.3878589609375 0.401036615234375 0.15145301171875 0.317160873046875 0.119132822265625 0.28444590625 0.370180814453125 0.379028341796875 0.3878589609375
0 0.29772770703125 0.369092517578125 0.326830109375 0.12881775 0.242527537109375 0.10745869921875 0.212400203125 0.340830400390625 0.29772770703125 0.369092517578125
1 0.256850443359375 0.0982070546875 0.19859419921875 0.087557583984375 0.1902514609375 0.154455048828125 0.148404458984375 0.318770498046875 0.226251455078125 0.34395532421875 0.256850443359375 0.0982070546875
30 0.6826171875 0.19440537890625 0.726544654296875 0.19070137109375 0.73564866796875 0.08031147265625 0.6826171875 0.083294794921875 0.6826171875 0.19440537890625
22 0.4365234375 0.8680338541666667 0.05078125 0.061646412037037024
25 0.40234375 0.8660445601851852 0.05078125 0.061646412037037024
31 0.3671875 0.8630497685185186 0.05078125 0.061646412037037024
4 0.3173828125 0.859620949074074 0.048828125 0.06354166666666661
9 0.283203125 0.8576316550925926 0.048828125 0.06354166666666661
8 0.248046875 0.8556134259259259 0.048828125 0.06354166666666661