21 0.578125 0.224609375 0.578125 0.09332288671875 0.476218845703125 0.09313815234375 0.47079444140625 0.224609375 0.578125 0.224609375
3 0.477469005859375 0.224609375 0.456149650390625 0.09122327734375 0.34038674609375 0.090987732421875 0.351606498046875 0.224609375 0.477469005859375 0.224609375
0 0.286132771484375 0.224609375 0.392108244140625 0.224609375 0.375048794921875 0.09655451953125 0.37806941015625 0.093146751953125 0.26833955078125 0.091046548828125 0.286132771484375 0.224609375
1 0.32000772265625 0.224609375 0.304499736328125 0.09068728515625 0.20908794921875 0.088270296875 0.21958073828125 0.224609375 0.32000772265625 0.224609375
11 0.6005859375 0.037109375 0.095703125 0.07421875
26 0.5771484375 0.0419921875 0.076171875 0.083984375
29 0.30924479166666674 0.644748263888889 0.0771846064814814 0.09205729166666665
24 0.2915219907407407 0.6485243055555555 0.0752314814814814 0.09204282407407405
14 0.27571614583333337 0.6532913773148148 0.0771846064814814 0.09205729166666665
1 0.2510850694444444 0.6589699074074075 0.07313368055555558 0.08812210648148144
1 0.2353515625 0.6617838541666666 0.07508680555555558 0.08813657407407405
1 0.21961805555555558 0.6645978009259259 0.0771846064814814 0.09205729166666665
21 0.8175274884259259 0.4766565393518518 0.24016203703703698 0.3275752314814815
10 0.80610895703125 0.64273084375 0.676616126953125 0.340338419921875 0.6268418984375 0.345205345703125 0.623539875 0.6674607734375 0.80610895703125 0.64273084375
12 0.6171875 0.525390625 0.15625 0.328125