28 0.18326822916666669 0.16488715277777777 0.08955439814814814 0.09283854166666661
21 0.14344618055555558 0.1669270833333334 0.09150752314814814 0.09288194444444442
14 0.10159866898148151 0.1679470486111111 0.08940972222222232 0.09088541666666661
5 0.04622395833333337 0.17061631944444444 0.08955439814814814 0.09283854166666661
3 0.0244140625 0.1708984375 0.048828125 0.095703125
17 0.93359375 0.3349609375 0.1328125 0.134765625
30 0.8525390625 0.3359375 0.193359375 0.134765625
20 0.7412109375 0.3349609375 0.197265625 0.13671875
1 0.62109375 0.33203125 0.12109375 0.142578125
44 0.1103515625 0.5078125 0.185546875 0.189453125
44 0.2216796875 0.5029296875 0.197265625 0.1796875
44 0.3408203125 0.5 0.185546875 0.173828125
41 0.4951171875 0.4970703125 0.201171875 0.16796875
46 0.560546875 0.54463315234375 0.794646775390625 0.53012123828125 0.771983564453125 0.4372211328125 0.560546875 0.449416580078125 0.560546875 0.54463315234375
42 0.560546875 0.64262251171875 0.81370241796875 0.6398652578125 0.790293107421875 0.541767123046875 0.560546875 0.54917401953125 0.560546875 0.64262251171875
46 0.825181060546875 0.73030406640625 0.80449869921875 0.637086310546875 0.56078172265625 0.644834224609375 0.5648109296875 0.725861056640625 0.825181060546875 0.73030406640625
4 0.832799453125 0.764699302734375 0.570586458984375 0.787874396484375 0.59850073828125 0.8749595546875 0.86398528515625 0.85021224609375 0.832799453125 0.764699302734375
4 0.861350728515625 0.865747931640625 0.583167869140625 0.87642155859375 0.610470171875 0.96879055859375 0.866621212890625 0.95465073828125 0.861350728515625 0.865747931640625
4 0.59356431640625 0.97775673828125 0.598438080078125 0.9951171875 0.8912565078125 0.9951171875 0.880921759765625 0.962332015625 0.59356431640625 0.97775673828125