11 0.35841165625 0.2365248984375 0.296572572265625 0.02148396484375 0.201185439453125 0.04290262890625 0.261643677734375 0.254753654296875 0.35841165625 0.2365248984375
25 0.277932255859375 0.258677353515625 0.22071085546875 0.03870737890625 0.11667901953125 0.05558265234375 0.17908459765625 0.271351931640625 0.277932255859375 0.258677353515625
25 0.19739373828125 0.269061341796875 0.135310998046875 0.05482939453125 0.036135498046875 0.073518234375 0.09725066796875 0.282793380859375 0.19739373828125 0.269061341796875
2 0 0.303409134765625 0.0827676640625 0.288016140625 0.0097715625 0.080665091796875 0 0.082406875 0 0.303409134765625
13 0.6304904513888889 0.3154730902777778 0.07081886574074092 0.0751736111111112
28 0.5953559027777777 0.31918402777777777 0.07081886574074092 0.0751736111111112
25 0.5592592592592592 0.3248697916666667 0.0727719907407407 0.0752170138888889
4 0.5095052083333333 0.3328125 0.0708043981481481 0.0732204861111111
7 0.47439236111111116 0.33945312499999997 0.07083333333333336 0.0771267361111111
9 0.44024884259259256 0.3450954861111111 0.0727864583333333 0.0771701388888889
13 0.341796875 0.5673828125 0.12109375 0.28125
29 0.26542245370370376 0.5734375 0.16417824074074083 0.2881510416666666
23 0.16881510416666667 0.5853515625 0.17197627314814823 0.28637152777777786
3 0.05859375 0.6044921875 0.1171875 0.291015625
25 1 0.4267578125 0.883793615234375 0.4267578125 0.88228826171875 0.548695484375 1 0.57077591796875 1 0.4267578125
31 0.774602623046875 0.4267578125 0.780211337890625 0.549467060546875 0.913694046875 0.55818616015625 0.9133096015625 0.4267578125 0.774602623046875 0.4267578125
13 0.658517306640625 0.4267578125 0.65645890625 0.535672099609375 0.80795118359375 0.5509043359375 0.79940257421875 0.4267578125 0.658517306640625 0.4267578125
7 0.515138423828125 0.4267578125 0.51497217578125 0.520325962890625 0.63994571484375 0.533571021484375 0.6449126640625 0.4267578125 0.515138423828125 0.4267578125
7 0.415890142578125 0.4267578125 0.422397388671875 0.52062802734375 0.542955576171875 0.524897115234375 0.53904136328125 0.4267578125 0.415890142578125 0.4267578125