30 0.15243778935185182 0.08181423611111116 0.09921874999999991 0.10177951388888884
10 0.1935691550925926 0.09114583333333331 0.09726562500000002 0.10170717592592593
26 0.23564814814814816 0.09856047453703709 0.09927662037037033 0.10568576388888884
6 0.2933955439814815 0.10948350694444442 0.09939236111111116 0.11349826388888884
2 0.3335937499999999 0.12170862268518523 0.09921874999999991 0.10177951388888884
9 0.37377748842592595 0.13295717592592593 0.09933449074074074 0.10959201388888884
6 0.5193142361111112 0.5801142939814815 0.17899305555555545 0.21600115740740744
1 0.5996961805555556 0.6035879629629629 0.15552662037037024 0.21317997685185186
9 0.423365162037037 0.5599681712962963 0.16715856481481484 0.20775462962962976
38 0.12665653935185184 0.4943214699074074 0.17316261574074077 0.2177372685185185
49 0.21865596064814818 0.5113932291666667 0.1612123842592592 0.20167824074074092
36 0.3039207175925926 0.5350477430555556 0.16532118055555556 0.21549479166666652
8 0.7451171875 0.560546875 0.072265625 0.220703125
3 0.7890625 0.5810546875 0.16015625 0.21875