22 0.1718822337962963 0.3887297453703704 0.05143229166666663 0.08861400462962976
2 0.21413483796296295 0.39814091435185184 0.053443287037037046 0.09059606481481475
9 0.24754050925925924 0.40546875000000004 0.05143229166666663 0.08861400462962976
9 0.28195167824074074 0.41378761574074074 0.05131655092592591 0.08470775462962954
3 0.3163917824074074 0.42308304398148144 0.05143229166666674 0.08861400462962976
21 0.9277416087962963 0.260546875 0.04936342592592591 0.08467881944444444
10 0.9582175925925925 0.26783130787037035 0.049421296296296324 0.08663194444444444
31 0.9833984375 0.2734375 0.033203125 0.0859375
23 0.128803607421875 1 0.157547056640625 0.793783853515625 0.022274759765625 0.76718608203125 0 0.95882523828125 0 1 0.128803607421875 1
13 0.259483826171875 1 0.2928187421875 0.834926884765625 0.15731355859375 0.80959822265625 0.128451158203125 1 0.259483826171875 1
11 0.390501599609375 1 0.412130240234375 0.8684953671875 0.2839641171875 0.83953644140625 0.257492712890625 1 0.390501599609375 1
5 0.5871670859375 1 0.609154060546875 0.922269458984375 0.469687783203125 0.88943396484375 0.44357261328125 1 0.5871670859375 1
7 0.8369140625 0.5830078125 0.021484375 0.009765625
9 0.8173828125 0.5810546875 0.021484375 0.005859375
3 0.8564453125 0.5849609375 0.025390625 0.013671875