24 0.2553168402777778 0.08655237268518523 0.0834780092592593 0.06744791666666661
30 0.2828052662037037 0.08378906249999996 0.08362268518518512 0.06940104166666661
15 0.3121744791666667 0.08194444444444449 0.08557581018518523 0.06945891203703702
5 0.3515986689814815 0.07590422453703705 0.0834780092592593 0.06744791666666661
3 0.3799189814814815 0.07506510416666667 0.0834780092592593 0.06744791666666661
7 0.40740740740740744 0.07230179398148151 0.08347800925925908 0.06744791666666661
44 0.8767722800925926 0.30747974537037037 0.13368055555555558 0.16637731481481488
44 0.9365234375 0.2998046875 0.126953125 0.162109375
44 0.966796875 0.294921875 0.06640625 0.16015625
40 0.7303240740740741 0.32448640046296295 0.13534432870370372 0.1625289351851853
46 0.6735387731481481 0.3281177662037037 0.1318721064814814 0.16827256944444446
48 0.7923538773148148 0.3158275462962963 0.15545428240740744 0.17092013888888902
15 0.62109375 0.929883021484375 0.56995873046875 0.932718673828125 0.598245337890625 0.97986276171875 0.62109375 0.97841232421875 0.62109375 0.929883021484375