7 0.11562499999999998 0.14233940972222225 0.15559895833333326 0.14904513888888893
2 0.20598958333333328 0.13146701388888893 0.16380208333333335 0.15525173611111098
36 0.4902994791666666 0.12078993055555554 0.1429687500000001 0.22248263888888897
25 0.41328125000000004 0.14086371527777786 0.15703125000000018 0.22894965277777768
25 0.3275390625 0.14761284722222223 0.1631510416666666 0.23311631944444433
8 0.056640625 0.2021484375 0.11328125 0.244140625
44 0.22265625 0.5478515625 0.158203125 0.205078125
36 0.4501953125 0.55078125 0.171875 0.2109375
0 0.3212890625 0.5478515625 0.1640625 0.205078125
44 0.12109375 0.55078125 0.166015625 0.2109375
31 0.5546875 0.5546875 0.169921875 0.21875
50 0.642578125 0.556640625 0.177734375 0.22265625
32 0.7833028984375 0.692000212890625 0.777210177734375 0.6895885390625 0.83010691796875 0.948030123046875 0.962804767578125 0.92872665625 0.92176693359375 0.6840083359375 0.7833028984375 0.692000212890625
23 0.6865234375 0.7102112578125 0.6865234375 0.804479759765625 0.728210388671875 0.962361623046875 0.862225505859375 0.947605291015625 0.8067235625 0.690998095703125 0.6865234375 0.7102112578125