46 0.07260561342592586 0.3520326967592593 0.09414062500000009 0.10886863425925908
21 0.11103153935185184 0.3441840277777778 0.08230613425925926 0.10604745370370372
38 0.15244502314814812 0.33752893518518523 0.0864438657407407 0.11024305555555558
5 0.20718315972222223 0.32602719907407407 0.0903501157407407 0.11053240740740744
3 0.2353515625 0.318359375 0.064453125 0.107421875
27 0.423013884765625 0.31949047265625 0.49217232421875 0.32030151953125 0.45741509375 0.216927712890625 0.391304544921875 0.213727599609375 0.423013884765625 0.31949047265625
0 0.491384439453125 0.32084448828125 0.552901080078125 0.315466470703125 0.522687669921875 0.21274748828125 0.457737654296875 0.217249140625 0.491384439453125 0.32084448828125
8 0.51189532421875 0.2140857109375 0.5111409765625 0.2141834453125 0.540807615234375 0.316957580078125 0.603102033203125 0.31484644140625 0.5747221953125 0.211242828125 0.51189532421875 0.2140857109375
1 0.5910131796875 0.317711921875 0.65271441015625 0.319060908203125 0.61991307421875 0.212668728515625 0.564655505859375 0.21380333203125 0.5910131796875 0.317711921875
6 0.64433366015625 0.32015171484375 0.703101056640625 0.31916280859375 0.68238337890625 0.217216193359375 0.611286587890625 0.214504796875 0.64433366015625 0.32015171484375
3 0.69234543359375 0.317762525390625 0.751867404296875 0.318137341796875 0.734837919921875 0.216405201171875 0.66741402734375 0.21637257421875 0.69234543359375 0.317762525390625
17 0.021484375 0.958984375 0.04296875 0.06640625
24 0.0449146412037037 0.9554036458333333 0.06631944444444438 0.06597222222222232
9 0.09115306712962967 0.9481336805555556 0.06620370370370354 0.06401909722222232
6 0.12578848379629637 0.9419487847222223 0.06631944444444438 0.06597222222222232
5 0.15852864583333326 0.936595775462963 0.06620370370370354 0.06401909722222232