27 0.2894603587962963 0.28009259259259256 0.19061053240740744 0.22086226851851842
0 0.17983217592592593 0.31788917824074076 0.19603587962962954 0.21508969907407405
0 0.10268373842592593 0.34542824074074074 0.17787905092592582 0.2070167824074074
3 0.0537109375 0.37109375 0.107421875 0.20703125
24 0.824342373046875 0.361224345703125 0.787061875 0.362408478515625 0.8003083984375 0.39617915625 0.84125592578125 0.396440037109375 0.824342373046875 0.361224345703125
13 0.82419390234375 0.397809470703125 0.809793703125 0.362158654296875 0.76942478125 0.3612514375 0.78322241015625 0.396620841796875 0.82419390234375 0.397809470703125
18 0.805685955078125 0.397077533203125 0.79060410546875 0.36208641015625 0.754459923828125 0.36233744140625 0.765240765625 0.39598792578125 0.805685955078125 0.397077533203125
6 0.779879267578125 0.397980349609375 0.767224423828125 0.36270579296875 0.729352140625 0.36379626171875 0.74203327734375 0.3967855859375 0.779879267578125 0.397980349609375
6 0.7660717421875 0.396602439453125 0.74773289453125 0.36449106640625 0.714833771484375 0.3650294296875 0.731370169921875 0.39767015625 0.7660717421875 0.396602439453125
14 0.751972251953125 0.398054060546875 0.73800394140625 0.36616824609375 0.701435408203125 0.3667582109375 0.715046255859375 0.39774037890625 0.751972251953125 0.398054060546875
28 0.796453126953125 0.973037595703125 0.75981862890625 0.97929505078125 0.78043174609375 0.99609375 0.822451478515625 0.99609375 0.795876203125 0.973238357421875 0.796453126953125 0.973037595703125
15 0.74117954296875 0.98599490234375 0.759526546875 0.99609375 0.800134052734375 0.99609375 0.77740758984375 0.981658837890625 0.74117954296875 0.98599490234375
29 0.721327037109375 0.9921474609375 0.73070558203125 0.99609375 0.7782524765625 0.99609375 0.76215106640625 0.987965056640625 0.721327037109375 0.9921474609375