12 0 0.329863376953125 0.00860482421875 0.486328125 0.186929576171875 0.486328125 0.1610185 0.188455267578125 0 0.1904944375 0 0.329863376953125
31 0.2275390625 0.3369140625 0.1796875 0.298828125
34 0.373046875 0.33984375 0.173828125 0.29296875
0 0.546875 0.3359375 0.115234375 0.30078125
20 0.8916015625 0.0400390625 0.18359375 0.076171875
28 0.1767578125 0.578125 0.12109375 0.17578125
31 0.2548828125 0.58203125 0.1171875 0.18359375
15 0.3359375 0.580078125 0.119140625 0.1796875
4 0.4443359375 0.5732421875 0.1171875 0.166015625
7 0.521484375 0.5751953125 0.123046875 0.169921875
4 0.5751953125 0.572265625 0.05859375 0.1640625
7 0.595703125 0.83203125 0.041015625 0.0625
9 0.6210069444444444 0.8337673611111112 0.06592881944444429 0.06354166666666661