27 0.9248046875 0.228515625 0.150390625 0.08984375
35 0.8408203125 0.2138671875 0.1875 0.12109375
6 0.69921875 0.19921875 0.189453125 0.150390625
3 0.61328125 0.1875 0.158203125 0.173828125
17 0.261607564453125 0.577864755859375 0.259704978515625 0.639407955078125 0.339163365234375 0.64553842578125 0.344386109375 0.583826318359375 0.261607564453125 0.577864755859375
0 0.317019958984375 0.585323236328125 0.313030390625 0.647598515625 0.387707359375 0.652164751953125 0.3960639765625 0.591920521484375 0.317019958984375 0.585323236328125
8 0.36917933203125 0.594069716796875 0.36326608984375 0.653563208984375 0.442248482421875 0.659327201171875 0.441744021484375 0.60028953515625 0.36917933203125 0.594069716796875
15 0.440324416015625 0.606775876953125 0.445922130859375 0.664935181640625 0.51040651171875 0.67007168359375 0.51748831640625 0.612636791015625 0.440324416015625 0.606775876953125
24 0.5634765625 0.625112400390625 0.5634765625 0.620196974609375 0.491147255859375 0.61363066796875 0.48348074609375 0.67074984765625 0.55207225390625 0.675621306640625 0.5634765625 0.625112400390625
20 0.9521484375 0.517578125 0.095703125 0.25
2 0.8665509259259259 0.4854817708333333 0.18140914351851833 0.25572916666666656
3 0.7723162615740741 0.46256510416666663 0.18359375 0.263671875
7 0.6770471643518519 0.4415364583333333 0.17543402777777772 0.2514322916666667