4 0.451171875 0.025390625 0.08203125 0.046875
1 0.3984375 0.0224609375 0.07421875 0.041015625
3 0.5048828125 0.0263671875 0.080078125 0.048828125
25 0.2099609375 0.0224609375 0.076171875 0.041015625
22 0.263671875 0.0234375 0.08203125 0.04296875
20 0.3203125 0.0205078125 0.078125 0.037109375
4 0.697265625 0.33751248828125 0.697265625 0.51904304296875 0.83546673828125 0.551287357421875 0.86133600390625 0.155305669921875 0.715256060546875 0.135849794921875 0.697265625 0.33751248828125
8 1 0.218016029296875 0.846273279296875 0.151904841796875 0.823835390625 0.556640625 0.975504322265625 0.556640625 1 0.232605228515625 1 0.218016029296875
26 0 0.771050662109375 0.0021288984375 0.791738611328125 0.084821978515625 0.791686423828125 0.06744613671875 0.644973646484375 0 0.64742423046875 0 0.771050662109375
10 0.14645592578125 0.789200625 0.13424505859375 0.64543292578125 0.062547384765625 0.6438218046875 0.065572890625 0.787939171875 0.14645592578125 0.789200625
6 0.249529814453125 0.788601181640625 0.244101177734375 0.644500833984375 0.161305197265625 0.64597644140625 0.164915173828125 0.78866527734375 0.249529814453125 0.788601181640625
1 0.309272892578125 0.79089097265625 0.3002347734375 0.64475646875 0.228714826171875 0.642698021484375 0.23250887109375 0.79065162109375 0.309272892578125 0.79089097265625
8 0.38102558984375 0.788631423828125 0.378254755859375 0.646477177734375 0.291474142578125 0.6455611796875 0.296186021484375 0.786338236328125 0.38102558984375 0.788631423828125