25 0.635762654296875 0.355516171875 0.637505591796875 0.24007275390625 0.600176525390625 0.253663076171875 0.595452630859375 0.356422001953125 0.635762654296875 0.355516171875
29 0.604207181640625 0.3561868046875 0.60407600390625 0.24732065234375 0.563853630859375 0.250170376953125 0.565292345703125 0.357692759765625 0.604207181640625 0.3561868046875
20 0.5700380390625 0.251157923828125 0.523643255859375 0.2563614296875 0.53902795703125 0.3092891640625 0.52335957421875 0.365197529296875 0.57012435546875 0.3614599375 0.5700380390625 0.251157923828125
5 0.5182451875 0.367185615234375 0.521887064453125 0.25620085546875 0.4773019375 0.259133556640625 0.47444065234375 0.371614689453125 0.5182451875 0.367185615234375
6 0.48065984765625 0.373589787109375 0.483070861328125 0.2629920859375 0.43810149609375 0.2687957421875 0.43777409765625 0.37906730078125 0.48065984765625 0.373589787109375
1 0.444738962890625 0.378201515625 0.443381115234375 0.26876528515625 0.40190497265625 0.2671563515625 0.39975165234375 0.38304844140625 0.444738962890625 0.378201515625
3 1 0.189335279296875 0.98173458203125 0.187703416015625 0.969104271484375 0.3422124375 1 0.34659247265625 1 0.189335279296875
6 0.9799005 0.345597390625 0.98372398828125 0.190376337890625 0.91015297265625 0.181825443359375 0.9077507578125 0.338207478515625 0.9799005 0.345597390625
14 0.570229548828125 0.599609375 0.565128673828125 0.658116009765625 0.62201055078125 0.665900119140625 0.630170412109375 0.599609375 0.570229548828125 0.599609375
26 0.51235642578125 0.599609375 0.508915392578125 0.657157599609375 0.56573665234375 0.661135318359375 0.572301400390625 0.599609375 0.51235642578125 0.599609375
6 0.432914787109375 0.599609375 0.432592453125 0.649951916015625 0.491157712890625 0.65367156640625 0.494285826171875 0.599609375 0.432914787109375 0.599609375
2 0.374477185546875 0.599609375 0.372410376953125 0.647900234375 0.43694065625 0.652857521484375 0.437048146484375 0.599609375 0.374477185546875 0.599609375
1 0.32184721484375 0.599609375 0.3191031015625 0.64491334375 0.3720249453125 0.649664416015625 0.37393976171875 0.599609375 0.32184721484375 0.599609375