12 0.3310546875 0.04296875 0.1328125 0.07421875
40 0.2548828125 0.046875 0.1328125 0.08203125
10 0.1845703125 0.0478515625 0.125 0.083984375
6 0.078125 0.0498046875 0.134765625 0.087890625
1 0.033203125 0.052734375 0.06640625 0.09375
10 0.940591478515625 0.0779582265625 0.9339995 0.044329595703125 0.863995580078125 0.045975453125 0.8585195 0.079377638671875 0.940591478515625 0.0779582265625
24 0.89959358984375 0.080340431640625 0.892240990234375 0.046149353515625 0.81419485546875 0.04824408203125 0.82180775 0.081898328125 0.89959358984375 0.080340431640625
15 0.8576359765625 0.08241648046875 0.851513123046875 0.049099 0.770551716796875 0.05124400390625 0.78762897265625 0.08426588671875 0.8576359765625 0.08241648046875
8 0.795227244140625 0.08487575 0.785311232421875 0.053786380859375 0.710120873046875 0.05505374609375 0.720898654296875 0.086959349609375 0.795227244140625 0.08487575
0 0.754946890625 0.087587158203125 0.743281853515625 0.05352542578125 0.66630233203125 0.056254244140625 0.683402947265625 0.088324353515625 0.754946890625 0.087587158203125
17 0.716163919921875 0.088075849609375 0.69752208203125 0.05660287109375 0.623819142578125 0.05851523828125 0.64516028515625 0.08988356640625 0.716163919921875 0.088075849609375
35 0.4130859375 0.5595703125 0.07421875 0.193359375
24 0.3549623842592593 0.5768301504629629 0.1763310185185185 0.19713541666666679
5 0.20733506944444446 0.592701099537037 0.17196180555555562 0.18926504629629637
8 0.10238715277777777 0.6030526620370371 0.1723090277777778 0.19512442129629637
8 0.0400390625 0.6171875 0.080078125 0.18359375
24 0.388671875 0.92578125 0.123046875 0.13671875
5 0.263671875 0.93359375 0.173828125 0.12109375
8 0.162109375 0.9384765625 0.169921875 0.111328125
8 0.0703125 0.943359375 0.140625 0.1015625
7 0.7166666666666667 0.7425491898148149 0.06814236111111116 0.017954282407407263
9 0.740964988425926 0.740234375 0.06802662037037033 0.016001157407407263
24 0.7962239583333333 0.7325737847222222 0.06802662037037033 0.016001157407407263
3 0.6924262152777778 0.7458405671296297 0.07009548611111116 0.01798321759259247
19 0.8185112847222222 0.7293113425925926 0.06618923611111116 0.017925347222222276
21 0.7729021990740741 0.7348741319444445 0.06814236111111116 0.017954282407407263