29 0.673828125 0.09246255078125 0.584172994140625 0.11611944921875 0.61645550390625 0.374294990234375 0.673828125 0.359023044921875 0.673828125 0.09246255078125
30 0.6127053125 0.382934845703125 0.590163234375 0.12536680859375 0.475565474609375 0.165199677734375 0.4942666875 0.416561171875 0.6127053125 0.382934845703125
1 0.455597701171875 0.43828385546875 0.431967599609375 0.176666005859375 0.3265021328125 0.2028221875 0.346639326171875 0.47070503125 0.455597701171875 0.43828385546875
0 0.22328130078125 0.5 0.281337349609375 0.5 0.34877203515625 0.477956349609375 0.324677330078125 0.223107244140625 0.187061564453125 0.259225416015625 0.22328130078125 0.5
2 0.230644876953125 0.5 0.194286408203125 0.25906466015625 0.075543046875 0.286988923828125 0.10225696875 0.5 0.230644876953125 0.5
44 0.0849609375 0.6064453125 0.169921875 0.212890625
0 0.3681640625 0.5810546875 0.166015625 0.162109375
44 0.2314453125 0.5966796875 0.189453125 0.193359375
25 0.5556640625 0.564453125 0.169921875 0.12890625
12 1 0.581517611328125 0.933767185546875 0.59664121484375 0.971561216796875 0.80156603125 1 0.800466931640625 1 0.581517611328125
10 0.977214353515625 0.8019720390625 0.94189783984375 0.586227748046875 0.862600806640625 0.590412384765625 0.873574740234375 0.8131147109375 0.977214353515625 0.8019720390625
31 0.880793828125 0.815105708984375 0.8673406015625 0.5960481484375 0.77424401171875 0.609880884765625 0.809295177734375 0.813608328125 0.880793828125 0.815105708984375
0 0.666015625 0.631874439453125 0.666015625 0.688061791015625 0.68108704296875 0.8393801796875 0.772755845703125 0.8216928515625 0.74564978515625 0.62170931640625 0.666015625 0.631874439453125