23 0 0.217037830078125 0.07354544140625 0.221826998046875 0.086888900390625 0.052381171875 0.009569841796875 0.047778419921875 0 0.15475076953125 0 0.217037830078125
12 0.1357602578125 0.22477349609375 0.149686345703125 0.057850197265625 0.073503080078125 0.055851759765625 0.060889474609375 0.220227625 0.1357602578125 0.22477349609375
20 0.122145322265625 0.2261575234375 0.206328529296875 0.23451918359375 0.19280703125 0.13911402734375 0.223749080078125 0.06105166015625 0.135737091796875 0.0598125 0.122145322265625 0.2261575234375
0 0.218866455078125 0.237023189453125 0.2978373046875 0.243703150390625 0.307741203125 0.07266676953125 0.234704212890625 0.06764449609375 0.23185252734375 0.077872931640625 0.218866455078125 0.237023189453125
2 0.367007482421875 0.2539220546875 0.378192611328125 0.077292591796875 0.300214978515625 0.074723564453125 0.28131051953125 0.238348814453125 0.367007482421875 0.2539220546875
7 0.435209650390625 0.255989865234375 0.448041072265625 0.084489873046875 0.367139091796875 0.080844583984375 0.355365859375 0.2554529296875 0.435209650390625 0.255989865234375
21 0.861328125 0.0390625 0.05078125 0.078125
10 0.892578125 0.0390625 0.05078125 0.078125
31 0.92578125 0.0390625 0.05078125 0.078125
2 0.9697265625 0.0419921875 0.056640625 0.083984375
2 0.98828125 0.04296875 0.0234375 0.0859375
28 0.6280020254629629 0.5783420138888888 0.05587384259259265 0.08324652777777786
29 0.662181712962963 0.5773292824074074 0.05590277777777786 0.08519965277777786
33 0.6993344907407408 0.5791594328703704 0.05590277777777786 0.08519965277777786
9 0.7481915509259259 0.5796657986111111 0.05392071759259265 0.08318865740740744
9 0.7843677662037036 0.5815248842592593 0.05590277777777786 0.08519965277777786
7 0.8214771412037036 0.5804253472222223 0.05394965277777786 0.08514178240740744