52 0.0703125 0.3310546875 0.140625 0.212890625
10 0.13170572916666667 0.31808449074074074 0.1626302083333333 0.20593171296296298
25 0.20457899305555555 0.2950231481481482 0.16462673611111112 0.2080005787037037
5 0.31069878472222223 0.27197627314814815 0.1782552083333333 0.20685763888888886
7 0.3863715277777777 0.25494791666666666 0.16072048611111112 0.20776909722222225
0 0.46501736111111114 0.23614004629629626 0.16853298611111112 0.20823206018518525
21 0.6064453125 0.16842483203125 0.6064453125 0.195008470703125 0.628467568359375 0.2318875 0.6889675703125 0.22718104296875 0.6417816875 0.16508521875 0.6064453125 0.16842483203125
0 0.723687654296875 0.220652513671875 0.692932779296875 0.1587974375 0.63756372265625 0.163920615234375 0.6707847890625 0.2247738984375 0.723687654296875 0.220652513671875
2 0.75247941015625 0.216136189453125 0.71858990625 0.1545750390625 0.665260458984375 0.15913276171875 0.693734302734375 0.220201376953125 0.75247941015625 0.216136189453125
0 0.777892986328125 0.210599115234375 0.748037228515625 0.14845315625 0.692340412109375 0.15351087109375 0.724047375 0.215364548828125 0.777892986328125 0.210599115234375
4 0.401401876953125 1 0.4347485234375 0.984339841796875 0.384017642578125 0.952261453125 0.29713426171875 1 0.401401876953125 1
6 0.3137745546875 1 0.401034578125 0.94839223828125 0.35673576171875 0.918548859375 0.232979962890625 0.9833162890625 0.251638287109375 1 0.3137745546875 1
6 0.374127228515625 0.915073767578125 0.325616962890625 0.881981212890625 0.204907951171875 0.95651540625 0.245115517578125 0.984330455078125 0.374127228515625 0.915073767578125
24 0.6953125 0.8828125 0.177734375 0.234375
6 0.828125 0.8857421875 0.275390625 0.228515625
8 0.90625 0.8740234375 0.1875 0.251953125