12 0.6376953125 0.4052734375 0.103515625 0.08203125
0 0.494140625 0.3974609375 0.1015625 0.09765625
46 0.59375 0.4033203125 0.09765625 0.0859375
52 0.552734375 0.3994140625 0.1015625 0.09375
2 0.4462890625 0.39453125 0.095703125 0.103515625
3 0.4033203125 0.390625 0.099609375 0.111328125
12 0.783203125 0.1923828125 0.078125 0.1328125
29 0.6294849537037037 0.8075086805555556 0.20905671296296302 0.2672309027777777
6 0.4566333912037037 0.7887803819444444 0.1826533564814814 0.2387586805555555
7 0.35434751157407407 0.7737630208333333 0.1807002314814814 0.2386718750000001
1 0.2601273148148148 0.765234375 0.15740740740740744 0.24153645833333326
2 0.15415219907407407 0.7562500000000001 0.19473379629629628 0.24904513888888902
12 0.9453125 0.619140625 0.109375 0.3359375
15 0.8740234375 0.6064453125 0.251953125 0.310546875
24 0.8193359375 0.603515625 0.150390625 0.302734375