46 0.24695457175925928 0.09717881944444445 0.15115740740740735 0.18971354166666665
43 0.30290075231481484 0.1076388888888889 0.14736689814814818 0.19157986111111114
49 0.36126302083333334 0.11024305555555558 0.15150462962962963 0.19557291666666665
46 0.4228515625 0.1181640625 0.09375 0.18359375
32 0 0.746766611328125 0.11228 0.472602466796875 0 0.45403640234375 0 0.746766611328125
26 0 0.752762068359375 0.13573790625 0.77501199609375 0.231233373046875 0.500108462890625 0.092730236328125 0.4750872578125 0 0.75253896875 0 0.752762068359375
4 0.285674849609375 0.80932953125 0.384980802734375 0.53179415234375 0.260173900390625 0.5129424296875 0.1571657890625 0.785233177734375 0.285674849609375 0.80932953125
4 0.4697265625 0.648659029296875 0.4697265625 0.553551013671875 0.36658850390625 0.533133115234375 0.26634276953125 0.810866791015625 0.39468176171875 0.83205536328125 0.4697265625 0.648659029296875
10 0.7492332175925926 0.6450954861111111 0.20415219907407423 0.26111111111111107
0 0.8854817708333333 0.6664496527777778 0.2020833333333334 0.25911458333333326
52 0.544921875 0.61328125 0.232421875 0.275390625
47 0.6460720486111111 0.6249565972222222 0.21391782407407423 0.2613281249999999
0 0.9404296875 0.6787109375 0.119140625 0.271484375