0 0.0234375 0.154296875 0.046875 0.1796875
0 0.21455439814814814 0.17763310185185188 0.10484664351851847 0.18395543981481488
0 0.06620370370370371 0.16151620370370368 0.09505208333333337 0.17975983796296302
0 0.14040075231481486 0.16664496527777778 0.09898726851851847 0.18378182870370374
12 0.351699400390625 0.28602189453125 0.382858314453125 0.092079677734375 0.278431228515625 0.08958574609375 0.257159044921875 0.273240490234375 0.351699400390625 0.28602189453125
12 0.46086757421875 0.11010323828125 0.360183931640625 0.099361587890625 0.343447044921875 0.28857074609375 0.433209224609375 0.2926515546875 0.46086757421875 0.11010323828125
6 0.921875 0.0869140625 0.10546875 0.173828125
6 0.974609375 0.0888671875 0.05078125 0.177734375
12 0.41576244212962965 0.7677879050925926 0.11069155092592586 0.1821759259259259
16 0.33377459490740735 0.759497974537037 0.1126880787037039 0.18809317129629632
31 0.25181568287037037 0.7473017939814814 0.10092592592592586 0.18188657407407405
0 0.1357132523148148 0.7292100694444444 0.10484664351851847 0.18395543981481488
7 0.054701967592592604 0.720949074074074 0.10486111111111107 0.18590856481481488
1 0.95233540625 1 0.967791642578125 0.876100828125 0.875505845703125 0.865679919921875 0.857132634765625 1 0.95233540625 1
4 0.87280409375 1 0.887947083984375 0.86480016015625 0.78370424609375 0.851108345703125 0.766749248046875 1 0.87280409375 1
4 0.78718116015625 1 0.80329782421875 0.8511886171875 0.703270603515625 0.83906941015625 0.685203271484375 1 0.78718116015625 1