11 0.44140625 0.3642578125 0.44140625 0.055126091796875 0.26481163671875 0.044247693359375 0.2794254453125 0.3642578125 0.44140625 0.3642578125
9 0.255002103515625 0.3642578125 0.2416679375 0.03049520703125 0.04064226171875 0.020532876953125 0.078608470703125 0.3642578125 0.255002103515625 0.3642578125
8 0 0.3642578125 0.105746208984375 0.3642578125 0.056868689453125 0.01950076171875 0 0.00993825 0 0.3642578125
15 0.8845114921875 0.247513623046875 0.90573533984375 0.026075349609375 0.78019114453125 0.007502826171875 0.763239943359375 0.22552303125 0.8845114921875 0.247513623046875
22 0.691988931640625 0 0.67407409375 0.205094552734375 0.8018614296875 0.2315731875 0.8161831328125 0.009816646484375 0.7646676015625 0 0.691988931640625 0
10 0.62012987890625 0 0.585656896484375 0.1836361171875 0.713809744140625 0.20397888671875 0.72401780859375 0 0.62012987890625 0
1 0.50412925 0 0.48089120703125 0.1584160078125 0.589696044921875 0.174450640625 0.6129191484375 0 0.50412925 0
4 0.4065908984375 0 0.3984375 0.066343474609375 0.3984375 0.13940953125 0.51230948046875 0.158581896484375 0.5314601796875 0 0.4065908984375 0
21 0.43356523046875 0.3544921875 0.370353990234375 0.3544921875 0.302084529296875 0.7039022265625 0.44140625 0.729584853515625 0.44140625 0.355739841796875 0.43356523046875 0.3544921875
10 0.178909005859375 0.3544921875 0.1580381328125 0.68935953125 0.340178244140625 0.71668270703125 0.330417548828125 0.3544921875 0.178909005859375 0.3544921875
16 0.009569771484375 0.3544921875 0.031405412109375 0.6746897734375 0.190420748046875 0.67755278515625 0.203464658203125 0.3544921875 0.009569771484375 0.3544921875
10 1 0.3544921875 0.942697455078125 0.3544921875 0.9093735234375 0.537203619140625 1 0.5524700546875 1 0.3544921875
16 0.798984853515625 0.3544921875 0.790658615234375 0.508999091796875 0.942842240234375 0.533530060546875 0.95972945703125 0.3544921875 0.798984853515625 0.3544921875
5 0.63864154296875 0.3544921875 0.65379466015625 0.4933358671875 0.791347857421875 0.499666189453125 0.7981911875 0.3544921875 0.63864154296875 0.3544921875
9 0.517883908203125 0.3544921875 0.5319781953125 0.47684026953125 0.684886560546875 0.48235379296875 0.672415791015625 0.3544921875 0.517883908203125 0.3544921875