4 0.43712384259259257 0.08676215277777777 0.08022280092592593 0.1357494212962963
3 0.529296875 0.0751953125 0.068359375 0.125
1 0.4906611689814815 0.08169849537037038 0.07798032407407396 0.1259548611111111
3 0.975070529296875 0.114173634765625 0.966201939453125 0.0009765625 0.87643834375 0.0009765625 0.8808983203125 0.108232794921875 0.975070529296875 0.114173634765625
0 0.893077322265625 0.106498607421875 0.8876516484375 0.0009765625 0.80167580859375 0.0009765625 0.805513578125 0.089191431640625 0.893077322265625 0.106498607421875
1 0.819284232421875 0.091217009765625 0.8147800078125 0.0009765625 0.74467720703125 0.0009765625 0.738762669921875 0.0759898984375 0.819284232421875 0.091217009765625
15 0.541015625 0.8974609375 0.044921875 0.06640625
10 0.5097077546296296 0.8982132523148147 0.0528067129629628 0.06701388888888893
33 0.4736617476851852 0.9006076388888888 0.052748842592592604 0.06506076388888893
0 0.42595486111111114 0.9047815393518519 0.052748842592592604 0.06506076388888893
9 0.39088541666666665 0.9071903935185186 0.054701967592592604 0.06508969907407414
2 0.3548683449074074 0.9105613425925926 0.054701967592592604 0.06508969907407414
5 0.9375 0.5830078125 0.125 0.275390625
2 0.8400752314814814 0.5934389467592592 0.15079571759259247 0.2773582175925926
5 0.7231770833333333 0.6014684606481482 0.15079571759259247 0.2773582175925926