34 0.496787845703125 0.01866766015625 0.49073709765625 0.0009765625 0.4314395 0.0009765625 0.4523433359375 0.0208923984375 0.496787845703125 0.01866766015625
10 0.4798096640625 0.02371246484375 0.460394435546875 0.0009765625 0.407005154296875 0.0009765625 0.411250568359375 0.026970904296875 0.4798096640625 0.02371246484375
25 0.453098927734375 0.0278565 0.443850193359375 0.0009765625 0.37945350390625 0.0009765625 0.41731873046875 0.02852680859375 0.453098927734375 0.0278565
8 0.4187225546875 0.035231671875 0.404071966796875 0.0009765625 0.34621766015625 0.0009765625 0.358144138671875 0.039395123046875 0.4187225546875 0.035231671875
9 0.395034140625 0.040328802734375 0.381767494140625 0.0009765625 0.321476525390625 0.0009765625 0.34265041796875 0.041741255859375 0.395034140625 0.040328802734375
6 0.37138796484375 0.0432788125 0.354097681640625 0.0009765625 0.294818251953125 0.0009765625 0.312999240234375 0.04541186328125 0.37138796484375 0.0432788125
11 0.85811070703125 0.311800251953125 0.8042225546875 0.31171217578125 0.821374935546875 0.354909537109375 0.875900322265625 0.355631919921875 0.85811070703125 0.311800251953125
20 0.838170232421875 0.312154767578125 0.7826248203125 0.31197946875 0.80280349609375 0.35497433203125 0.8556684453125 0.355696927734375 0.838170232421875 0.312154767578125
2 0.790286748046875 0.31066282421875 0.7394241015625 0.31149890625 0.761442119140625 0.353230228515625 0.8092861015625 0.35174599609375 0.790286748046875 0.31066282421875
0 0.79066315234375 0.35317959765625 0.770056771484375 0.311040900390625 0.72152484375 0.309442080078125 0.7369886875 0.350766904296875 0.79066315234375 0.35317959765625
6 0.7738816640625 0.352035521484375 0.7468014296875 0.308890439453125 0.70134875390625 0.308938015625 0.725544896484375 0.35130373828125 0.7738816640625 0.352035521484375
13 0.811911037109375 0.311373099609375 0.766694798828125 0.31160621875 0.7846286640625 0.353114841796875 0.835644154296875 0.354335041015625 0.811911037109375 0.311373099609375
29 0.4716572421875 0.4501953125 0.488568130859375 0.48778133203125 0.551730787109375 0.478462990234375 0.542150802734375 0.4501953125 0.4716572421875 0.4501953125
20 0.433904228515625 0.4501953125 0.4486807265625 0.50121937890625 0.52281646484375 0.489816728515625 0.508568583984375 0.4501953125 0.433904228515625 0.4501953125
5 0.382426072265625 0.4501953125 0.408067517578125 0.51833582421875 0.4730210546875 0.506700365234375 0.455945837890625 0.4501953125 0.382426072265625 0.4501953125
6 0.343068517578125 0.4501953125 0.375273958984375 0.534199732421875 0.439927203125 0.518746619140625 0.412432099609375 0.4501953125 0.343068517578125 0.4501953125
1 0.308931466796875 0.4501953125 0.338977255859375 0.548722482421875 0.40391841796875 0.535026802734375 0.373079140625 0.4501953125 0.308931466796875 0.4501953125
8 0.8525390625 0.8369140625 0.25390625 0.32421875
8 0.7119140625 0.8408203125 0.22265625 0.31640625
8 0.6025390625 0.8515625 0.171875 0.294921875