29 0.194328232421875 0.268009443359375 0.198846076171875 0.152363357421875 0.133842056640625 0.153406880859375 0.138783298828125 0.26985187890625 0.194328232421875 0.268009443359375
15 0.250433890625 0.271553560546875 0.256768697265625 0.153414849609375 0.195563310546875 0.151753779296875 0.1874091015625 0.271175939453125 0.250433890625 0.271553560546875
31 0.2919921875 0.15548358203125 0.252793755859375 0.15389463671875 0.257193990234375 0.275758646484375 0.2919921875 0.277606349609375 0.2919921875 0.15548358203125
31 0.707715458984375 0.638671875 0.715566974609375 0.580357927734375 0.35432837890625 0.519576462890625 0.311280849609375 0.638671875 0.707715458984375 0.638671875
25 0.728349349609375 0.578513275390625 0.766270052734375 0.467696548828125 0.420151189453125 0.376011068359375 0.3627411875 0.51738573828125 0.728349349609375 0.578513275390625
9 0.4281359765625 0.290736236328125 0.495945720703125 0.360623818359375 0.689193146484375 0.332984025390625 0.811266544921875 0.420865828125 0.868125591796875 0.270980169921875 0.49180509375 0.19807204296875 0.4281359765625 0.290736236328125
7 0.483448919921875 0.183785810546875 0.580892166015625 0.2149861875 0.63014246875 0.164175734375 0.879414943359375 0.256308400390625 0.931408064453125 0.162717208984375 0.5695814296875 0.047955345703125 0.483448919921875 0.183785810546875
2 0.6275789765625 0 0.61875458203125 0.061779498046875 0.7096941953125 0.0729020390625 0.7332948671875 0.01027592578125 0.961026470703125 0.15538203515625 1 0.08551125 1 0 0.6275789765625 0
38 0.2919921875 1 0.2919921875 0.721750265625 0.21041724609375 1 0.2919921875 1
37 0.207040017578125 1 0.2919921875 0.730192748046875 0.2919921875 0.7017782109375 0.190217984375 0.66859188671875 0.095164087890625 0.96603562890625 0.17739025 1 0.207040017578125 1
25 0 0.926251041015625 0.0944732890625 0.964446544921875 0.191777162109375 0.669770763671875 0.0937962734375 0.638671875 0.076321541015625 0.638671875 0 0.880157056640625 0 0.926251041015625