4 0.474609375 0.267578125 0.138671875 0.21875
46 0.1623263888888889 0.20863715277777778 0.1874565972222222 0.2353587962962963
37 0.2579210069444444 0.23378182870370368 0.18081597222222223 0.21743344907407414
23 0.3558810763888889 0.24640480324074077 0.1972222222222222 0.2359374999999999
22 0.638954044921875 0.511819326171875 0.648816501953125 0.4509175078125 0.59388730078125 0.44511144140625 0.584022001953125 0.50455754296875 0.638954044921875 0.511819326171875
22 0.669043787109375 0.517345203125 0.67774681640625 0.457304212890625 0.625023892578125 0.45087603125 0.614144673828125 0.510872765625 0.669043787109375 0.517345203125
26 0.6985061953125 0.52426574609375 0.7080027734375 0.464035904296875 0.6550232421875 0.45675337890625 0.6442958046875 0.516810916015625 0.6985061953125 0.52426574609375
2 0.74977634765625 0.53440684765625 0.758788322265625 0.47458391796875 0.705233013671875 0.468322916015625 0.69527096484375 0.52756270703125 0.74977634765625 0.53440684765625
0 0.780099033203125 0.540542125 0.78950763671875 0.480840173828125 0.73550134375 0.473901130859375 0.7263407109375 0.5340776328125 0.780099033203125 0.540542125
15 0.80992528515625 0.54662980078125 0.8207181640625 0.486412794921875 0.765114466796875 0.47905560546875 0.755895478515625 0.540171876953125 0.80992528515625 0.54662980078125
35 0.6220703125 0.7822265625 0.21484375 0.275390625
27 0.724609375 0.8154296875 0.244140625 0.341796875
21 0.8515625 0.822265625 0.25 0.35546875
5 0.9521484375 0.8544921875 0.095703125 0.291015625