47 0.197423765625 0 0.196033630859375 0.033464255859375 0.3908769375 0.036698486328125 0.396308568359375 0 0.197423765625 0
31 0.3974609375 0.0774144921875 0.3974609375 0.03611430078125 0.186009669921875 0.03159306640625 0.179192892578125 0.1286208046875 0.39615309765625 0.106839708984375 0.3974609375 0.0774144921875
43 0.36738265625 0.194929416015625 0.380308169921875 0.1027340078125 0.184206642578125 0.11267055078125 0.17352469921875 0.1968908359375 0.36738265625 0.194929416015625
44 0.92578125 0.095703125 0.142578125 0.19140625
39 0.560546875 0.1103515625 0.146484375 0.220703125
44 0.7060546875 0.10546875 0.140625 0.2109375
44 0.8173828125 0.095703125 0.15234375 0.19140625
41 0.45703125 0.12109375 0.134765625 0.2421875
18 0.029296875 0.7802734375 0.05859375 0.357421875
29 0.1240234375 0.775390625 0.177734375 0.35546875
14 0.271484375 0.765625 0.1953125 0.3671875
15 0.447265625 0.5966796875 0.134765625 0.314453125
10 0.5546875 0.5966796875 0.181640625 0.314453125
20 0.689453125 0.591796875 0.193359375 0.3046875
5 0.880859375 0.591796875 0.189453125 0.3046875
7 0.9619140625 0.587890625 0.076171875 0.296875