23 0.0078125 0.07421875 0.015625 0.078125
23 0.023625578703703687 0.07925347222222223 0.04564525462962965 0.07886284722222225
39 0.057631655092592604 0.07708333333333334 0.04564525462962965 0.07886284722222225
5 0.10284288194444446 0.08296440972222224 0.04943576388888893 0.07699652777777777
6 0.13690682870370363 0.08177083333333335 0.04162326388888893 0.07682291666666674
8 0.16827256944444446 0.08441840277777779 0.04552951388888893 0.07690972222222214
43 0.9253399884259259 0.43682725694444446 0.07197627314814814 0.12821180555555545
52 0.9716796875 0.44921875 0.056640625 0.1328125
24 0.81941247265625 0.977178212890625 0.76380926171875 0.721192708984375 0.64733860546875 0.736900931640625 0.707984169921875 0.99169120703125 0.81941247265625 0.977178212890625
20 0.932682837890625 0.961551181640625 0.8700132421875 0.8426433203125 0.8829638671875 0.723129005859375 0.83511929296875 0.710218931640625 0.75901374609375 0.716355736328125 0.813469943359375 0.979928814453125 0.932682837890625 0.961551181640625
19 1 0.790024076171875 0.981602669921875 0.70620025390625 0.900546482421875 0.71153178515625 0.890042392578125 0.87623677734375 0.92323206640625 0.95099076953125 1 0.94413705859375 1 0.790024076171875