33 0.185185728515625 0.1469031484375 0.195200646484375 0.082786220703125 0.1685092890625 0.07611900390625 0.160673962890625 0.14037704296875 0.185185728515625 0.1469031484375
35 0.210453748046875 0.1536197734375 0.220794392578125 0.09059252734375 0.195428490234375 0.08445160546875 0.18475836328125 0.14699967578125 0.210453748046875 0.1536197734375
21 0.236994810546875 0.161662708984375 0.2446896328125 0.097167908203125 0.221626306640625 0.09225715234375 0.20973445703125 0.154853365234375 0.236994810546875 0.161662708984375
0 0.27159416796875 0.169698654296875 0.28538403125 0.108139591796875 0.25892464453125 0.10213692578125 0.2466539140625 0.1632671796875 0.27159416796875 0.169698654296875
2 0.299890666015625 0.177170146484375 0.311978080078125 0.115185830078125 0.286340134765625 0.108925330078125 0.272069798828125 0.1694141328125 0.299890666015625 0.177170146484375
0 0.3255498203125 0.182369544921875 0.3399558203125 0.12076272265625 0.31355926171875 0.114716056640625 0.300085283203125 0.1764121015625 0.3255498203125 0.182369544921875
2 0.71875 0.2880859375 0.140625 0.318359375
9 0.7154975859375 0.452230935546875 0.839407431640625 0.48183840234375 0.90672853515625 0.24052435546875 0.87398000390625 0.1799114375 0.79705508203125 0.160696412109375 0.7154975859375 0.452230935546875
0 1 0.216224974609375 0.961605724609375 0.20448880078125 0.9085655859375 0.249049798828125 0.848923146484375 0.429093248046875 0.88066145703125 0.498865896484375 0.950705541015625 0.50829559375 0.9924730234375 0.403107333984375 1 0.38079359765625 1 0.216224974609375
18 0.7263888888888889 0.810546875 0.0434751157407407 0.068359375
23 0.7595413773148147 0.8173828125 0.049348958333333304 0.0703125
35 0.7926793981481481 0.826171875 0.047395833333333304 0.0703125
6 0.8394820601851852 0.8359375 0.0473813657407407 0.068359375
9 0.8716435185185185 0.8447265625 0.0473813657407407 0.068359375
6 0.9057581018518519 0.853515625 0.051302083333333304 0.0703125