9 0.15198206018518517 0.36328125 0.07118055555555558 0.12890625
10 0.2621527777777778 0.341796875 0.07313368055555558 0.12890625
3 0.10572193287037035 0.373046875 0.07732928240740744 0.13671875
5 0.19835069444444442 0.3505859375 0.08094618055555558 0.12890625
22 0.34787326388888884 0.3212890625 0.06915509259259256 0.126953125
40 0.3045789930555556 0.330078125 0.06915509259259256 0.126953125
10 0.858757068359375 0.44635838671875 0.8539787109375 0.160642939453125 0.77424986328125 0.14691219921875 0.7582042890625 0.42624851171875 0.858757068359375 0.44635838671875
32 0.7723226796875 0.15158588671875 0.76372121484375 0.150174044921875 0.666171984375 0.136469232421875 0.6792865 0.404448375 0.7642661953125 0.4187251171875 0.7723226796875 0.15158588671875
21 0.678153037109375 0.398043314453125 0.671152826171875 0.14556380859375 0.632564037109375 0.132327123046875 0.583162888671875 0.38116930859375 0.678153037109375 0.398043314453125
3 0.5380859375 0.366623947265625 0.56371711328125 0.36672127734375 0.549628900390625 0.131658546875 0.5380859375 0.129376970703125 0.5380859375 0.366623947265625
35 0 0.95862909765625 0.040088609375 0.958101220703125 0.0271741875 0.86639800390625 0 0.865713814453125 0 0.95862909765625
32 0.900390625 0.6318359375 0.130859375 0.205078125
10 0.8170211226851852 0.634765625 0.1171875 0.2109375
10 0.7286964699074074 0.646484375 0.12492766203703698 0.208984375
9 0.623951099537037 0.6533203125 0.12109375 0.2109375
8 0.5673828125 0.6708984375 0.05859375 0.212890625