8 0.072265625 0.0498046875 0.14453125 0.091796875
5 0.146484375 0.041015625 0.1875 0.07421875
5 0.23828125 0.029296875 0.1953125 0.05078125
31 0.375 0.065787083984375 0.375 0.165079138671875 0.379878298828125 0.171275158203125 0.427521919921875 0.163652091796875 0.376399982421875 0.065622833984375 0.375 0.065787083984375
7 0.473324796875 0.15335172265625 0.436467775390625 0.052191517578125 0.38549489453125 0.064001037109375 0.4329834296875 0.159905181640625 0.473324796875 0.15335172265625
1 0.512245162109375 0.1443576640625 0.467797923828125 0.042065154296875 0.421349951171875 0.05006450390625 0.458995388671875 0.1534813359375 0.512245162109375 0.1443576640625
4 0.543093740234375 0.135567912109375 0.502600115234375 0.032733240234375 0.45613991796875 0.042521375 0.495903759765625 0.145474416015625 0.543093740234375 0.135567912109375
21 0.69730459765625 0.819695310546875 0.6383011953125 0.837052341796875 0.69395301953125 0.99609375 0.755081619140625 0.99609375 0.77326243359375 0.99047265625 0.69730459765625 0.819695310546875
24 0.817983748046875 0.9663829453125 0.7625403828125 0.795103185546875 0.6943530859375 0.81483733203125 0.75952563671875 0.985983361328125 0.817983748046875 0.9663829453125
21 0.873909025390625 0.940778580078125 0.8009018984375 0.78181158203125 0.748331419921875 0.79348540234375 0.8062270703125 0.961276185546875 0.873909025390625 0.940778580078125
4 0.940744228515625 0.909374591796875 0.873926419921875 0.73953087109375 0.82044416015625 0.76660679296875 0.877006767578125 0.92388655078125 0.940744228515625 0.909374591796875
0 0.98759882421875 0.893013634765625 0.926700658203125 0.727272376953125 0.8717987421875 0.748497693359375 0.924737443359375 0.905503509765625 0.98759882421875 0.893013634765625
3 1 0.761169572265625 0.9778178671875 0.7021055703125 0.916164111328125 0.72481283984375 0.97991484765625 0.887575859375 1 0.88123205859375 1 0.761169572265625