39 0.21666666666666667 0.3018663194444444 0.1928385416666667 0.25808738425925926
1 0.0810546875 0.3212890625 0.162109375 0.255859375
6 0.0283203125 0.326171875 0.056640625 0.24609375
41 0.3217447916666667 0.291529224537037 0.18177083333333321 0.26767939814814823
36 0.4344401041666667 0.26937210648148147 0.20885416666666656 0.2641782407407407
47 0.658125169921875 0.34857880078125 0.790186380859375 0.391504095703125 0.81338833984375 0.3572489140625 0.68011994140625 0.316970998046875 0.658125169921875 0.34857880078125
23 0.79895450390625 0.3565045546875 0.825283755859375 0.309435376953125 0.702147283203125 0.26767733203125 0.671252275390625 0.314162888671875 0.79895450390625 0.3565045546875
40 0.844243548828125 0.27030833203125 0.839646333984375 0.26972470703125 0.71444409765625 0.230614041015625 0.69537292578125 0.263016916015625 0.824629943359375 0.3114484140625 0.844243548828125 0.27030833203125
4 0.85652564453125 0.242988763671875 0.873637029296875 0.208361404296875 0.744018298828125 0.170096521484375 0.71568044140625 0.211287322265625 0.85652564453125 0.242988763671875
6 0.869474705078125 0.2047075078125 0.892822794921875 0.158061220703125 0.7651301171875 0.128110654296875 0.73789351171875 0.16665407421875 0.869474705078125 0.2047075078125
6 0.887769005859375 0.159490634765625 0.9122304765625 0.123806037109375 0.783948341796875 0.084111744140625 0.754273888671875 0.12673195703125 0.887769005859375 0.159490634765625
32 0.54487066796875 1 0.521961642578125 0.791211708984375 0.423553224609375 0.794411263671875 0.44487216015625 1 0.54487066796875 1
32 0.45825564453125 1 0.439429060546875 0.79533926953125 0.3416713203125 0.801205408203125 0.3713880390625 1 0.45825564453125 1
10 0.381505298828125 1 0.351145669921875 0.801264931640625 0.282717505859375 0.80589696875 0.27325366796875 1 0.381505298828125 1
4 0.269827916015625 1 0.24667059375 0.806439703125 0.1601845234375 0.813484892578125 0.178686978515625 1 0.269827916015625 1
8 0.18998883984375 1 0.171320455078125 0.8123045625 0.078337044921875 0.808688537109375 0.090297484375 1 0.18998883984375 1
4 0.11156446484375 1 0.089913154296875 0.810173509765625 0.004822826171875 0.822736017578125 0.027387359375 1 0.11156446484375 1
2 0.84472662109375 0.44921875 0.85814576953125 0.593190392578125 0.97220741015625 0.570991669921875 0.957323619140625 0.44921875 0.84472662109375 0.44921875
9 0.750051306640625 0.44921875 0.798781564453125 0.60750436328125 0.88070176171875 0.597977095703125 0.868522345703125 0.44921875 0.750051306640625 0.44921875
4 0.73046875 0.5439453125 0.162109375 0.189453125