19 0.3167767890625 0.69879067578125 0.322769466796875 0.761046966796875 0.368349177734375 0.757552033203125 0.36533539453125 0.6966633515625 0.3167767890625 0.69879067578125
19 0.34077576953125 0.75844821875 0.38659072265625 0.75459004296875 0.384200603515625 0.69441058984375 0.337089466796875 0.697476568359375 0.34077576953125 0.75844821875
28 0.356532705078125 0.754465921875 0.4059780390625 0.750760380859375 0.3975154921875 0.69404911328125 0.356239076171875 0.6952080859375 0.356532705078125 0.754465921875
7 0.391466095703125 0.750106064453125 0.42861750390625 0.7509589453125 0.4253301015625 0.689946716796875 0.378790064453125 0.692556267578125 0.391466095703125 0.750106064453125
7 0.40281047265625 0.74815156640625 0.446277578125 0.7477210078125 0.439977736328125 0.687286677734375 0.398371515625 0.690503681640625 0.40281047265625 0.74815156640625
3 0.4541015625 0.686314578125 0.415546876953125 0.687607072265625 0.422654533203125 0.744108078125 0.4541015625 0.744075572265625 0.4541015625 0.686314578125
10 0.7244574652777778 0.8154296875 0.15060763888888884 0.30538194444444455
40 0.5783564814814814 0.7669270833333334 0.1445601851851852 0.2798611111111111
52 0.6465205439814815 0.7917751736111112 0.13495370370370363 0.30112847222222205
5 0.8228732638888889 0.8425347222222223 0.14269386574074083 0.2915364583333333
4 0.896484375 0.8623046875 0.140625 0.275390625
2 0.9521484375 0.876953125 0.095703125 0.24609375