33 0.4843532986111111 0.29461805555555554 0.05805844907407409 0.09796006944444446
19 0.44712818287037037 0.30078125 0.06196469907407409 0.09813368055555549
10 0.40990306712962965 0.30694444444444446 0.056047453703703676 0.09396701388888884
3 0.3569950810185185 0.3163194444444444 0.06001157407407409 0.09804687500000009
2 0.3197699652777778 0.32248263888888884 0.0580873842592593 0.09991319444444446
2 0.2825593171296296 0.3276692708333333 0.05805844907407409 0.09796006944444446
20 0.922728587962963 0.42217881944444446 0.04587673611111098 0.06618923611111116
1 0.9639322916666666 0.27938368055555557 0.053804976851851816 0.07434895833333333
9 0.9355107060185185 0.2849609375 0.05584490740740744 0.08029513888888895
35 0.5546875 0.7509765625 0.076171875 0.302734375
27 0.4912109375 0.7587890625 0.203125 0.318359375
2 0.3125 0.7734375 0.232421875 0.34765625
6 0.1787109375 0.77734375 0.21484375 0.35546875
3 0.078125 0.7841796875 0.15625 0.369140625
31 0.984375 0.8642578125 0.03125 0.259765625
12 0.951171875 0.8720703125 0.09765625 0.255859375
14 0.8984375 0.87109375 0.126953125 0.2578125
4 0.80078125 0.875 0.119140625 0.25
2 0.7314453125 0.8798828125 0.12890625 0.240234375
6 0.658203125 0.8798828125 0.123046875 0.240234375