29 0.5595703125 0.2861328125 0.15625 0.205078125
14 0.44140625 0.2900390625 0.232421875 0.197265625
8 0.248046875 0.3076171875 0.240234375 0.162109375
6 0.1064453125 0.3154296875 0.212890625 0.146484375
10 1 0.308110908203125 0.992378068359375 0.282827173828125 0.90916108984375 0.283264134765625 0.9068241953125 0.388671875 1 0.388671875 1 0.308110908203125
0 0.88280255078125 0.388671875 0.864085521484375 0.296945373046875 0.7293570234375 0.31420487890625 0.74466744921875 0.388671875 0.88280255078125 0.388671875
9 0.76923297265625 0.388671875 0.7513872890625 0.306551611328125 0.612227193359375 0.312726744140625 0.6288803984375 0.388671875 0.76923297265625 0.388671875
12 0.459216328125 0.388671875 0.46606712109375 0.5649196796875 0.573466689453125 0.576477662109375 0.56542032421875 0.388671875 0.459216328125 0.388671875
14 0.38538445703125 0.388671875 0.38617455078125 0.549733193359375 0.50210703125 0.5670933125 0.4916443515625 0.388671875 0.38538445703125 0.388671875
30 0.314870103515625 0.388671875 0.3174182890625 0.5301817265625 0.426831314453125 0.551227794921875 0.419178189453125 0.388671875 0.314870103515625 0.388671875
7 0.225239880859375 0.388671875 0.2417331796875 0.507984748046875 0.31406572265625 0.520031697265625 0.3247705625 0.388671875 0.225239880859375 0.388671875
1 0.17400828125 0.388671875 0.163016857421875 0.495976767578125 0.265971814453125 0.5126454765625 0.25170536328125 0.388671875 0.17400828125 0.388671875
6 0.091847734375 0.388671875 0.093770552734375 0.483741310546875 0.2058241015625 0.498218669921875 0.185042466796875 0.388671875 0.091847734375 0.388671875
0 0.8913845486111112 0.525267650462963 0.13077256944444438 0.17510127314814805
44 0.75 0.5322482638888888 0.12677951388888875 0.17309027777777786
7 0.8269748263888889 0.5271990740740741 0.13689236111111103 0.18104745370370368
20 1 0.434895267578125 0.930111865234375 0.43574266796875 0.94935571875 0.609394244140625 1 0.60689552734375 1 0.434895267578125