12 0.04526909722222222 0.4261646412037037 0.06848958333333333 0.13995949074074066
24 0.09893663194444446 0.4239583333333333 0.07443576388888884 0.14225983796296293
32 0.15171440972222222 0.4198567708333333 0.07052951388888884 0.1420283564814815
2 0.22686631944444446 0.4163773148148149 0.07434895833333333 0.14030671296296293
0 0.28151041666666665 0.414113136574074 0.07265625000000009 0.14605034722222232
4 0.33721788194444446 0.40983796296296293 0.07230902777777781 0.13823784722222232
28 0.9277994791666666 0.22110821759259258 0.12261284722222232 0.26199363425925926
15 0.98046875 0.2177734375 0.0390625 0.255859375
30 0.14782986111111107 0.8600260416666666 0.055034722222222276 0.10020254629629632
29 0.18782552083333337 0.8586299189814814 0.057161458333333304 0.10422453703703694
30 0.23057725694444442 0.8609664351851851 0.056987847222222276 0.10031828703703694
9 0.2879774305555556 0.8624348958333333 0.05486111111111103 0.09629629629629632
4 0.32988281249999996 0.8618995949074074 0.05707465277777768 0.10227141203703716
2 0.37174479166666674 0.8623408564814815 0.05724826388888893 0.10617766203703694
9 1 0.5888671875 0.870056525390625 0.5888671875 0.862764033203125 0.68436573046875 1 0.698567498046875 1 0.5888671875