36 0.4755859375 0.1318359375 0.072265625 0.255859375
36 0.4267578125 0.1220703125 0.169921875 0.236328125
9 0.3037109375 0.10546875 0.173828125 0.203125
8 0.2119140625 0.095703125 0.173828125 0.18359375
7 0.115234375 0.0947265625 0.16796875 0.181640625
15 0.908203125 0.3291015625 0.18359375 0.251953125
5 0.67856880078125 0.455078125 0.743771533203125 0.189460640625 0.588243 0.17926138671875 0.544189013671875 0.455078125 0.67856880078125 0.455078125
6 0.48828125 0.455078125 0.55560700390625 0.455078125 0.5945020703125 0.179530703125 0.48828125 0.163372306640625 0.48828125 0.455078125
2 0.7646484375 0.3154296875 0.259765625 0.279296875
35 0.51171875 0.560401912109375 0.51171875 0.462890625 0.4467419140625 0.462890625 0.413209771484375 0.567903736328125 0.5026314921875 0.582193552734375 0.51171875 0.560401912109375
10 0.408203125 0.5166015625 0.12890625 0.107421875
24 0.3408203125 0.5078125 0.138671875 0.08984375
0 0.240234375 0.49609375 0.13671875 0.06640625
8 0.16796875 0.48828125 0.13671875 0.05078125
8 0.09375 0.4814453125 0.140625 0.037109375
30 0.927734375 0.6259765625 0.14453125 0.248046875
35 0.8491608796296297 0.6140625 0.16785300925925917 0.24973958333333335
20 0.7581814236111111 0.5986328125 0.167867476851852 0.25169270833333335
2 0.6298828125 0.5849609375 0.173828125 0.244140625
3 0.5556640625 0.58203125 0.134765625 0.23828125