10 0.517578125 0.359375 0.109375 0.15625
15 0.4462890625 0.3564453125 0.111328125 0.162109375
6 0.326171875 0.3544921875 0.109375 0.166015625
3 0.24609375 0.353515625 0.11328125 0.16796875
7 0.171875 0.3515625 0.10546875 0.171875
20 0.9697265625 0.3486328125 0.060546875 0.177734375
44 0.8818359375 0.3447265625 0.134765625 0.185546875
44 0.6796875 0.34375 0.1328125 0.1875
44 0.78125 0.34765625 0.12890625 0.1796875
46 0.33203125 0.765574363425926 0.08489583333333339 0.12081886574074074
4 0.1514033564814815 0.7660445601851852 0.082957175925926 0.12271412037037033
0 0.04791666666666666 0.7652054398148148 0.08096064814814818 0.11679687500000013
12 0.2724609375 0.7673394097222223 0.08683449074074079 0.11892361111111116
51 0.2207320601851852 0.7649667245370371 0.08091724537037037 0.11093749999999991
2 0.09866174768518521 0.7685836226851852 0.07706886574074079 0.1186342592592593
26 0.966796875 0.509765625 0.06640625 0.09765625
6 0.9123987268518519 0.5113859953703703 0.07106481481481475 0.09892939814814827
2 0.8703920717592593 0.5145833333333334 0.06912615740740735 0.10082465277777786
9 0.8284215856481482 0.5128978587962962 0.06912615740740735 0.10082465277777786