20 0.03125 0.4169921875 0.0625 0.251953125
9 0.1015407986111111 0.39140625 0.17109375000000004 0.2596354166666667
9 0.2705078125 0.3505859375 0.107421875 0.259765625
8 0.2017144097222222 0.37428385416666665 0.1630208333333334 0.2534288194444445
34 0.894618013671875 0.54296875 0.895072337890625 0.512003291015625 0.8381751640625 0.525385044921875 0.841441388671875 0.54296875 0.894618013671875 0.54296875
9 0.928717189453125 0.54296875 0.924442703125 0.500135048828125 0.872192263671875 0.51112826171875 0.877979953125 0.54296875 0.928717189453125 0.54296875
2 0.954387408203125 0.54296875 0.9425589921875 0.48947021484375 0.894657697265625 0.50138705078125 0.899921736328125 0.54296875 0.954387408203125 0.54296875
4 0.92835971875 0.54296875 0.960415046875 0.54296875 0.976518609375 0.538186875 0.95309008984375 0.4816115078125 0.916665451171875 0.491019228515625 0.92835971875 0.54296875
35 0.1787326388888889 0.6643663194444445 0.08194444444444438 0.09583333333333321
27 0.21410590277777775 0.6579210069444444 0.07999131944444438 0.09574652777777781
22 0.24943576388888888 0.6524522569444444 0.07608506944444449 0.09557291666666656
4 0.291015625 0.642578125 0.06640625 0.09765625
19 0.5087890625 0.7109375 0.212890625 0.3515625
32 0.6220703125 0.7041015625 0.212890625 0.337890625
14 0.7373046875 0.689453125 0.205078125 0.30859375
5 0.8935546875 0.6728515625 0.201171875 0.275390625
5 0.9521484375 0.666015625 0.095703125 0.26171875