29 0.013671875 0.130859375 0.02734375 0.15234375
28 0.0478515625 0.130859375 0.095703125 0.15234375
13 0.11534288194444442 0.1298828125 0.09810474537037028 0.154296875
0 0.20910734953703702 0.130859375 0.0961516203703705 0.154296875
0 0.2754701967592592 0.1279296875 0.0961226851851853 0.15234375
7 0.3427806712962962 0.123046875 0.0980758101851853 0.15234375
9 0.7451171875 0.1328125 0.13671875 0.2578125
4 0.8642578125 0.1357421875 0.1796875 0.263671875
11 0.6767578125 0.844967580078125 0.7858355390625 0.826427736328125 0.749601630859375 0.5775675625 0.6767578125 0.5813440859375 0.6767578125 0.844967580078125
25 0.893652935546875 0.81794444140625 0.872513490234375 0.56508560546875 0.745660333984375 0.5769938046875 0.77323762109375 0.833561029296875 0.893652935546875 0.81794444140625
22 1 0.614374068359375 0.992511140625 0.5551836328125 0.848440140625 0.57373860546875 0.87744948828125 0.842158689453125 1 0.838335861328125 1 0.614374068359375