19 0 0.350825583984375 0.04063471875 0.446031662109375 0.148065037109375 0.427965681640625 0.071032953125 0.191573021484375 0 0.2003524609375 0 0.350825583984375
28 0.24765771484375 0.411398283203125 0.17258444140625 0.172051451171875 0.060971400390625 0.189418705078125 0.141125447265625 0.428938474609375 0.24765771484375 0.411398283203125
14 0.366736806640625 0.400500783203125 0.277652958984375 0.158364685546875 0.165311400390625 0.16865328125 0.24855621875 0.41947399609375 0.366736806640625 0.400500783203125
5 0.4814453125 0.378928431640625 0.4814453125 0.321450107421875 0.418304138671875 0.131609068359375 0.303188095703125 0.151462783203125 0.386194470703125 0.39299182421875 0.4814453125 0.378928431640625
19 0.512987376953125 0.24141280078125 0.496553232421875 0.22292705859375 0.460573861328125 0.22751067578125 0.476910541015625 0.244389830078125 0.512987376953125 0.24141280078125
24 0.531214689453125 0.2387142578125 0.515084005859375 0.220510314453125 0.4801378359375 0.22347312109375 0.492753638671875 0.241977443359375 0.531214689453125 0.2387142578125
21 0.551368498046875 0.23525058203125 0.546506994140625 0.231200638671875 0.526241908203125 0.231443353515625 0.515635974609375 0.219319076171875 0.498504666015625 0.220447185546875 0.512450794921875 0.2382477265625 0.551368498046875 0.23525058203125
9 0.536986439453125 0.224578251953125 0.536142203125 0.233089166015625 0.574833158203125 0.230446435546875 0.56048917578125 0.2124504296875 0.524144154296875 0.21590396875 0.52838910546875 0.222553837890625 0.536986439453125 0.224578251953125
7 0.592973751953125 0.2275507109375 0.577353564453125 0.2084799609375 0.542017013671875 0.21167776953125 0.555508802734375 0.23020858984375 0.592973751953125 0.2275507109375
3 0.57198601171875 0.226494146484375 0.61079163671875 0.22381004296875 0.609120298828125 0.219876912109375 0.595961888671875 0.20618119921875 0.560284666015625 0.208547962890625 0.57198601171875 0.226494146484375
19 0.023929603515625 0.9459894921875 0.05662324609375 0.9482464140625 0.036477505859375 0.90163694921875 0.001545955078125 0.901533634765625 0.023929603515625 0.9459894921875
13 0.041998375 0.94891006640625 0.076223001953125 0.95007359765625 0.056665951171875 0.901915978515625 0.02132026953125 0.901160556640625 0.041998375 0.94891006640625
20 0.060115814453125 0.951129115234375 0.102442029296875 0.9528619296875 0.080168287109375 0.925777423828125 0.08343138671875 0.901947771484375 0.04066370703125 0.9019319375 0.060115814453125 0.951129115234375
9 0.126342255859375 0.953425291015625 0.114380107421875 0.903936775390625 0.070152791015625 0.902120302734375 0.092147703125 0.953648392578125 0.126342255859375 0.953425291015625
6 0.152217048828125 0.95624112109375 0.129084337890625 0.902953142578125 0.0970593359375 0.904692435546875 0.106183474609375 0.953477830078125 0.152217048828125 0.95624112109375
3 0.17585716796875 0.958635916015625 0.154868373046875 0.905208498046875 0.115631046875 0.903875755859375 0.1351313203125 0.958084435546875 0.17585716796875 0.958635916015625
5 0.9755859375 0.8505859375 0.048828125 0.087890625
1 0.96484375 0.794921875 0.0703125 0.07421875