22 0.4931640625 0.1875 0.060546875 0.224609375
21 0.44160879629629624 0.19603587962962965 0.11846064814814827 0.21853298611111116
51 0.36065538194444446 0.19108072916666663 0.11660879629629628 0.22041377314814814
8 0.24008246527777777 0.19542100694444442 0.10428240740740735 0.20826099537037046
9 0.15559172453703707 0.20207609953703703 0.11445312500000004 0.21643518518518523
2 0.061537905092592604 0.20446325231481477 0.11691261574074074 0.22627314814814814
27 0.875082837890625 0.6201171875 0.889895109375 0.600038607421875 0.857417580078125 0.58372716796875 0.829047880859375 0.6201171875 0.875082837890625 0.6201171875
20 0.832239427734375 0.6201171875 0.86009337109375 0.582259349609375 0.823735021484375 0.56266703125 0.7816090859375 0.6201171875 0.832239427734375 0.6201171875
32 0.767610564453125 0.6201171875 0.785638876953125 0.6201171875 0.82843302734375 0.5623829453125 0.79375078515625 0.54365576953125 0.7489972890625 0.60882463671875 0.767610564453125 0.6201171875
3 0.787929080078125 0.5367670703125 0.74956507421875 0.516726546875 0.708929931640625 0.58712939453125 0.7351252578125 0.60456289453125 0.787929080078125 0.5367670703125
2 0.75262506640625 0.516709169921875 0.721657443359375 0.502393302734375 0.67328108984375 0.568210390625 0.71043741796875 0.589406068359375 0.75262506640625 0.516709169921875
6 0.714766169921875 0.49650255859375 0.688187908203125 0.48167183203125 0.646031107421875 0.55098119140625 0.67843909375 0.569727705078125 0.714766169921875 0.49650255859375
22 1 1 1 0.79682494921875 0.91773046484375 0.792977791015625 0.90734927734375 1 1 1
23 0.912803873046875 1 0.9235147265625 0.790815208984375 0.808592353515625 0.781109388671875 0.797730123046875 1 0.912803873046875 1
10 0.8076836875 1 0.807031154296875 0.777446025390625 0.740662087890625 0.77084317578125 0.69083169921875 1 0.8076836875 1
5 0.652042970703125 1 0.67070418359375 0.769893634765625 0.555659751953125 0.764821783203125 0.537989728515625 1 0.652042970703125 1
7 0.5433838203125 1 0.55836179296875 0.7615395703125 0.515625 0.759664412109375 0.515625 1 0.5433838203125 1