42 0.0859375 0.12890625 0.171875 0.2578125
3 0.4912109375 0.1435546875 0.11328125 0.287109375
46 0.1748046875 0.1279296875 0.185546875 0.255859375
5 0.4228515625 0.1435546875 0.216796875 0.287109375
38 0.2822265625 0.134765625 0.197265625 0.26953125
6 0.9610460069444444 0.43236400462962954 0.07646122685185186 0.07096354166666652
16 0.974609375 0.4326171875 0.05078125 0.068359375
28 0.88967526171875 0.463192392578125 0.892757642578125 0.400963462890625 0.8277168984375 0.4028586953125 0.828462125 0.464740591796875 0.88967526171875 0.463192392578125
14 0.799752884765625 0.466929240234375 0.865888662109375 0.467350548828125 0.863460064453125 0.40136150390625 0.7983741796875 0.40187342578125 0.797334548828125 0.40161519140625 0.799752884765625 0.466929240234375
24 0.9220305 0.463132798828125 0.91596614453125 0.39918050390625 0.85495723828125 0.403779515625 0.858234484375 0.465108962890625 0.9220305 0.463132798828125
7 0.9539476015625 0.464908474609375 0.965682423828125 0.401599302734375 0.896758595703125 0.400535099609375 0.912090814453125 0.465605794921875 0.9539476015625 0.464908474609375
12 0.11563223379629628 0.7947410300925926 0.1591435185185186 0.21694155092592604
44 0.5078125 0.8330078125 0.080078125 0.216796875
44 0.462890625 0.8232421875 0.169921875 0.228515625
44 0.3827039930555556 0.8211082175925926 0.16124131944444442 0.21903935185185186
22 0.19364872685185186 0.8007450810185185 0.1655815972222222 0.22518807870370372
41 0.2772352430555555 0.8024088541666667 0.1552372685185185 0.21665219907407396
29 0.892578125 0.8701171875 0.15234375 0.259765625
18 0.9365234375 0.87109375 0.126953125 0.2578125
11 0.94921875 0.8662109375 0.1015625 0.267578125