47 0.37178819444444444 0.35575810185185186 0.08749999999999991 0.1274594907407407
23 0.32265625 0.3607855902777778 0.08927951388888888 0.12362557870370372
40 0.2747612847222223 0.3599898726851852 0.09318576388888888 0.12377025462962965
4 0.21493055555555557 0.3636429398148148 0.09140625000000002 0.12760416666666663
6 0.1630859375 0.369140625 0.083984375 0.123046875
6 0.1123046875 0.3701171875 0.080078125 0.12109375
5 0.2224609375 0.6603732638888888 0.24943576388888888 0.39279513888888884
0 0.03125 0.716796875 0.0625 0.39453125
1 0.1005859375 0.6884765625 0.201171875 0.408203125
20 0.517578125 0.6103515625 0.13671875 0.36328125
12 0.4130642361111111 0.6195023148148148 0.24492187499999996 0.378978587962963
18 0.7853515625 0.8349609375 0.06180555555555545 0.07581018518518512
23 0.7518012152777778 0.8415436921296297 0.06375868055555545 0.07588252314814814
35 0.7145616319444444 0.8430989583333333 0.06553819444444442 0.07204861111111116
6 0.6664062500000001 0.8481626157407407 0.06349826388888902 0.07002314814814814
9 0.6309461805555555 0.8536964699074074 0.06163194444444442 0.07190393518518512
6 0.5986328125 0.857421875 0.056640625 0.072265625