32 0.8017578125 0.16861255787037038 0.11328125 0.1396267361111111
34 0.728515625 0.1740379050925926 0.11328125 0.1396267361111111
19 0.6572265625 0.18250868055555558 0.115234375 0.13778935185185182
8 0.5615234375 0.1924623842592592 0.111328125 0.13560474537037037
7 0.5407459765625 0.259231513671875 0.517731125 0.1376311953125 0.424907115234375 0.143994333984375 0.46381112109375 0.263089421875 0.5407459765625 0.259231513671875
0 0.485841916015625 0.263259005859375 0.423828125 0.1506551171875 0.423828125 0.267483443359375 0.485841916015625 0.263259005859375
29 0.2041015625 0.8886140046296296 0.05859375 0.06216724537037033
29 0.1826171875 0.8873408564814815 0.060546875 0.06032986111111116
16 0.16015625 0.886986400462963 0.060546875 0.06032986111111116
4 0.130859375 0.8881799768518519 0.05859375 0.06021412037037033
9 0.109375 0.8878833912037036 0.060546875 0.06032986111111116
0 0.0869140625 0.8875289351851852 0.060546875 0.06032986111111116
14 1 0.501508193359375 0.89041646875 0.504991658203125 0.931919060546875 0.773083380859375 1 0.774652990234375 1 0.501508193359375
29 0.9483935546875 0.772030623046875 0.908992400390625 0.503974 0.768655263671875 0.50917040234375 0.836523986328125 0.772376302734375 0.9483935546875 0.772030623046875
1 0.793861837890625 0.786030505859375 0.746838955078125 0.511220796875 0.635246798828125 0.51133441796875 0.662754166015625 0.7859812734375 0.793861837890625 0.786030505859375
3 0.681155384765625 0.783621474609375 0.64686352734375 0.515312552734375 0.501418423828125 0.52085342578125 0.5393564140625 0.790368916015625 0.681155384765625 0.783621474609375
1 0.423828125 0.521794775390625 0.423828125 0.68462756640625 0.4408860390625 0.796706583984375 0.557964884765625 0.798033228515625 0.51240726953125 0.523011962890625 0.423828125 0.521794775390625