20 0.240234375 0.2033420138888889 0.244140625 0.24487847222222225
0 0.330078125 0.16325954861111108 0.216796875 0.21106770833333333
17 0.25938909375 0.297682767578125 0.167452095703125 0.132779255859375 0.085521986328125 0.1604343125 0.1780685859375 0.329248177734375 0.25938909375 0.297682767578125
39 0.10524980859375 0.15554456640625 0.022005302734375 0.18339648046875 0.12198989453125 0.353988607421875 0.175651001953125 0.3321930859375 0.10524980859375 0.15554456640625
7 0.47732179296875 0.206134994140625 0.39118859375 0.030603908203125 0.30086178515625 0.06335845703125 0.4090503828125 0.22807708984375 0.47732179296875 0.206134994140625
8 0.528652642578125 0.17084267578125 0.528316173828125 0.16569978125 0.44899021484375 0.00683433984375 0.37484573046875 0.0359663046875 0.444258125 0.20363816015625 0.528652642578125 0.17084267578125
31 0.5302734375 0.7876302083333333 0.142578125 0.20941840277777768
22 0.455078125 0.7766059027777777 0.146484375 0.2134114583333333
11 0.3798828125 0.7655815972222222 0.140625 0.2074218750000001
5 0.271484375 0.7484592013888889 0.142578125 0.20551215277777768
0 0.1953125 0.7355034722222222 0.142578125 0.20941840277777768
2 0.12109375 0.7244574652777778 0.142578125 0.20746527777777768
28 0.880859375 0.7643012152777777 0.126953125 0.17391493055555562
11 0.8193359375 0.7559027777777778 0.12109375 0.1718315972222222
20 0.75390625 0.7495442708333333 0.12890625 0.17591145833333344
9 0.6796875 0.7373046875 0.09765625 0.171875