36 0.3681640625 0.025390625 0.130859375 0.05078125
0 0.271484375 0.033203125 0.12890625 0.06640625
9 0.2060546875 0.037109375 0.130859375 0.07421875
3 0.1318359375 0.04296875 0.134765625 0.0859375
12 0.995911921875 0.412041451171875 0.99188519921875 0.2746105390625 0.912889642578125 0.282359212890625 0.9111100703125 0.418423828125 0.995911921875 0.412041451171875
16 0.943364078125 0.419320609375 0.944073787109375 0.28457836328125 0.864575892578125 0.289684376953125 0.862310712890625 0.42568381640625 0.943364078125 0.419320609375
31 0.892035279296875 0.42669849609375 0.89525629296875 0.291518099609375 0.814947439453125 0.298728005859375 0.82497759375 0.431190833984375 0.892035279296875 0.42669849609375
8 0.83062798828125 0.432955466796875 0.821006462890625 0.3036910625 0.749891060546875 0.312258521484375 0.7533479453125 0.441188787109375 0.83062798828125 0.432955466796875
0 0.782436005859375 0.44315235546875 0.7800272265625 0.311926951171875 0.707054142578125 0.319759578125 0.704443056640625 0.450122265625 0.782436005859375 0.44315235546875
5 0.7345687421875 0.453553818359375 0.7368679375 0.319878251953125 0.65985731640625 0.32716044140625 0.658178935546875 0.457803353515625 0.7345687421875 0.453553818359375
22 0 0.783602970703125 0.00340764453125 0.7997276875 0.056680662109375 0.802234271484375 0.043868919921875 0.73490706640625 0 0.73508275390625 0 0.783602970703125
25 0 0.79962268359375 0.030654916015625 0.80000433984375 0.00660598046875 0.7349796171875 0 0.734982271484375 0 0.79962268359375
11 0.73931345703125 0.8932472421875 0.745926748046875 0.82816527734375 0.6897954375 0.831527154296875 0.68113379296875 0.894356779296875 0.73931345703125 0.8932472421875
17 0.709492677734375 0.894081509765625 0.716454625 0.831145458984375 0.6574345234375 0.83377191796875 0.6511755546875 0.89706108984375 0.709492677734375 0.894081509765625
17 0.68103533984375 0.896835361328125 0.686517486328125 0.834216435546875 0.62738343359375 0.837291529296875 0.62140371875 0.8997290078125 0.68103533984375 0.896835361328125
3 0.63309075390625 0.90139024609375 0.636699751953125 0.8393196015625 0.57561922265625 0.842923662109375 0.57291478125 0.904201275390625 0.63309075390625 0.90139024609375
2 0.602192283203125 0.90495598046875 0.607828494140625 0.842932150390625 0.549863900390625 0.846544466796875 0.542646578125 0.908076193359375 0.602192283203125 0.90495598046875
15 0.570468556640625 0.907941099609375 0.578800927734375 0.8454544140625 0.51506587109375 0.849150677734375 0.51475683203125 0.910746423828125 0.570468556640625 0.907941099609375