50 0.34639033564814814 0.17685908564814812 0.16827256944444446 0.27410300925925934
4 0.0556640625 0.1123046875 0.111328125 0.224609375
39 0.1689453125 0.1357421875 0.150390625 0.271484375
48 0.2515480324074074 0.15742187499999993 0.15604745370370376 0.26399016203703707
26 0.312972908203125 0.74201053515625 0.313772080078125 0.612485068359375 0.25827438671875 0.61800294921875 0.258076021484375 0.745182318359375 0.312972908203125 0.74201053515625
14 0.256581154296875 0.745702962890625 0.255821607421875 0.61715055078125 0.200607751953125 0.619905171875 0.201249875 0.748151982421875 0.256581154296875 0.745702962890625
26 0.202771583984375 0.748011125 0.19881404296875 0.621598716796875 0.142502703125 0.62642894140625 0.146079427734375 0.75287659765625 0.202771583984375 0.748011125
6 0.125135802734375 0.755767796875 0.116945109375 0.629051630859375 0.057993169921875 0.634439619140625 0.07124034375 0.762284173828125 0.125135802734375 0.755767796875
2 0.0690121328125 0.76325340234375 0.060709455078125 0.634952724609375 0.003337634765625 0.6410263515625 0.01085194921875 0.7690193046875 0.0690121328125 0.76325340234375
9 0.96838840234375 0.77079407421875 0.92914775 0.404431072265625 0.769857609375 0.431463533203125 0.828637232421875 0.7837302265625 0.96838840234375 0.77079407421875
8 0.82047646484375 0.7844856328125 0.75965657421875 0.432407796875 0.6249713671875 0.429856611328125 0.679896748046875 0.8002292109375 0.82047646484375 0.7844856328125
9 0.58984375 0.780080974609375 0.670811857421875 0.8024353203125 0.613558609375 0.428182310546875 0.58984375 0.433403455078125 0.58984375 0.780080974609375