13 0.5126953125 0.16015625 0.064453125 0.1796875
10 0.47265625 0.16796875 0.12890625 0.1640625
5 0.3740234375 0.171875 0.134765625 0.15625
8 0.3046875 0.1767578125 0.125 0.146484375
5 0.2353515625 0.1826171875 0.126953125 0.134765625
17 0.35720486111111116 0.6072482638888889 0.08253761574074092 0.11028645833333339
23 0.31469184027777786 0.6141710069444445 0.08046875000000009 0.10824652777777777
20 0.2741898148148148 0.6202039930555555 0.08242187499999998 0.10833333333333339
2 0.216796875 0.6303819444444444 0.0825376157407407 0.11028645833333339
9 0.17617910879629628 0.6383680555555555 0.08265335648148153 0.11223958333333339
1 0.13659577546296298 0.6454210069444444 0.0786313657407407 0.11011284722222214
28 0.982421875 0.4580078125 0.03515625 0.212890625
23 0.939453125 0.4755859375 0.12109375 0.220703125
13 0.8761791087962963 0.4858723958333333 0.14921874999999996 0.21649305555555554
0 0.7633463541666667 0.5063151041666667 0.15312500000000018 0.21666666666666656
3 0.6791811342592593 0.5221571180555555 0.1551938657407408 0.2187065972222222
8 0.6015625 0.53515625 0.13671875 0.21875