8 0.1376157407407408 0.1835575810185185 0.14036458333333335 0.20766782407407414
0 0.0556640625 0.1953125 0.111328125 0.20703125
9 0.2378038194444445 0.1730541087962963 0.14680266203703685 0.21747685185185184
45 0.3837890625 0.0888671875 0.091796875 0.177734375
48 0.4446686921296297 0.09635416666666669 0.14678819444444452 0.18428819444444444
25 0.5272135416666667 0.10355179398148145 0.14276620370370385 0.18230613425925923
4 0.6597873263888889 0.1230685763888889 0.1309317129629628 0.18026620370370372
3 0.7483072916666667 0.12826967592592592 0.1449508101851853 0.18622685185185184
2 0.8451533564814815 0.14121817129629627 0.1392071759259259 0.18813657407407403
28 0.1832924296875 0.775015361328125 0.273037013671875 0.776521748046875 0.26946804296875 0.6624963046875 0.18923181640625 0.662213078125 0.1832924296875 0.775015361328125
31 0.23203215625 0.77541025390625 0.296963341796875 0.769423966796875 0.3135547109375 0.662738505859375 0.227090890625 0.662470705078125 0.23203215625 0.77541025390625
24 0.26269842578125 0.77162345703125 0.339530404296875 0.773187048828125 0.355340162109375 0.6635463125 0.27630403125 0.663268044921875 0.26269842578125 0.77162345703125
0 0.380859375 0.66365890625 0.33304970703125 0.66287534765625 0.31846849609375 0.771962396484375 0.380859375 0.7717979140625 0.380859375 0.66365890625
33 0.4189453125 0.681640625 0.162109375 0.279296875
31 0.5302734375 0.677734375 0.173828125 0.271484375
3 0.7099609375 0.6796875 0.162109375 0.275390625
2 0.81640625 0.6708984375 0.1640625 0.2578125
1 0.9091796875 0.6748046875 0.138671875 0.265625