11 0 0 0 0.19671572265625 0.079007025390625 0.1951383671875 0.05008865234375 0 0 0
20 0.044036373046875 0 0.063446259765625 0.206970873046875 0.178685703125 0.218858015625 0.162703013671875 0 0.044036373046875 0
18 0.1562223046875 0 0.172129224609375 0.224430779296875 0.27790285546875 0.23435304296875 0.267452650390625 0 0.1562223046875 0
4 0.310016009765625 0 0.32446057421875 0.236923056640625 0.46689282421875 0.246790775390625 0.459895052734375 0 0.310016009765625 0
1 0.4515533046875 0 0.46059296875 0.255661458984375 0.5869140625 0.270129453125 0.5869140625 0 0.4515533046875 0
46 0.6945963541666667 0.400390625 0.08684895833333339 0.10629340277777777
21 0.7350260416666667 0.39275173611111114 0.07513020833333339 0.10577256944444446
38 0.7783203125 0.3859592013888889 0.07916666666666661 0.1078993055555556
5 0.8356119791666667 0.3736762152777778 0.08307291666666661 0.10807291666666663
3 0.8770182291666666 0.3659939236111111 0.07903645833333339 0.1059461805555556
2 0.9173828125 0.3593315972222222 0.07721354166666661 0.10781250000000009
26 0.0419921875 0.740234375 0.083984375 0.2109375
12 0.09882812499999999 0.7337456597222223 0.13710937499999998 0.21757812499999996
6 0.20631510416666665 0.7133897569444444 0.1265624999999999 0.20542534722222228
4 0.2768229166666667 0.7073350694444445 0.12317708333333321 0.21306423611111103
3 0.35175781250000004 0.6932942708333333 0.126953125 0.21128472222222228
20 0.77698252734375 0.84531541015625 0.82595242578125 0.839765046875 0.82411783203125 0.755083498046875 0.772922509765625 0.759727650390625 0.77698252734375 0.84531541015625
24 0.861015603515625 0.8348144609375 0.854987150390625 0.75115125390625 0.807669443359375 0.75421462890625 0.8091214921875 0.8395572734375 0.861015603515625 0.8348144609375
24 0.895919455078125 0.832154767578125 0.889640640625 0.743425359375 0.839411306640625 0.751603390625 0.84539337109375 0.836603533203125 0.895919455078125 0.832154767578125
0 0.94360325390625 0.82683492578125 0.9340198515625 0.73900691015625 0.88766369140625 0.74091956640625 0.89729341796875 0.829322994140625 0.94360325390625 0.82683492578125
4 0.977006646484375 0.8229253359375 0.973131642578125 0.73366335546875 0.9220459296875 0.739258154296875 0.929337794921875 0.82899438671875 0.977006646484375 0.8229253359375
2 1 0.729983822265625 0.95791528515625 0.73327546875 0.962546625 0.824497962890625 1 0.82015373828125 1 0.729983822265625