21 0.0126953125 0.572265625 0.025390625 0.10546875
10 0.03515625 0.5625 0.0703125 0.11328125
0 0.09140625000000002 0.5502531828703703 0.07703993055555558 0.10870949074074066
5 0.1328125 0.5393373842592593 0.07313368055555558 0.10850694444444442
0 0.17706163194444446 0.5302228009259259 0.07296006944444433 0.10460069444444442
46 0.3642578125 0.2001953125 0.12109375 0.3515625
22 0.4541015625 0.1748046875 0.2265625 0.34765625
17 0.59375 0.1630859375 0.212890625 0.32421875
0 0.7646484375 0.1357421875 0.21484375 0.26953125
3 0.8955078125 0.126953125 0.203125 0.251953125
3 0.9658203125 0.1064453125 0.068359375 0.212890625