13 0 0.484343623046875 0.021993408203125 0.484235921875 0.022144337890625 0.281165236328125 0 0.28243975390625 0 0.484343623046875
12 0.078701291015625 0.484239185546875 0.0824116015625 0.284586072265625 0.01171083203125 0.285823626953125 0.01112809765625 0.485032255859375 0.078701291015625 0.484239185546875
12 0.140580646484375 0.482578623046875 0.14379383203125 0.27949376953125 0.0719542578125 0.2834892421875 0.068299947265625 0.4869714921875 0.140580646484375 0.482578623046875
8 0.1551899765625 0.485224685546875 0.232170921875 0.48539855859375 0.242414646484375 0.378847533203125 0.227879337890625 0.273911220703125 0.160504380859375 0.280189755859375 0.1551899765625 0.485224685546875
3 0.2951981640625 0.4864265859375 0.30790909765625 0.273880267578125 0.224548294921875 0.276934787109375 0.223180361328125 0.48810762890625 0.2951981640625 0.4864265859375
9 0.370950142578125 0.482972763671875 0.376643107421875 0.271341904296875 0.296001546875 0.273187259765625 0.287285712890625 0.486820060546875 0.370950142578125 0.482972763671875
8 0.7677228009259259 0.47494936342592586 0.120167824074074 0.2359085648148147
5 0.8616174768518519 0.47145543981481486 0.1298755787037038 0.23410011574074074
5 0.94921875 0.46484375 0.1015625 0.2265625
47 0.0791015625 0.9189453125 0.154296875 0.162109375
22 0.212890625 0.9189453125 0.1640625 0.162109375
3 0.3955078125 0.9189453125 0.169921875 0.162109375
1 0.529296875 0.9189453125 0.15234375 0.162109375
3 0.638671875 0.9189453125 0.109375 0.162109375