1 0.2224392361111111 0.19014033564814814 0.11119791666666667 0.22403067129629628
22 0.384765625 0.203125 0.03125 0.2265625
5 0.056640625 0.169921875 0.11328125 0.21875
8 0.13988715277777775 0.1844979745370371 0.11050347222222223 0.20840567129629628
41 0.37768565625 0.095394150390625 0.29787337109375 0.0928429609375 0.31169234765625 0.30105026171875 0.39060136328125 0.303711142578125 0.37768565625 0.095394150390625
7 0.6919270833333333 0.06137876157407407 0.03059895833333348 0.03117766203703698
9 0.7162109375000001 0.056640625 0.030512152777777857 0.02922453703703698
24 0.7725911458333333 0.04658564814814814 0.030512152777777857 0.02922453703703698
3 0.6675998263888889 0.06514033564814814 0.03255208333333348 0.03132233796296302
19 0.7949652777777778 0.04296875 0.02864583333333348 0.03103298611111116
21 0.7492838541666667 0.0512514467592593 0.03059895833333326 0.03117766203703698
18 0.907373818359375 0.65948476953125 0.81898355859375 0.671856154296875 0.826781611328125 0.86560901171875 0.904592912109375 0.860169994140625 0.907373818359375 0.65948476953125
29 0.816552607421875 0.67496248046875 0.72036378515625 0.68675262109375 0.741877775390625 0.874838357421875 0.8216732734375 0.862718439453125 0.816552607421875 0.67496248046875
27 0.71924620703125 0.687250466796875 0.624856998046875 0.702850423828125 0.6439226484375 0.892024876953125 0.73563713671875 0.87761558203125 0.71924620703125 0.687250466796875
1 0.587668724609375 0.69991319140625 0.50593759765625 0.712340966796875 0.53275586328125 0.903767546875 0.609099572265625 0.888870189453125 0.587668724609375 0.69991319140625
9 0.504677484375 0.708448908203125 0.39930591015625 0.721870220703125 0.438902083984375 0.91967773828125 0.52943165234375 0.904555462890625 0.504677484375 0.708448908203125
2 0.396484375 0.925519810546875 0.437761533203125 0.91697539453125 0.39715751953125 0.72068987109375 0.396484375 0.720776072265625 0.396484375 0.925519810546875