28 0.1413177734375 0.38499654296875 0.138194130859375 0.205535287109375 0.05147166796875 0.211767296875 0.055563794921875 0.3946066796875 0.1413177734375 0.38499654296875
22 0.0380859375 0.310546875 0.076171875 0.19921875
10 0.873046875 0.080078125 0.126953125 0.16015625
44 0.7568359375 0.087890625 0.125 0.17578125
44 0.576171875 0.0947265625 0.130859375 0.189453125
40 0.9482421875 0.076171875 0.103515625 0.15234375
44 0.6630859375 0.0888671875 0.13671875 0.177734375
10 0.1919270833333333 0.6891710069444444 0.11744791666666665 0.21297743055555562
44 0.0234375 0.712890625 0.046875 0.21484375
44 0.07656249999999998 0.6962456597222222 0.12955729166666674 0.21935763888888893
43 0.27174479166666665 0.6749131944444444 0.12122395833333321 0.21119791666666665
12 0.3330078125 0.666015625 0.0859375 0.2265625
3 0.3837890625 0.7685546875 0.04296875 0.208984375
0 0.4282552083333333 0.7613932291666666 0.12669270833333335 0.2055989583333333
1 0.5182942708333333 0.7544704861111111 0.12877604166666679 0.20763888888888893
22 0.8229166666666666 0.7419053819444444 0.146484375 0.21037326388888888
22 0.7259114583333333 0.7510850694444444 0.11874999999999991 0.20329861111111125
22 0.6392578125 0.7510416666666666 0.1285156249999999 0.20373263888888893