36 0.24928385416666665 0.21523437499999998 0.12708333333333321 0.18420138888888893
10 0.3203125 0.2177734375 0.119140625 0.19140625
6 0.0224609375 0.2158203125 0.044921875 0.181640625
22 0.17302517361111114 0.21471354166666667 0.13107638888888884 0.18828124999999996
0 0.0644748263888889 0.21269531249999996 0.12708333333333333 0.18420138888888893
9 0.7025824652777778 0.3348307291666667 0.045486111111111116 0.024479166666666607
7 0.6811414930555555 0.33773871527777777 0.045486111111111116 0.024479166666666607
3 0.6597222222222222 0.34162326388888886 0.045486111111111116 0.024479166666666607
19 0.7746744791666667 0.3238064236111111 0.045486111111111116 0.024479166666666607
24 0.7532552083333334 0.3276909722222222 0.045486111111111116 0.024479166666666607
21 0.7318142361111111 0.3305989583333333 0.047439236111111116 0.024565972222222232
4 0.13741319444444444 0.8862847222222222 0.09288194444444442 0.13780381944444442
3 0.23869357638888888 0.8690755208333334 0.09852430555555558 0.12829861111111107
21 0.34375 0.8515625 0.072265625 0.126953125
25 0.31276041666666665 0.8589409722222222 0.09661458333333339 0.13016493055555567
1 0.19099392361111112 0.8780381944444444 0.09075520833333339 0.1299045138888888
23 0.833538134765625 0.769028087890625 0.844842609375 0.7285455234375 0.79565425 0.730442548828125 0.785434892578125 0.7710777265625 0.833538134765625 0.769028087890625
11 0.802813896484375 0.77115970703125 0.81307853125 0.731091697265625 0.766845720703125 0.732979986328125 0.756351572265625 0.772114470703125 0.802813896484375 0.77115970703125
17 0.773616658203125 0.773603845703125 0.7832891875 0.733025279296875 0.733199052734375 0.73433955859375 0.724555123046875 0.77444090625 0.773616658203125 0.773603845703125
2 0.726620892578125 0.776823005859375 0.73178448046875 0.734872677734375 0.67857546875 0.737311966796875 0.674926859375 0.779590599609375 0.726620892578125 0.776823005859375
4 0.69442540625 0.780197890625 0.699477173828125 0.738286662109375 0.648373220703125 0.7403066484375 0.64046911328125 0.78202950390625 0.69442540625 0.780197890625
12 0.659015193359375 0.7814391328125 0.667102537109375 0.739708416015625 0.612063376953125 0.741280712890625 0.605991544921875 0.78280201171875 0.659015193359375 0.7814391328125