13 0 0.45637241015625 0.079785099609375 0.440345033203125 0.046887548828125 0.288310248046875 0 0.289983015625 0 0.45637241015625
10 0.15528455078125 0.420388056640625 0.094155296875 0.26274198828125 0.031499677734375 0.28183444921875 0.05609019140625 0.437457150390625 0.15528455078125 0.420388056640625
2 0.256675505859375 0.4011899296875 0.224504197265625 0.240015234375 0.13081744921875 0.254335421875 0.155775595703125 0.415674060546875 0.256675505859375 0.4011899296875
5 0.3307670546875 0.383144572265625 0.30115526171875 0.217080904296875 0.2062694140625 0.2336801484375 0.23376512890625 0.399283171875 0.3307670546875 0.383144572265625
5 0.395131595703125 0.36758212890625 0.38075745703125 0.202432982421875 0.27951469921875 0.214434591796875 0.311561525390625 0.386119484375 0.395131595703125 0.36758212890625
42 0.490234375 0.3095703125 0.115234375 0.251953125
44 0.9111328125 0.21875 0.177734375 0.26171875
46 0.5575593171296296 0.28839699074074077 0.1708333333333334 0.2446614583333333
44 0.958984375 0.1943359375 0.08203125 0.263671875
44 0.8054470486111112 0.24536313657407405 0.201171875 0.2637586805555556
38 0.6647569444444444 0.27018229166666663 0.18278356481481484 0.24917534722222223
26 0.269450171875 0.88603235546875 0.32399859375 0.879947626953125 0.2731584296875 0.76818661328125 0.250717900390625 0.763161587890625 0.2188268359375 0.77048378515625 0.269450171875 0.88603235546875
17 0.366496310546875 0.878097060546875 0.310086994140625 0.753976203125 0.2546494140625 0.7656331953125 0.30695111328125 0.8830538828125 0.366496310546875 0.878097060546875
29 0.401443630859375 0.878852869140625 0.356933556640625 0.750746263671875 0.295315041015625 0.760707041015625 0.351174130859375 0.884132013671875 0.401443630859375 0.878852869140625
6 0.4658203125 0.875257849609375 0.4658203125 0.872440830078125 0.4162755703125 0.74722648046875 0.36580652734375 0.75274816796875 0.39333636328125 0.880580734375 0.4658203125 0.875257849609375
6 0.4658203125 0.748199017578125 0.40870571484375 0.75106842578125 0.455751328125 0.88012274609375 0.4658203125 0.87959232421875 0.4658203125 0.748199017578125
33 0.469292216796875 0.96500556640625 0.477724521484375 0.99609375 0.607533666015625 0.99609375 0.5952915390625 0.93434096875 0.469292216796875 0.96500556640625
34 0.56410544140625 0.93276030859375 0.576166587890625 0.99609375 0.696238626953125 0.99609375 0.687791919921875 0.90498646484375 0.56410544140625 0.93276030859375
16 0.65277929296875 0.910289134765625 0.66326026171875 0.99609375 0.7831556015625 0.99609375 0.769431255859375 0.88482580859375 0.65277929296875 0.910289134765625
2 0.773576814453125 0.87186287109375 0.787487453125 0.99609375 0.896172375 0.99609375 0.893531595703125 0.846487044921875 0.773576814453125 0.87186287109375
9 0.968050705078125 0.8205237734375 0.85826933984375 0.840318751953125 0.8645873046875 0.99609375 0.939671265625 0.99609375 0.975143751953125 0.98412905078125 0.968050705078125 0.8205237734375
8 1 0.809964822265625 0.9378265 0.819798646484375 0.94389426171875 0.981778697265625 1 0.973722443359375 1 0.809964822265625