13 0.4609375 0.080078125 0.076171875 0.130859375
25 0.5099464699074074 0.0766276041666667 0.0927372685185186 0.1338541666666666
7 0.5894820601851852 0.07018229166666667 0.08868634259259256 0.12968749999999996
6 0.6455078125 0.0654296875 0.08984375 0.12890625
1 0.7001953125 0.0654296875 0.08203125 0.12890625
18 0.0185546875 0.7099609375 0.037109375 0.267578125
11 0.0556640625 0.703125 0.111328125 0.2890625
0 0.18283420138888884 0.6843098958333333 0.15487557870370372 0.33867187499999996
8 0.27416087962962954 0.6766927083333334 0.17983217592592604 0.3812500000000001
7 0.361328125 0.6640625 0.150390625 0.447265625
37 0.4755859375 0.6787109375 0.10546875 0.4765625
8 0.6123046875 0.6611328125 0.23828125 0.44140625
8 0.75 0.6474609375 0.205078125 0.4140625
8 0.888671875 0.6435546875 0.208984375 0.40625