10 0.33488136574074073 0.29845196759259257 0.1557725694444444 0.22502893518518519
2 0.5283203125 0.2490234375 0.146484375 0.2265625
3 0.4476779513888889 0.26435908564814814 0.16594328703703698 0.233347800925926
6 0.572265625 0.23046875 0.05859375 0.212890625
43 0.254296875 0.3123697916666667 0.15957754629629628 0.22327835648148153
12 0.17628761574074076 0.3329716435185186 0.16234085648148144 0.23900462962962976
3 0.607421875 0.01953125 0.05859375 0.0390625
6 0.6337890625 0.0166015625 0.076171875 0.033203125
7 0.666015625 0.01171875 0.078125 0.0234375
14 0.052734375 0.7607421875 0.10546875 0.205078125
27 0.10979456018518519 0.7423177083333333 0.14489293981481488 0.20303819444444438
6 0.21848234953703705 0.7123336226851852 0.14900173611111112 0.20714699074074083
8 0.293359375 0.6957899305555555 0.14293981481481488 0.20293692129629637
1 0.36741174768518525 0.6763671875 0.1410879629629629 0.20478877314814814
1 0.578125 0.860711701171875 0.653310423828125 0.846062294921875 0.611469208984375 0.700680216796875 0.578125 0.706297076171875 0.578125 0.860711701171875
8 0.72369099609375 0.823756578125 0.6933593046875 0.680994396484375 0.613061140625 0.69824534765625 0.64491580859375 0.839212310546875 0.72369099609375 0.823756578125