29 0.200495259765625 0.05417891015625 0.24331493359375 0.0029296875 0.19174254296875 0.0029296875 0.1671188515625 0.043655248046875 0.200495259765625 0.05417891015625
11 0.18318275390625 0.0414589921875 0.209992673828125 0.0029296875 0.14830480078125 0.0029296875 0.1320553515625 0.024356724609375 0.18318275390625 0.0414589921875
15 0.154419798828125 0.027559716796875 0.173252140625 0.0029296875 0.1067543125 0.0029296875 0.10255457421875 0.008485734375 0.154419798828125 0.027559716796875
19 0.658455578125 0.142138208984375 0.62722814453125 0.14027649609375 0.589018150390625 0.2060275625 0.62329848046875 0.2074023984375 0.658455578125 0.142138208984375
21 0.5732421875 0.19417549609375 0.5732421875 0.2031869375 0.60306605078125 0.20513871875 0.644825505859375 0.135896078125 0.6179123671875 0.13581489453125 0.5732421875 0.19417549609375
34 0.5732421875 0.192548388671875 0.62852683984375 0.133745474609375 0.583740384765625 0.132383291015625 0.5732421875 0.146083388671875 0.5732421875 0.192548388671875
28 0.335509607421875 0.683535306640625 0.389331724609375 0.578268771484375 0.30913180078125 0.565606548828125 0.263105822265625 0.672400634765625 0.335509607421875 0.683535306640625
13 0.26780237268518525 0.6150245949074075 0.12407407407407423 0.13192997685185182
32 0.21182002314814818 0.6056857638888888 0.12191840277777777 0.12790798611111098
2 0.13152488425925923 0.5958405671296296 0.12582465277777777 0.12813946759259265
9 0.07364004629629628 0.5856409143518518 0.12191840277777777 0.1279079861111112
0 0.0380859375 0.576171875 0.076171875 0.12890625
9 0.935423900462963 0.6819661458333334 0.06812789351851856 0.029311342592592604
3 0.8804181134259259 0.6725694444444444 0.07018229166666679 0.03138020833333344
7 0.9074074074074074 0.6777850115740741 0.06822916666666679 0.031264467592592604
24 0.9833984375 0.69140625 0.033203125 0.03125
21 0.9697265625 0.6875 0.060546875 0.03125