22 0.48828125 0 0.48828125 0.1088375 0.49949093359375 0.2320313203125 0.609317154296875 0.2192869921875 0.5886096796875 0 0.48828125 0
23 0.58997507421875 0 0.610996431640625 0.21816679296875 0.717343521484375 0.203654390625 0.698024181640625 0 0.58997507421875 0
10 0.704071876953125 0 0.713447689453125 0.207032822265625 0.827152501953125 0.190336978515625 0.779047984375 0 0.704071876953125 0
5 0.84537720703125 0 0.869497013671875 0.193229859375 0.974648921875 0.176983478515625 0.95355775390625 0 0.84537720703125 0
7 0.956364822265625 0 0.974113203125 0.17812153125 1 0.176757501953125 1 0 0.956364822265625 0
30 0.1767578125 0.48828125 0.044921875 0.078125
34 0.2138671875 0.48828125 0.041015625 0.078125
24 0.25 0.4892578125 0.04296875 0.080078125
4 0.302734375 0.490234375 0.0390625 0.08203125
5 0.337890625 0.490234375 0.04296875 0.08203125
6 0.375 0.490234375 0.04296875 0.08203125
10 0.521484375 0.931640625 0.06640625 0.13671875
6 0.607421875 0.931640625 0.0703125 0.13671875
4 0.6669921875 0.9365234375 0.068359375 0.126953125
8 0.7275390625 0.9375 0.068359375 0.125