5 0.17626970703125 0.2275390625 0.13164551171875 0.038787744140625 0.0183306015625 0.049895646484375 0.056158640625 0.2275390625 0.17626970703125 0.2275390625
3 0.276649546875 0.2275390625 0.224560515625 0.02522393359375 0.11364481640625 0.036723068359375 0.157597333984375 0.2275390625 0.276649546875 0.2275390625
7 0.26471820703125 0.2275390625 0.3401965546875 0.2275390625 0.3612293984375 0.2245547421875 0.32120834765625 0.014385044921875 0.205233076171875 0.0246593203125 0.26471820703125 0.2275390625
20 0.05078125 0.5458984375 0.1015625 0.259765625
2 0.1445529513888889 0.5248697916666667 0.20082465277777772 0.2660156250000001
4 0.24205005787037037 0.5009765625 0.19278067129629628 0.26158854166666656
0 0.33994502314814823 0.4869140625 0.19852430555555545 0.26002604166666665
46 0.6552734375 0.80078125 0.125 0.259765625
42 0.7159866898148148 0.7977864583333334 0.18013599537037028 0.2451822916666666
46 0.8117549189814814 0.7865234375 0.18634259259259256 0.2514322916666667
4 0.9189453125 0.771484375 0.162109375 0.26171875
4 0.9716796875 0.763671875 0.056640625 0.265625