10 0.337890625 0.0205078125 0.078125 0.0390625
10 0.2685546875 0.0185546875 0.080078125 0.03515625
37 0.1962890625 0.0146484375 0.095703125 0.02734375
47 0.5615234375 0.369140625 0.068359375 0.119140625
23 0.6103515625 0.3720703125 0.068359375 0.11328125
40 0.658203125 0.37109375 0.07421875 0.115234375
4 0.7177734375 0.37109375 0.072265625 0.115234375
6 0.76953125 0.375 0.06640625 0.107421875
6 0.8193359375 0.375 0.060546875 0.107421875
6 0.064453125 0.9033203125 0.1015625 0.19140625
3 0.14453125 0.90625 0.10546875 0.185546875
7 0.2197265625 0.90625 0.095703125 0.185546875
29 0.729321322265625 0.8770353515625 0.716485791015625 0.651307974609375 0.606191072265625 0.655903259765625 0.62544268359375 0.886664798828125 0.729321322265625 0.8770353515625
13 0.8184939140625 0.85713885546875 0.814756345703125 0.64870283984375 0.707559470703125 0.649943603515625 0.713899404296875 0.87352230078125 0.8184939140625 0.85713885546875
22 0.909993966796875 0.85239201953125 0.901887345703125 0.646651244140625 0.801178390625 0.648468076171875 0.803855947265625 0.86119987109375 0.909993966796875 0.85239201953125
0 1 0.640000720703125 0.9253865390625 0.637937212890625 0.928181142578125 0.850652318359375 1 0.842166015625 1 0.640000720703125