1 0.03125 0.330078125 0.0625 0.140625
6 0.08563368055555554 0.33133680555555556 0.0791377314814814 0.13615451388888888
31 0.29066116898148153 0.33361545138888893 0.07919560185185182 0.14396701388888888
22 0.22818287037037033 0.33207465277777776 0.07918113425925943 0.14201388888888888
31 0.16859085648148153 0.336328125 0.07916666666666661 0.14006076388888888
7 0.7412109375 0.111328125 0.130859375 0.220703125
42 0.966796875 0.107421875 0.06640625 0.21484375
4 0.8603515625 0.109375 0.126953125 0.216796875
6 0.6552734375 0.1123046875 0.087890625 0.22265625
28 0.626953125 0.632668375 0.5925354453125 0.633136564453125 0.56127319921875 0.852921708984375 0.626953125 0.854247537109375 0.626953125 0.632668375
23 0.57591070703125 0.855969609375 0.601695943359375 0.638161306640625 0.48030751171875 0.638028740234375 0.4711776171875 0.857502767578125 0.57591070703125 0.855969609375
23 0.43492476851851847 0.7499131944444445 0.11485821759259274 0.21310763888888884
5 0.34862244140625 0.643020681640625 0.230876455078125 0.639031646484375 0.245416259765625 0.85207303125 0.35473656640625 0.857427775390625 0.34862244140625 0.643020681640625
9 0.26461266796875 0.858656994140625 0.23973502734375 0.642245982421875 0.1340662890625 0.63888912109375 0.14905808203125 0.856843779296875 0.26461266796875 0.858656994140625
7 0.14650008984375 0.634150576171875 0.02872790234375 0.64185005078125 0.070803587890625 0.877042796875 0.160807845703125 0.861768576171875 0.14650008984375 0.634150576171875
18 0.9736328125 0.5087890625 0.041015625 0.078125
13 0.94140625 0.5078125 0.05859375 0.076171875
6 0.859375 0.5068359375 0.05859375 0.07421875
5 0.8173828125 0.505859375 0.056640625 0.072265625
1 0.78125 0.5068359375 0.046875 0.07421875