2 0.392578125 0.4345703125 0.068359375 0.083984375
8 0.3676287615740741 0.43239293981481475 0.08493923611111098 0.08330439814814827
8 0.3350549768518518 0.42748842592592595 0.08493923611111098 0.08330439814814827
9 0.5850477430555556 0.13511284722222228 0.20324074074074083 0.2700810185185185
2 0.4814453125 0.138671875 0.18359375 0.27734375
47 0.7380931712962963 0.15894820601851856 0.22300347222222228 0.27456597222222223
41 0.941275080078125 0.05598022265625 0.8284538359375 0.044958666015625 0.7497571484375 0.3026346484375 0.869444275390625 0.30894944921875 0.941275080078125 0.05598022265625
40 1 0.05262815625 0.9233501796875 0.0458443671875 0.85178868359375 0.304242697265625 0.971920767578125 0.318099193359375 1 0.251308111328125 1 0.05262815625
18 0.3662109375 0.8095703125 0.12109375 0.380859375
28 0.296875 0.8095703125 0.255859375 0.380859375
15 0.1611328125 0.80078125 0.24609375 0.36328125
2 0.048828125 0.7998046875 0.09765625 0.361328125