1 0 0.233219310546875 0.1142456875 0.2294958125 0.12281153515625 0.01478808984375 0 0.009064025390625 0 0.233219310546875
0 0.0731811640625 0.233545998046875 0.19758448046875 0.24997783984375 0.23481727734375 0.020932142578125 0.079863046875 0.01320779296875 0.0731811640625 0.233545998046875
4 0.2607421875 0.020028794921875 0.204655921875 0.019037576171875 0.163941337890625 0.23858815234375 0.2607421875 0.24047816796875 0.2607421875 0.020028794921875
9 0.6030888310185185 0.22934751157407407 0.07307581018518516 0.03360821759259269
7 0.627416087962963 0.23263888888888884 0.07118055555555558 0.03553240740740726
3 0.6536964699074074 0.23595920138888893 0.07118055555555558 0.03553240740740726
19 0.522265625 0.22033420138888893 0.07112268518518516 0.03357928240740726
24 0.5456163194444444 0.2236111111111111 0.07118055555555558 0.035532407407407485
21 0.5700014467592592 0.22494936342592586 0.07313368055555558 0.03556134259259247
11 0 1 0.126803673828125 1 0.145478759765625 0.834118943359375 0 0.83102717578125 0 1
10 0.237076302734375 1 0.2486888203125 0.840319228515625 0.112983384765625 0.834585416015625 0.0932808515625 1 0.237076302734375 1
12 0.31687644675925924 0.7945891203703703 0.15831886574074072 0.2749999999999999
33 0.4097945601851852 0.7910807291666666 0.150390625 0.2709780092592593
35 0.5006438078703703 0.7914496527777778 0.15625 0.2710648148148147
0 0.6266493055555555 0.7923394097222223 0.15222800925925917 0.2671006944444443
0 0.7185329861111112 0.790769675925926 0.15808738425925917 0.2671874999999999
0 0.8093822337962964 0.791138599537037 0.15418113425925917 0.2671296296296297