11 0.332810970703125 0.05657445703125 0.3529778046875 0.011233611328125 0.294452619140625 0.00596291015625 0.2700371796875 0.05275487890625 0.332810970703125 0.05657445703125
19 0.362265263671875 0.062625986328125 0.383255345703125 0.016635876953125 0.31853165625 0.0114631640625 0.298209953125 0.05725179296875 0.362265263671875 0.062625986328125
34 0.382385787109375 0.06915765625 0.41566879296875 0.023979529296875 0.34974771484375 0.017094984375 0.3297473046875 0.0639165703125 0.382385787109375 0.06915765625
7 0.42647459765625 0.07887854296875 0.45690962890625 0.0342562578125 0.389331068359375 0.027681537109375 0.370196978515625 0.074301357421875 0.42647459765625 0.07887854296875
8 0.470616267578125 0.087604943359375 0.4852862578125 0.041357205078125 0.428892673828125 0.034513888671875 0.427341556640625 0.03540916796875 0.427693130859375 0.034669568359375 0.3993845703125 0.080014986328125 0.470616267578125 0.087604943359375
0 0.4967467109375 0.094040453125 0.518982708984375 0.04868313671875 0.448427560546875 0.042464318359375 0.43344613671875 0.089205634765625 0.4967467109375 0.094040453125
27 0.525390625 0.48473821484375 0.54877725390625 0.484809287109375 0.636816548828125 0.215121384765625 0.525390625 0.2116099921875 0.525390625 0.48473821484375
10 0.5378488984375 0.48315140234375 0.688902703125 0.492264267578125 0.7145832578125 0.22384189453125 0.604545515625 0.216000267578125 0.5378488984375 0.48315140234375
0 0.693315966796875 0.487489642578125 0.82267015234375 0.494522607421875 0.898862587890625 0.242292435546875 0.75406276171875 0.23012398046875 0.693315966796875 0.487489642578125
9 1 0.2456203671875 0.86227865625 0.23731878125 0.79667602734375 0.48499731640625 0.916292583984375 0.48819232421875 1 0.30688122265625 1 0.2456203671875
8 1 0.292036818359375 0.904580498046875 0.494987525390625 1 0.49552846875 1 0.292036818359375
28 0.076171875 0.8193359375 0.15234375 0.201171875
26 0.15031828703703703 0.8437065972222222 0.16543692129629628 0.20772569444444455
12 0.2243561921296296 0.8626736111111111 0.17201967592592593 0.21775173611111098
6 0.33091001157407407 0.8791666666666667 0.15943287037037046 0.2055121527777779
4 0.396484375 0.8955078125 0.15625 0.208984375
3 0.4716796875 0.9013671875 0.162109375 0.197265625
12 0.70456690625 0.831229109375 0.780048013671875 0.8361909453125 0.797227978515625 0.776799865234375 0.729308068359375 0.77153136328125 0.70456690625 0.831229109375
32 0.805369115234375 0.84490403515625 0.83328451171875 0.782869796875 0.76385069140625 0.778005697265625 0.7388115703125 0.8379657578125 0.805369115234375 0.84490403515625
27 0.8424281953125 0.851820515625 0.86712360546875 0.78684998828125 0.801930923828125 0.78292978125 0.770645068359375 0.846596744140625 0.8424281953125 0.851820515625
4 0.8833213671875 0.860677525390625 0.9125654609375 0.797354978515625 0.8488556640625 0.79218420703125 0.82057270703125 0.85023391796875 0.8833213671875 0.860677525390625
2 0.932391064453125 0.870402814453125 0.946783009765625 0.80576145703125 0.8803378359375 0.797796744140625 0.851822953125 0.863111419921875 0.932391064453125 0.870402814453125
7 0.94973530078125 0.87588025390625 0.984095271484375 0.813741361328125 0.912020689453125 0.806705353515625 0.890835404296875 0.86939899609375 0.94973530078125 0.87588025390625