12 0.233617123046875 0.247941267578125 0.203025951171875 0.087739123046875 0.139754390625 0.0913434296875 0.170085984375 0.2485144375 0.233617123046875 0.247941267578125
27 0.287569509765625 0.248282375 0.253561171875 0.0853542578125 0.191630568359375 0.08835690625 0.221183830078125 0.248685853515625 0.287569509765625 0.248282375
22 0.341342962890625 0.250106248046875 0.309587830078125 0.08963416796875 0.244375935546875 0.09221141796875 0.275218111328125 0.248343203125 0.341342962890625 0.250106248046875
9 0.412459970703125 0.250007046875 0.385774482421875 0.09461598046875 0.3188946015625 0.09430559375 0.350014048828125 0.2548325625 0.412459970703125 0.250007046875
8 0.4710987734375 0.253936021484375 0.444434755859375 0.093865326171875 0.379486345703125 0.094931587890625 0.405006677734375 0.252119384765625 0.4710987734375 0.253936021484375
4 0.52991094921875 0.25504792578125 0.498482748046875 0.095616400390625 0.436772576171875 0.098392 0.4627416640625 0.256191740234375 0.52991094921875 0.25504792578125
4 0.7662109375 0.27760416666666665 0.1332899305555555 0.19665798611111107
4 0.8644965277777777 0.26490162037037035 0.13142361111111112 0.20050636574074077
3 0.9462890625 0.248046875 0.107421875 0.20703125
37 0.572265625 0.318359375 0.083984375 0.1953125
23 0.6369140625 0.30012297453703707 0.16480034722222214 0.20930266203703707
9 0.20833333333333326 0.5581886574074074 0.03754340277777768 0.01620370370370372
7 0.22686631944444446 0.5577618634259259 0.03754340277777768 0.01620370370370372
3 0.24535590277777786 0.5553819444444444 0.03754340277777768 0.01620370370370372
24 0.16252170138888888 0.5607349537037037 0.03754340277777779 0.01620370370370372
19 0.1440104166666667 0.5621383101851852 0.03754340277777768 0.01620370370370372
21 0.18103298611111113 0.5593315972222223 0.03754340277777779 0.01620370370370372