12 0.387695015625 0 0.39178108984375 0.08308691015625 0.500338251953125 0.07728625 0.496890591796875 0 0.387695015625 0
18 0.283524015625 0 0.286520990234375 0.08458902734375 0.384701677734375 0.084014201171875 0.379620078125 0 0.283524015625 0
16 0.165213935546875 0 0.17044731640625 0.092924826171875 0.27853530078125 0.089261701171875 0.275375232421875 0 0.165213935546875 0
3 0.015093916015625 0 0.023485349609375 0.0952255546875 0.1252131953125 0.092900486328125 0.120236109375 0 0.015093916015625 0
28 0.35087528935185186 0.6913411458333334 0.0419560185185186 0.07977430555555554
29 0.31662326388888884 0.6909071180555555 0.04210069444444464 0.08368055555555554
33 0.2795500578703704 0.6935329861111111 0.04202835648148151 0.08172743055555554
9 0.2306857638888889 0.6947265625 0.04000289351851849 0.07968749999999991
9 0.19458912037037035 0.6973090277777778 0.0400752314814814 0.08164062499999991
7 0.15740740740740744 0.6970052083333333 0.0400752314814814 0.08164062499999991
37 1 0.4672200859375 0.868832138671875 0.47524594921875 0.856903453125 0.932248265625 1 0.913077662109375 1 0.4672200859375
8 0.826352720703125 0.477213541015625 0.70003966796875 0.49058159765625 0.672393423828125 0.950882521484375 0.8202959453125 0.949609376953125 0.826352720703125 0.477213541015625
8 0.5576171875 0.70252465234375 0.5576171875 0.979262787109375 0.668641015625 0.94850983984375 0.697301794921875 0.514250578125 0.5653448359375 0.522641783203125 0.5576171875 0.70252465234375