27 0 0.469956083984375 0.134442673828125 0.47568028125 0.11166955859375 0.27514174609375 0 0.269200359375 0 0.469956083984375
17 0.2823713046875 0.47704984375 0.2588198984375 0.281783513671875 0.11787653515625 0.27140009765625 0.13532203515625 0.47116325 0.2823713046875 0.47704984375
12 0.344410328125 0.48333698046875 0.4158781484375 0.4821268203125 0.414328998046875 0.377378626953125 0.39945737109375 0.289904521484375 0.263710267578125 0.2848182109375 0.28260528515625 0.473283310546875 0.344410328125 0.48333698046875
2 0.62581684765625 0.495058849609375 0.59690866015625 0.30429089453125 0.46366475 0.2901720546875 0.468754412109375 0.48686940234375 0.62581684765625 0.495058849609375
8 0.638671875 0.30202805859375 0.6019306015625 0.302805443359375 0.6169308125 0.501050462890625 0.638671875 0.5018419453125 0.638671875 0.30202805859375
42 0.7317708333333334 0.36939380787037035 0.1493489583333334 0.257884837962963
46 0.8354166666666667 0.36443865740740744 0.1274739583333333 0.2504340277777777
38 0.935546875 0.3642578125 0.12890625 0.255859375
27 0.3774088541666667 0.9047670717592593 0.06184895833333326 0.11147280092592604
19 0.4220052083333333 0.9032118055555556 0.05989583333333326 0.111328125
31 0.456392630859375 0.954183666015625 0.48833426171875 0.956274107421875 0.48318983984375 0.851860125 0.434618947265625 0.8510047734375 0.456392630859375 0.954183666015625
2 0.5296875000000001 0.9004991319444444 0.060416666666666785 0.119140625
4 0.5771484375 0.8981843171296297 0.06406249999999991 0.11552372685185186
7 0.6162109375 0.900390625 0.044921875 0.1171875
31 0.6845703125 0.6796875 0.091796875 0.33984375
34 0.7841796875 0.6845703125 0.177734375 0.349609375
0 0.947265625 0.6826171875 0.10546875 0.345703125