30 0.00390625 0.056640625 0.0078125 0.04296875
35 0.015313946759259234 0.05638744212962965 0.02155671296296302 0.03932291666666665
23 0.031040219907407407 0.05420283564814815 0.02155671296296291 0.03932291666666665
4 0.053551793981481466 0.052893518518518534 0.02155671296296302 0.03932291666666665
0 0.07020399305555558 0.05167100694444443 0.0215567129629628 0.03932291666666665
9 0.08587962962962958 0.05046296296296293 0.0215567129629628 0.03932291666666665
47 0.543157125 0.283405685546875 0.4677734375 0.262506224609375 0.4677734375 0.442180234375 0.543157125 0.283405685546875
27 0.4677734375 0.4391129765625 0.4677734375 0.479219951171875 0.539663705078125 0.50624655859375 0.628239892578125 0.3131278984375 0.542112337890625 0.2897315546875 0.4677734375 0.4391129765625
1 0.571803162109375 0.5128898046875 0.63224280078125 0.536723259765625 0.728559947265625 0.3456242578125 0.6475483125 0.319357115234375 0.571803162109375 0.5128898046875
9 0.644183615234375 0.532076595703125 0.71479550390625 0.55649430859375 0.8238023125 0.37972625390625 0.730082166015625 0.349249552734375 0.644183615234375 0.532076595703125
2 0.8062729609375 0.57819990625 0.9164984453125 0.401346736328125 0.82283343359375 0.37087003515625 0.72671803515625 0.5455217734375 0.8062729609375 0.57819990625
28 0.161053951171875 0.861901197265625 0.2305274296875 0.856307830078125 0.238022966796875 0.67341600390625 0.167461771484375 0.67749940625 0.161053951171875 0.861901197265625
22 0.23352616796875 0.857042630859375 0.311533353515625 0.857207259765625 0.3168442265625 0.670766849609375 0.240463732421875 0.674186359375 0.23352616796875 0.857042630859375
17 0.387173275390625 0.853718404296875 0.392492189453125 0.667804984375 0.319254978515625 0.669429134765625 0.31393696484375 0.856923529296875 0.387173275390625 0.853718404296875
0 0.4697265625 0.6653086640625 0.42348459765625 0.666660130859375 0.41974139453125 0.85826565625 0.4697265625 0.856484689453125 0.4697265625 0.6653086640625
5 0.8837890625 0.9765625 0.09375 0.046875
8 0.953125 0.97265625 0.083984375 0.0546875