10 0.088347908203125 0.1829947578125 0.107427189453125 0.11495130859375 0.069741169921875 0.108564521484375 0.04674095703125 0.17546282421875 0.088347908203125 0.1829947578125
11 0.12240412890625 0.185784552734375 0.13954458984375 0.12068698046875 0.099831060546875 0.11529153125 0.081108890625 0.18015212109375 0.12240412890625 0.185784552734375
31 0.149941333984375 0.1891656640625 0.175046193359375 0.12713368359375 0.133761640625 0.12072225390625 0.1160432265625 0.18571843359375 0.149941333984375 0.1891656640625
7 0.191859072265625 0.1953383515625 0.22061725 0.134934798828125 0.1804924140625 0.12872166015625 0.160478755859375 0.1917633515625 0.191859072265625 0.1953383515625
6 0.22198371875 0.202987419921875 0.2491616484375 0.13966710546875 0.214789244140625 0.1362092421875 0.18267567578125 0.19313587890625 0.22198371875 0.202987419921875
0 0.25151260546875 0.20617573828125 0.278085173828125 0.14498440625 0.24239331640625 0.139093060546875 0.214310490234375 0.198770158203125 0.25151260546875 0.20617573828125
46 0.8517361111111111 0.0854166666666667 0.16006944444444438 0.08612557870370363
37 0.84375 0.13707320601851852 0.16002604166666656 0.08417245370370374
46 0.8318142361111112 0.190625 0.15412326388888875 0.08213252314814812
5 0.8145833333333333 0.2626591435185185 0.15221354166666679 0.08405671296296302
5 0.8026258680555556 0.31718749999999996 0.14622395833333335 0.0781105324074074
6 0.7887586805555555 0.3697337962962963 0.14800347222222232 0.0703269675925926
24 0.046636284722222254 0.5800708912037037 0.056336805555555536 0.07482638888888893
30 0.07287326388888887 0.5863208912037037 0.05638020833333335 0.07677951388888893
15 0.10101996527777779 0.594552951388889 0.05833333333333335 0.07680844907407414
5 0.13993055555555556 0.6019675925925926 0.056336805555555536 0.07482638888888893
3 0.16710069444444442 0.6101851851851852 0.056336805555555536 0.07482638888888893
7 0.1933159722222222 0.6174117476851853 0.056336805555555536 0.07482638888888893
17 0.719623341796875 0.909205126953125 0.77042604296875 0.91119263671875 0.78134648046875 0.8139342421875 0.73016887109375 0.813290296875 0.719623341796875 0.909205126953125
23 0.674123369140625 0.90877723046875 0.726955841796875 0.910515779296875 0.739054646484375 0.814882830078125 0.68452270703125 0.81286240234375 0.674123369140625 0.90877723046875
20 0.633319091796875 0.909335916015625 0.685839521484375 0.910120798828125 0.693116884765625 0.81647028515625 0.63730705859375 0.814449859375 0.633319091796875 0.909335916015625
2 0.573788548828125 0.9186041484375 0.629785306640625 0.9144375859375 0.63600831640625 0.8178180546875 0.583040193359375 0.817564013671875 0.573788548828125 0.9186041484375
9 0.589880130859375 0.910152841796875 0.59333753125 0.817282134765625 0.53562266015625 0.826292126953125 0.5470720546875 0.915230876953125 0.589880130859375 0.910152841796875
1 0.494251275390625 0.9166444765625 0.542434197265625 0.915771 0.54815767578125 0.82183860546875 0.50614937890625 0.820870587890625 0.494251275390625 0.9166444765625