27 0.3173828125 0.1142578125 0.173828125 0.228515625
18 0.20703125 0.130859375 0.1484375 0.26171875
14 0.1005859375 0.15498408564814814 0.169921875 0.2738715277777779
26 0.87519005078125 0 0.94505374609375 0.23122478125 1 0.221835177734375 1 0 0.87519005078125 0
16 0.7516162578125 0 0.822045712890625 0.252434810546875 0.938824869140625 0.22960503515625 0.8699147734375 0 0.7516162578125 0
33 0.6204783515625 0 0.7043501171875 0.267615197265625 0.817892494140625 0.25135672265625 0.746295693359375 0 0.6204783515625 0
2 0.51953125 0 0.51953125 0.284454291015625 0.523875421875 0.300045794921875 0.653115953125 0.276530361328125 0.56623137109375 0 0.51953125 0
30 0.4921875 0.6357421875 0.0546875 0.294921875
20 0.4365234375 0.6474609375 0.166015625 0.318359375
1 0.2958984375 0.6630859375 0.193359375 0.349609375
5 0.185546875 0.669921875 0.19921875 0.36328125
5 0.0869140625 0.6767578125 0.173828125 0.376953125
44 0.958984375 0.6083984375 0.08203125 0.126953125
44 0.9111328125 0.6243489583333334 0.076171875 0.13172743055555558
44 0.986328125 0.59765625 0.02734375 0.12890625