9 0.03515625 0.1494140625 0.0703125 0.103515625
4 0.0697916666666667 0.14958767361111108 0.09062499999999996 0.10836226851851849
2 0.11197916666666674 0.149146412037037 0.09088541666666661 0.11226851851851849
21 0.609375 0.2001953125 0.15625 0.3125
14 0.7102864583333334 0.20143229166666665 0.2022135416666666 0.3231336805555556
6 0.8863932291666666 0.2216724537037037 0.20234375000000004 0.2959056712962964
1 0.955078125 0.224609375 0.08984375 0.3125
24 0.75 0.9814453125 0.07421875 0.037109375
30 0.77734375 0.982421875 0.07421875 0.03515625
15 0.8056640625 0.9814453125 0.076171875 0.037109375
5 0.8447265625 0.9814453125 0.076171875 0.037109375
3 0.8740234375 0.982421875 0.076171875 0.03515625
7 0.90234375 0.9814453125 0.07421875 0.037109375