25 0.1552734375 0.27734375 0.068359375 0.08203125
14 0.1044921875 0.2724609375 0.076171875 0.091796875
17 0.052734375 0.26953125 0.07421875 0.09765625
46 0.3515046296296296 0.5182291666666666 0.12628761574074066 0.22330729166666674
44 0.0693359375 0.4287109375 0.119140625 0.220703125
22 0.2670138888888889 0.48716001157407407 0.12637442129629628 0.22916666666666674
44 0.0234375 0.4130859375 0.046875 0.189453125
41 0.238646876953125 0.369005421875 0.16518659765625 0.349159072265625 0.13234320703125 0.555916373046875 0.20494171875 0.5756737109375 0.238646876953125 0.369005421875
18 0.6453703703703704 0.580005787037037 0.10853587962962963 0.2109375
10 0.5640986689814815 0.568359375 0.11051793981481461 0.21296296296296302
15 0.4915870949074074 0.5544343171296297 0.10853587962962963 0.2109375