5 0.363815521484375 0 0.345948388671875 0.04305058984375 0.44032125390625 0.074656771484375 0.47483332421875 0 0.363815521484375 0
29 0.7519603587962963 0.3546006944444444 0.048668981481481355 0.06184895833333326
25 0.7745659722222222 0.35865162037037035 0.05263310185185199 0.0639467592592593
14 0.8001302083333334 0.36357060185185186 0.05464409722222219 0.06597222222222221
6 0.8326171875 0.37116608796296297 0.054701967592592604 0.06792534722222221
8 0.8581814236111112 0.3760850694444444 0.05073784722222219 0.06582754629629628
2 0.8817925347222222 0.38107638888888884 0.05263310185185177 0.0639467592592593
21 0.278320890625 0.458984375 0.3750467734375 0.546928146484375 0.429005552734375 0.483415337890625 0.398330826171875 0.458984375 0.278320890625 0.458984375
22 0.27058635546875 0.458984375 0.181802505859375 0.458984375 0.154011546875 0.490174037109375 0.318459345703125 0.61554058203125 0.3716251015625 0.546053984375 0.27058635546875 0.458984375
12 0.256390134765625 0.678060873046875 0.313854623046875 0.610345439453125 0.161476630859375 0.490292392578125 0.105553404296875 0.559212134765625 0.256390134765625 0.678060873046875
6 0 0.731075953125 0.139270873046875 0.82718720703125 0.195439783203125 0.755294869140625 0.01671941796875 0.66206086328125 0 0.6797223515625 0 0.731075953125
0 0 0.8328440390625 0.08868849609375 0.895862712890625 0.14499756640625 0.822416 0 0.737183697265625 0 0.8328440390625