28 0.26009114583333337 0.3530671296296296 0.1704282407407407 0.23641493055555562
35 0.17411747685185186 0.3758825231481482 0.17643229166666674 0.24049479166666665
23 0.08825231481481488 0.40162760416666665 0.17455150462962976 0.24239004629629624
4 0.02734375 0.4345703125 0.0546875 0.244140625
6 0.5205078125 0.4326171875 0.091796875 0.205078125
3 0.5687572337962963 0.41378761574074074 0.16782407407407418 0.2187789351851852
36 0.6860170717592593 0.39287471064814816 0.15762442129629628 0.20677083333333335
20 0.8470052083333333 0.3674045138888889 0.1659432870370372 0.2206741898148148
50 0.7624782986111112 0.3766059027777778 0.15776909722222232 0.21067708333333335
28 0.358100955078125 0.5859375 0.227425572265625 0.5859375 0.242701990234375 0.648040337890625 0.268840392578125 0.7799103359375 0.38167180859375 0.770316865234375 0.358100955078125 0.5859375
23 0.1247617109375 0.5859375 0.181549001953125 0.81684242578125 0.292660673828125 0.796204484375 0.250542470703125 0.5859375 0.1247617109375 0.5859375
13 0.14077403515625 0.5859375 0.10397243359375 0.5859375 0.0164973984375 0.603281400390625 0.082084068359375 0.842449359375 0.19964921875 0.82523641015625 0.14077403515625 0.5859375
14 1 0.64193438671875 0.986093603515625 0.590867447265625 0.806047697265625 0.63065268359375 0.913424826171875 0.99194055078125 1 0.98075898046875 1 0.64193438671875
14 0.918329302734375 1 0.81831476171875 0.635376544921875 0.815909359375 0.63143493359375 0.648848623046875 0.655098634765625 0.740043982421875 1 0.918329302734375 1
0 0.695367630859375 1 0.592096451171875 0.670444443359375 0.595086876953125 0.6683630546875 0.474609375 0.692346064453125 0.474609375 0.832745154296875 0.524719935546875 1 0.695367630859375 1