20 0.46484375 0.280497248046875 0.46484375 0.021586783203125 0.449242689453125 0.023241044921875 0.44999062890625 0.144617478515625 0.35218562109375 0.2556979453125 0.46484375 0.280497248046875
19 0.3399879609375 0 0.25697832421875 0.22207548046875 0.378754826171875 0.245644892578125 0.42474573046875 0.174911068359375 0.432557658203125 0.00861398828125 0.382435203125 0 0.3399879609375 0
8 0.184880271484375 0 0.1213581328125 0.172679548828125 0.253740611328125 0.215426380859375 0.306202904296875 0 0.184880271484375 0
7 0.072687865234375 0 0.041290734375 0.165748259765625 0.155145671875 0.18506780859375 0.2064380546875 0 0.072687865234375 0
9 0 0 0 0.15705053125 0.07249320703125 0.169240029296875 0.099086822265625 0 0 0
10 0.567716033203125 0.36203879296875 0.63858128125 0.1937688515625 0.5997559609375 0.18496204296875 0.524609130859375 0.3446542734375 0.567716033203125 0.36203879296875
11 0.534834947265625 0.34739662890625 0.60897875390625 0.1823060390625 0.559831837890625 0.169136763671875 0.490561203125 0.33420835546875 0.534834947265625 0.34739662890625
20 0.573615259765625 0.17101437890625 0.51854724609375 0.156661689453125 0.504378736328125 0.247821611328125 0.4509855 0.317115015625 0.503762888671875 0.3359847890625 0.573615259765625 0.17101437890625
5 0.45938136328125 0.19323640625 0.43359375 0.24178029296875 0.43359375 0.309239921875 0.448076533203125 0.3138517734375 0.526266521484375 0.1582192265625 0.475795365234375 0.14350970703125 0.45938136328125 0.19323640625
8 0.49100214453125 0.146216677734375 0.43359375 0.13528172265625 0.43359375 0.239630166015625 0.49100214453125 0.146216677734375
4 0.644581886574074 0.6239221643518519 0.1089554398148147 0.1430989583333333
1 0.697214988425926 0.6262659143518519 0.10073784722222223 0.1352285879629629
3 0.5910734953703703 0.6196180555555556 0.10289351851851847 0.1391493055555555
25 0.8838035300925926 0.6452329282407407 0.1029947916666667 0.1411024305555557
22 0.8303457754629631 0.6399522569444445 0.1089554398148147 0.1430989583333333
20 0.7750868055555555 0.6317274305555556 0.10279224537037046 0.1371961805555555