15 0.371778951171875 0.396484375 0.385699732421875 0.318049576171875 0.284998173828125 0.313992990234375 0.286939607421875 0.396484375 0.371778951171875 0.396484375
13 0.2734375 0.3515625 0.111328125 0.08984375
25 0.21484375 0.3486328125 0.107421875 0.095703125
7 0.1357421875 0.3447265625 0.10546875 0.103515625
6 0.0791015625 0.3408203125 0.10546875 0.111328125
1 0.0361328125 0.3388671875 0.072265625 0.115234375
20 0.9920815859375 0.07538273828125 0.989168349609375 0.001953125 0.84183092578125 0.001953125 0.840373123046875 0.067227927734375 0.9920815859375 0.07538273828125
23 0.883677314453125 0.0774093515625 0.881980900390625 0.001953125 0.731015974609375 0.001953125 0.72313141796875 0.05983265234375 0.883677314453125 0.0774093515625
5 0.73400855078125 0.062737068359375 0.7318901015625 0.001953125 0.58513474609375 0.001953125 0.585020423828125 0.05122730859375 0.73400855078125 0.062737068359375
11 0.415967271484375 0.69941367578125 0.44409988671875 0.6147561875 0.389692083984375 0.60454733203125 0.358701009765625 0.684287126953125 0.415967271484375 0.69941367578125
12 0.412429296875 0.6057822734375 0.3541648671875 0.59302186328125 0.32341090234375 0.672951814453125 0.383079015625 0.685879291015625 0.412429296875 0.6057822734375
31 0.37940957421875 0.593185953125 0.315967677734375 0.58259597265625 0.2982757578125 0.666777759765625 0.348937197265625 0.675205521484375 0.37940957421875 0.593185953125
2 0.311613197265625 0.660655712890625 0.336904888671875 0.580256759765625 0.280498435546875 0.57084369140625 0.250252611328125 0.65221415234375 0.311613197265625 0.660655712890625
4 0.306066076171875 0.569096794921875 0.25066243359375 0.55977815234375 0.221480171875 0.642469984375 0.277392787109375 0.650914486328125 0.306066076171875 0.569096794921875
6 0.219432109375 0.549934806640625 0.19362446484375 0.63343383984375 0.25150021484375 0.64190146875 0.275928837890625 0.558044017578125 0.219432109375 0.549934806640625
44 0.7947482638888889 0.8428096064814815 0.17165798611111116 0.25462962962962954
44 0.9141493055555555 0.8589409722222222 0.1674913194444445 0.24276620370370372
44 0.684375 0.8377459490740741 0.1753906249999999 0.24696180555555558