31 0.0947265625 0.1767578125 0.0658998842592593 0.09765625
24 0.13463541666666667 0.16796875 0.06388888888888888 0.09375
31 0.17060908564814814 0.1572265625 0.06391782407407409 0.095703125
1 0.223169849537037 0.1455078125 0.06001157407407409 0.095703125
2 0.2601490162037037 0.13671875 0.06592881944444429 0.099609375
6 0.29513165509259265 0.125 0.06196469907407387 0.095703125
23 0.4833984375 0.347663400390625 0.524243919921875 0.34936690234375 0.52922478515625 0.11447270703125 0.4833984375 0.11256147265625 0.4833984375 0.347663400390625
46 0.515004951171875 0.346810583984375 0.605968654296875 0.346744658203125 0.61667394921875 0.126691486328125 0.5233438671875 0.116532126953125 0.515004951171875 0.346810583984375
39 0.603730080078125 0.337585001953125 0.699286986328125 0.339081595703125 0.719291982421875 0.12265037109375 0.598067017578125 0.10979103515625 0.603730080078125 0.337585001953125
4 0.7489392265625 0.349097298828125 0.836445759765625 0.362806771484375 0.859859416015625 0.13515646484375 0.75396040234375 0.130037921875 0.7489392265625 0.349097298828125
8 0.830345826171875 0.370475732421875 0.9464172578125 0.38688518359375 0.953885919921875 0.140771908203125 0.854556568359375 0.13465956640625 0.830345826171875 0.370475732421875
3 1 0.134123359375 0.951590708984375 0.129055927734375 0.9381866640625 0.37871932421875 1 0.385073046875 1 0.134123359375
15 0.049212494140625 1 0.05079389453125 0.7770929609375 0 0.780923341796875 0 1 0.049212494140625 1
5 0.240087203125 1 0.199514771484375 0.759247353515625 0.073589630859375 0.773649140625 0.12525641796875 1 0.240087203125 1
7 0.32546637109375 1 0.3193982890625 0.74205896484375 0.194034263671875 0.75452268359375 0.23776991015625 1 0.32546637109375 1
9 0.409710544921875 1 0.440326169921875 0.992853234375 0.431692537109375 0.740438798828125 0.31755096484375 0.7362484296875 0.331864033203125 1 0.409710544921875 1
23 0.546875 0.890625 0.126953125 0.21875
31 0.6064453125 0.87890625 0.21484375 0.2421875
37 0.7451171875 0.8662109375 0.2421875 0.267578125
8 0.90234375 0.8544921875 0.1953125 0.291015625