16 0.67790402734375 0.2522259921875 0.650464107421875 0.11719529296875 0.573906724609375 0.134225873046875 0.607122099609375 0.26990796484375 0.67790402734375 0.2522259921875
16 0.61428833984375 0.27191325 0.580830001953125 0.1377597109375 0.506616013671875 0.159274591796875 0.544135208984375 0.290932513671875 0.61428833984375 0.27191325
25 0.4970703125 0.23643663194444442 0.11048900462962963 0.15407986111111116
2 0.4668545859375 0.3170837265625 0.419417162109375 0.19386204296875 0.34912255078125 0.213074505859375 0.391610236328125 0.33831657421875 0.4668545859375 0.3170837265625
6 0.401391482421875 0.338017509765625 0.350134478515625 0.211559982421875 0.276886861328125 0.23020794921875 0.333278396484375 0.358180431640625 0.401391482421875 0.338017509765625
2 0.2727782578125 0.37890625 0.27644919921875 0.37890625 0.342353806640625 0.361418208984375 0.284876779296875 0.231633638671875 0.21229019140625 0.254485376953125 0.2727782578125 0.37890625
1 1 0.156719646484375 0.9611601171875 0.009035240234375 0.86801164453125 0.0223774609375 0.922134583984375 0.32927377734375 1 0.309495759765625 1 0.156719646484375
0 0.924061353515625 0.3390215234375 0.8478929609375 0.034197806640625 0.72210298828125 0.069976427734375 0.816231205078125 0.361290017578125 0.924061353515625 0.3390215234375
32 0.6533203125 0.458984375 0.1015625 0.16015625
22 0.583984375 0.474609375 0.158203125 0.19140625
10 0.4912109375 0.4853515625 0.15234375 0.212890625
7 0.3726851851851852 0.5066550925925926 0.15015914351851845 0.23755787037037046
8 0.28011429398148147 0.5374348958333333 0.15603298611111116 0.23972800925925908
4 0.1875144675925926 0.5643084490740741 0.15015914351851856 0.23755787037037046
29 0.6988903671875 0.37890625 0.713129978515625 0.470317873046875 0.770967634765625 0.46202433203125 0.76521909765625 0.37890625 0.6988903671875 0.37890625