3 0.05078125 0.1123046875 0.1015625 0.189453125
33 0.598721748046875 0.153464931640625 0.654791947265625 0.001953125 0.567847607421875 0.001953125 0.520172474609375 0.13742672265625 0.598721748046875 0.153464931640625
35 0.670744619140625 0.162116033203125 0.738183935546875 0.0031449453125 0.732442423828125 0.001953125 0.651297283203125 0.001953125 0.593951712890625 0.149768078125 0.670744619140625 0.162116033203125
21 0.7490319609375 0.1744714765625 0.783246216796875 0.010182970703125 0.738090017578125 0.0046471640625 0.666834869140625 0.1653796875 0.7490319609375 0.1744714765625
2 0.83257269140625 0.191075005859375 0.899152990234375 0.042679806640625 0.829935373046875 0.02540965625 0.758034982421875 0.175900109375 0.83257269140625 0.191075005859375
6 0.885053171875 0.201254333984375 0.955983826171875 0.058087455078125 0.892615380859375 0.043087021484375 0.82346360546875 0.188063638671875 0.885053171875 0.201254333984375
9 1 0.07042816796875 0.95493958984375 0.060396525390625 0.87602926953125 0.203514677734375 0.931440623046875 0.211727759765625 1 0.092635853515625 1 0.07042816796875
12 0.0361328125 0.6962890625 0.072265625 0.115234375
6 0.08820167824074077 0.7173828125 0.09460358796296298 0.11432291666666661
9 0.13340567129629632 0.7321614583333333 0.09092881944444442 0.11796874999999996
5 0.1796440972222222 0.7460286458333334 0.08909143518518503 0.11979166666666652