18 0.3916015625 0.3203125 0.125 0.22265625
2 0.2776765046296297 0.3076171875 0.15151909722222223 0.224609375
8 0.18932291666666667 0.2998046875 0.1455439814814815 0.22265625
2 0.10183015046296295 0.2900390625 0.15163483796296295 0.2265625
46 1 0.18716542578125 0.9023241328125 0.20166825 0.95807625390625 0.427562369140625 1 0.425339943359375 1 0.18716542578125
39 0.9320638671875 0.183676623046875 0.799800005859375 0.204950892578125 0.859748072265625 0.42647613671875 0.965513541015625 0.418602654296875 0.9320638671875 0.183676623046875
4 0.778415720703125 0.214697 0.6619517890625 0.226924421875 0.727886806640625 0.45971808984375 0.82245819921875 0.43985615625 0.778415720703125 0.214697
8 0.677406494140625 0.226217181640625 0.569349322265625 0.23906823828125 0.619983390625 0.491281580078125 0.7446561171875 0.46674929296875 0.677406494140625 0.226217181640625
3 0.58248040234375 0.22739833984375 0.455918353515625 0.24892412109375 0.540636525390625 0.499219091796875 0.6387074453125 0.482736205078125 0.58248040234375 0.22739833984375
28 0.9599609375 0.7705078125 0.080078125 0.107421875
18 0.9239438657407407 0.7685546875 0.08035300925925926 0.111328125
29 0.8863715277777777 0.7607421875 0.08621238425925926 0.111328125
5 0.8323133680555556 0.7548828125 0.08402777777777781 0.107421875
9 0.7910662615740741 0.7509765625 0.08816550925925926 0.111328125
5 0.7517144097222223 0.74609375 0.08598090277777781 0.107421875