0 0 0.41796875 0.1029147734375 0.41796875 0.03383141015625 0.26835363671875 0 0.280548205078125 0 0.41796875
3 0.08584907421875 0.41796875 0.16109520703125 0.41796875 0.192525380859375 0.405333619140625 0.11614379296875 0.226431263671875 0.017450953125 0.266760333984375 0.08584907421875 0.41796875
8 0.27081531640625 0.370316044921875 0.19400948046875 0.1990097578125 0.1047538125 0.22454978125 0.175838109375 0.403628169921875 0.27081531640625 0.370316044921875
12 0.828125 0.0517578125 0.294921875 0.099609375
40 0.8248480902777777 0.14137731481481486 0.2779079861111111 0.12395833333333339
31 0.8153862847222222 0.2436342592592593 0.2642361111111111 0.12314814814814823
2 0.8095703125 0.369140625 0.27734375 0.09765625
46 0.24876302083333335 0.6164858217592593 0.08051215277777779 0.1064091435185186
41 0.29476996527777777 0.6186487268518519 0.08658854166666674 0.11652199074074066
47 0.3436848958333334 0.6196614583333333 0.08676215277777777 0.12433449074074066
1 0.40060763888888884 0.6290002893518518 0.08259548611111112 0.11238425925925921
3 0.4306640625 0.6259765625 0.046875 0.111328125
38 1 0.421875 0.858870583984375 0.421875 0.9080277109375 0.60147794140625 1 0.57580694140625 1 0.421875
6 0.68365151953125 0.421875 0.75352878125 0.64103780859375 0.880249001953125 0.615168865234375 0.82278466015625 0.421875 0.68365151953125 0.421875
1 0.577477900390625 0.421875 0.64607706640625 0.67652272265625 0.756396400390625 0.657944671875 0.692801951171875 0.421875 0.577477900390625 0.421875
7 0.5358313671875 0.7180460625 0.632688775390625 0.69783616015625 0.571355150390625 0.432225583984375 0.424972380859375 0.450482494140625 0.5358313671875 0.7180460625