10 0.299213814453125 0 0.3051053203125 0.140922998046875 0.470134857421875 0.11813516796875 0.4164247265625 0 0.299213814453125 0
12 0.23828125 0.0810546875 0.22265625 0.162109375
2 0.0849609375 0.1064453125 0.169921875 0.212890625
31 0.9488068828125 0.044564880859375 0.826655966796875 0.0672910625 0.907322759765625 0.2859086015625 0.993657916015625 0.27422596875 0.9488068828125 0.044564880859375
22 0.912593720703125 0.2815484921875 0.831738021484375 0.06769641015625 0.717958228515625 0.080595740234375 0.776822671875 0.298634130859375 0.912593720703125 0.2815484921875
29 0.72699673828125 0.079012919921875 0.612620546875 0.10193328125 0.71143322265625 0.309718435546875 0.788697486328125 0.298142482421875 0.72699673828125 0.079012919921875
2 0.67480296484375 0.31403026953125 0.59522475 0.111588189453125 0.482805490234375 0.1241866640625 0.560290681640625 0.337248099609375 0.67480296484375 0.31403026953125
8 0.4765625 0.342106232421875 0.575650958984375 0.336949103515625 0.48206625 0.121708376953125 0.4765625 0.122694646484375 0.4765625 0.342106232421875
5 0.15096209490740742 0.7363859953703704 0.266550925925926 0.3922309027777777
1 0.0712890625 0.77734375 0.142578125 0.40625
20 0.4296875 0.66796875 0.140625 0.3359375
12 0.333984375 0.6826171875 0.26171875 0.365234375
7 0.880519386574074 0.8936125578703704 0.13615451388888888 0.18914930555555554
5 0.935546875 0.8671875 0.12890625 0.19140625
1 0.810546875 0.90625 0.1328125 0.1875