7 0.40625 0.226872466796875 0.32711573046875 0.22786715234375 0.395098794921875 0.370696337890625 0.40625 0.37022415234375 0.40625 0.226872466796875
3 0.393133068359375 0.372495796875 0.3475312734375 0.22808951171875 0.26355979296875 0.2258189765625 0.297209736328125 0.37285958203125 0.393133068359375 0.372495796875
28 0.81703642578125 0.0109195546875 0.732018974609375 0.017574083984375 0.776489958984375 0.12756420703125 0.84967070703125 0.12337387890625 0.81703642578125 0.0109195546875
10 0.796714896484375 0.13116352734375 0.745403837890625 0.018318787109375 0.698123462890625 0.019210189453125 0.71472262890625 0.137340236328125 0.796714896484375 0.13116352734375
31 0.73875490625 0.140379169921875 0.7051008359375 0.020452296875 0.63107284765625 0.027372703125 0.676792275390625 0.144123669921875 0.73875490625 0.140379169921875
2 0.674651005859375 0.14681033203125 0.635834583984375 0.029668392578125 0.565815154296875 0.03555284375 0.59552025390625 0.1512965390625 0.674651005859375 0.14681033203125
3 0.51299940234375 0.04055609765625 0.548073708984375 0.158822859375 0.619025197265625 0.1514891171875 0.58665078125 0.037326603515625 0.585394216796875 0.03707033984375 0.58695115234375 0.036580515625 0.51299940234375 0.04055609765625
7 0.5654048203125 0.1592382421875 0.532664076171875 0.04193491796875 0.4613727265625 0.047071322265625 0.4976929140625 0.162999765625 0.5654048203125 0.1592382421875
44 0.5209418402777778 0.8939814814814815 0.08709490740740744 0.0751591435185186
44 0.48408564814814814 0.8986183449074074 0.09100115740740744 0.07539062499999982
44 0.5606553819444444 0.8875651041666667 0.09693287037037046 0.0776909722222221
20 0.6140046296296295 0.880982349537037 0.08912037037037024 0.07722800925925921
49 0.6975911458333333 0.8752170138888888 0.09700520833333348 0.07964409722222232
17 0.6558159722222222 0.8785879629629629 0.09903067129629628 0.08171296296296293