22 0 0.501953125 0.109191115234375 0.501953125 0.08488583984375 0.28916556640625 0 0.299388056640625 0 0.501953125
23 0.219563181640625 0.501953125 0.19420144140625 0.265695544921875 0.0608125 0.287149744140625 0.084269736328125 0.501953125 0.219563181640625 0.501953125
10 0.18756209375 0.501953125 0.32199116015625 0.501953125 0.3313769453125 0.500165509765625 0.253489306640625 0.24791909765625 0.1764253125 0.2612659375 0.18756209375 0.501953125
5 0.47902628515625 0.473437015625 0.4447953671875 0.22241724609375 0.3121524296875 0.239225751953125 0.349445974609375 0.499346759765625 0.47902628515625 0.473437015625
7 0.572621388671875 0.4615256875 0.549506076171875 0.2027578125 0.423879513671875 0.2189248046875 0.453442423828125 0.474988484375 0.572621388671875 0.4615256875
3 0.59375 0.1922443984375 0.5298925703125 0.198918255859375 0.560255541015625 0.4625647578125 0.59375 0.4592950390625 0.59375 0.1922443984375
18 0.75732998046875 0.4918195859375 0.854552365234375 0.482173603515625 0.834125513671875 0.28594497265625 0.722723482421875 0.290678767578125 0.75732998046875 0.4918195859375
29 0.83726792578125 0.477778578125 0.94006884375 0.4743668671875 0.937632208984375 0.280972666015625 0.8141560234375 0.287921515625 0.83726792578125 0.477778578125
27 1 0.278713556640625 0.911441517578125 0.280621787109375 0.921324166015625 0.475315330078125 1 0.47315336328125 1 0.278713556640625
12 0.2763454861111111 0.7759693287037037 0.0849826388888889 0.14048032407407396
24 0.3300347222222222 0.7710141782407407 0.08893229166666661 0.14272280092592604
32 0.3827039930555556 0.7641782407407407 0.08502604166666661 0.14243344907407396
2 0.45785590277777777 0.7566550925925926 0.08888888888888902 0.14076967592592604
0 0.5125217013888889 0.7516276041666667 0.08901909722222223 0.14662905092592604
4 0.55859375 0.7431640625 0.0703125 0.138671875
17 0.9138020833333333 0.9104094328703703 0.06384548611111107 0.06676793981481488
13 0.9459852430555555 0.9060691550925926 0.06380208333333326 0.06481481481481488
29 0.9716796875 0.900390625 0.056640625 0.06640625