32 0 0.349609375 0.139679703125 0.349609375 0.05033591015625 0.07230814453125 0 0.092317623046875 0 0.349609375
5 0.33949958203125 0.349609375 0.229946287109375 0.013373892578125 0.079806251953125 0.05793302734375 0.18954092578125 0.349609375 0.33949958203125 0.349609375
8 0.2761257265625 0 0.22654575 0.01694838671875 0.3445761484375 0.349609375 0.399021095703125 0.349609375 0.46869624609375 0.319823880859375 0.35024434765625 0 0.2761257265625 0
9 0.350904669921875 0 0.460882974609375 0.328629771484375 0.568359375 0.30708798828125 0.568359375 0.22149534375 0.497712224609375 0 0.350904669921875 0
0 0.3115234375 0.40234375 0.224609375 0.10546875
47 0.412230216796875 0.5372624765625 0.408017107421875 0.460154658203125 0.222051033203125 0.457772029296875 0.236649087890625 0.55440393359375 0.412230216796875 0.5372624765625
31 0.4302478515625 0.606382517578125 0.419799798828125 0.535828587890625 0.225888994140625 0.553755783203125 0.237963853515625 0.65086565234375 0.4302478515625 0.606382517578125
43 0.41946787890625 0.697076083984375 0.413774044921875 0.60413029296875 0.23900632421875 0.63454971875 0.24522139453125 0.719337544921875 0.41946787890625 0.697076083984375
24 0.6015625 0.5595703125 0.06640625 0.193359375
0 0.6748697916666666 0.5347077546296296 0.12226562500000004 0.19416956018518516
8 0.746875 0.5166956018518518 0.11809895833333339 0.19023437499999996
8 0.8199869791666667 0.5006438078703703 0.12226562499999982 0.19416956018518516