29 0 0.458984375 0.080779490234375 0.458984375 0.1137562578125 0.371907330078125 0 0.348738251953125 0 0.458984375
2 0.230282220703125 0.458984375 0.245736962890625 0.397988810546875 0.124352888671875 0.382489986328125 0.102542451171875 0.458984375 0.230282220703125 0.458984375
8 0.318583505859375 0.458984375 0.32919870703125 0.4166615234375 0.22582767578125 0.395564109375 0.208073974609375 0.458984375 0.318583505859375 0.458984375
15 0.0244140625 0.5888671875 0.048828125 0.259765625
21 0.076171875 0.60546875 0.15234375 0.26953125
6 0.20515046296296302 0.6369791666666667 0.17907986111111107 0.2613281249999999
2 0.30397135416666665 0.6659505208333334 0.18009259259259247 0.2808593749999999
4 0.38671875 0.6845703125 0.150390625 0.267578125
44 0.931640625 0.48828125 0.080078125 0.05859375
44 0.9638671875 0.4921875 0.072265625 0.06640625
44 0.8896484375 0.4833984375 0.0859375 0.048828125
20 0.8359375 0.4775390625 0.080078125 0.037109375
49 0.751953125 0.4697265625 0.087890625 0.021484375
17 0.7939453125 0.474609375 0.08984375 0.03125