33 0.341796875 0.0966796875 0.1484375 0.193359375
35 0.2255859375 0.103515625 0.158203125 0.20703125
21 0.1142578125 0.1064453125 0.158203125 0.212890625
46 0.9110026041666667 0.2568504050925926 0.10911458333333335 0.18006365740740748
49 0.8481770833333333 0.26543692129629626 0.10768229166666665 0.18776041666666665
43 0.7821614583333334 0.2781032986111111 0.11002604166666652 0.19373553240740737
9 0.6911458333333333 0.28641493055555556 0.1069010416666667 0.17604166666666665
3 0.622265625 0.2982783564814815 0.10963541666666665 0.18787615740740748
0 0.5547526041666666 0.3042245370370371 0.10546875 0.18373842592592604
16 0.9736328125 0.75 0.052734375 0.24609375
24 0.8294270833333333 0.7626880787037037 0.19518229166666679 0.24547164351851847
29 0.687109375 0.7672309027777777 0.1782552083333333 0.25419560185185186
10 0.5567057291666667 0.782740162037037 0.18294270833333326 0.2661458333333333