18 0.056640625 0.2509765625 0.11328125 0.314453125
11 0 0.1020700234375 0.096294212890625 0.369428935546875 0.241668615234375 0.341011888671875 0.134761490234375 0.0693912421875 0 0.09973393359375 0 0.1020700234375
27 0.372033783203125 0.319172177734375 0.298381341796875 0.20844505859375 0.311003876953125 0.0798636953125 0.234477732421875 0.030210107421875 0.121148728515625 0.06440185546875 0.222772794921875 0.348809857421875 0.372033783203125 0.319172177734375
0 0.384974724609375 0 0.303159208984375 0.0098236953125 0.395290767578125 0.301948130859375 0.5454874609375 0.276972423828125 0.461820072265625 0 0.384974724609375 0
1 0.444983234375 0 0.54837869921875 0.272336630859375 0.5517578125 0.2718870546875 0.5517578125 0 0.444983234375 0
0 0.8382161458333334 0.17111545138888884 0.2036313657407407 0.2460792824074074
44 0.9189453125 0.1494140625 0.162109375 0.240234375
44 0.9638671875 0.125 0.072265625 0.25
46 0.6145833333333334 0.23554687499999993 0.1938657407407407 0.2455729166666667
47 0.5615234375 0.26171875 0.109375 0.255859375
12 0.7105396412037037 0.21100260416666672 0.19755497685185186 0.23991608796296293