20 0 0.48828125 0.050948421875 0.48828125 0.03242129296875 0.3757492265625 0 0.37623735546875 0 0.48828125
20 0.126342123046875 0.48828125 0.116807306640625 0.367549607421875 0.012298693359375 0.37552004296875 0.01758185546875 0.48828125 0.126342123046875 0.48828125
3 0.22098433203125 0.48828125 0.20969169140625 0.361685310546875 0.105828515625 0.37107547265625 0.117700474609375 0.48828125 0.22098433203125 0.48828125
6 0.275523783203125 0.48828125 0.2862332890625 0.366446560546875 0.183410798828125 0.361456126953125 0.18314776171875 0.48828125 0.275523783203125 0.48828125
2 0.33732084765625 0.48828125 0.34156443359375 0.364659181640625 0.25060929296875 0.36933340625 0.243512205078125 0.48828125 0.33732084765625 0.48828125
28 0.4404296875 0 0.4404296875 0.12359288671875 0.52038228515625 0.117984271484375 0.4985250078125 0 0.4404296875 0
10 0.475200259765625 0 0.48329221484375 0.12233516015625 0.5938303203125 0.111341912109375 0.528918478515625 0 0.475200259765625 0
0 0.556522 0 0.57745232421875 0.1066228515625 0.66957234375 0.09750764453125 0.649422880859375 0 0.556522 0
1 0.621078212890625 0 0.6408620703125 0.101202923828125 0.72974729296875 0.096190087890625 0.69459232421875 0 0.621078212890625 0
3 0.676905265625 0 0.702952974609375 0.093711837890625 0.787082017578125 0.089135068359375 0.775754345703125 0 0.676905265625 0
14 0.0478515625 0.890625 0.095703125 0.21875
21 0.1220703125 0.8916015625 0.171875 0.216796875
18 0.240234375 0.8857421875 0.154296875 0.228515625
9 0.3955078125 0.876953125 0.1640625 0.24609375
26 0.4873046875 0.6962890625 0.09375 0.302734375
15 0.574732349537037 0.6923900462962963 0.18614004629629632 0.3085792824074074
31 0.7014539930555556 0.6866030092592592 0.17453703703703694 0.31035879629629637
9 0.8658637152777777 0.6900318287037037 0.18234953703703694 0.310474537037037
4 0.953125 0.68359375 0.09375 0.3125