29 0.310159466796875 0 0.28911651171875 0.2263957578125 0.390625 0.2297703046875 0.390625 0 0.310159466796875 0
20 0.197980849609375 0 0.184454150390625 0.243349361328125 0.342260712890625 0.230998376953125 0.33885508203125 0 0.197980849609375 0
20 0.190745013671875 0 0.086308423828125 0.003131716796875 0.08998115625 0.240977263671875 0.2306370703125 0.238569283203125 0.238688947265625 0 0.190745013671875 0
7 0 0 0 0.247398783203125 0.087377802734375 0.2458263671875 0.088897126953125 0 0 0
29 0.8291232638888888 0.07499999999999996 0.06485821759259247 0.06345486111111098
29 0.8076244212962963 0.07400173611111116 0.06679687500000009 0.06158854166666661
16 0.7851490162037037 0.07304687499999996 0.06679687499999987 0.06158854166666661
4 0.7558521412037037 0.07434895833333333 0.06484374999999987 0.061501736111111205
9 0.7343605324074074 0.07432725694444442 0.06679687500000009 0.06158854166666661
0 0.7109085648148148 0.07341579861111103 0.06679687500000009 0.06158854166666661
17 0.13986545138888884 0.7273871527777778 0.07858796296296289 0.07187499999999991
13 0.10763165509259265 0.7278428819444445 0.0766203703703705 0.06983506944444451
29 0.07637442129629624 0.7282552083333333 0.07663483796296289 0.07178819444444451
8 0.0341796875 0.73046875 0.068359375 0.06640625
8 0.017578125 0.734375 0.03515625 0.06640625
35 0.94433511328125 0.53362376171875 0.953238185546875 0.348674908203125 0.827354654296875 0.345214814453125 0.8368326328125 0.535355478515625 0.94433511328125 0.53362376171875
10 0.8142650462962963 0.4435546875 0.11662326388888888 0.19852430555555556
24 0.7439236111111112 0.4427734375 0.12439236111111107 0.19301215277777772
0 0.6394097222222223 0.44448784722222223 0.12635995370370368 0.19505208333333335
8 0.564207175925926 0.4468532986111111 0.12243923611111107 0.19292534722222232
8 0.48803530092592595 0.4502387152777778 0.12635995370370368 0.19505208333333335