29 0.3798828125 0.2646484375 0.052734375 0.150390625
33 0.3173828125 0.263671875 0.126953125 0.15234375
10 0.2138671875 0.265625 0.126953125 0.1484375
2 0.076171875 0.2685546875 0.12890625 0.142578125
30 0.9507629140625 0.33984375 0.9547927421875 0.27116875 0.894503615234375 0.2686484375 0.892743609375 0.33984375 0.9507629140625 0.33984375
23 0.9069013828125 0.33984375 0.90857215234375 0.267928125 0.849815220703125 0.261809375 0.84852659765625 0.33984375 0.9069013828125 0.33984375
20 0.82655479296875 0.3143640625 0.8142521015625 0.33984375 0.863316515625 0.33984375 0.865088923828125 0.26145 0.864075439453125 0.2607296875 0.8044525703125 0.2610890625 0.82655479296875 0.3143640625
0 0.74306718359375 0.33984375 0.801283828125 0.33984375 0.8070861796875 0.26036875 0.807065052734375 0.260009375 0.74668569921875 0.2535296875 0.74306718359375 0.33984375
2 0.755698005859375 0.33984375 0.758563888671875 0.253890625 0.700381521484375 0.25065 0.694192451171875 0.33984375 0.755698005859375 0.33984375
8 0.707462296875 0.33984375 0.711967951171875 0.250290625 0.6568969296875 0.24705 0.65449019921875 0.33984375 0.707462296875 0.33984375
41 0.171666919921875 0.53647438671875 0.080073158203125 0.565635966796875 0.184346283203125 0.7684991328125 0.260299076171875 0.73173018359375 0.171666919921875 0.53647438671875
47 0.096103171875 0.57197544140625 0.003097857421875 0.602404916015625 0.109442578125 0.78878544921875 0.18160507421875 0.758355974609375 0.096103171875 0.57197544140625
27 0 0.7931843671875 0.018897458984375 0.8255543984375 0.116914263671875 0.78624966015625 0.00498248828125 0.608744388671875 0 0.61026370703125 0 0.7931843671875
5 0.7647135416666667 0.6650390625 0.10512152777777772 0.16796875
4 0.8271701388888889 0.6640625 0.08906250000000004 0.158203125
3 0.8925564236111111 0.6630859375 0.10052083333333339 0.15234375
12 0.9658203125 0.6640625 0.068359375 0.15625