32 0.21175502734375 0.45586086328125 0.304433548828125 0.477995517578125 0.353760412109375 0.243484728515625 0.246135505859375 0.21678956640625 0.21175502734375 0.45586086328125
23 0.4150390625 0.257300912109375 0.35355927734375 0.244757736328125 0.307456490234375 0.470785751953125 0.4150390625 0.490309818359375 0.4150390625 0.257300912109375
13 0.4013671875 0.50628841015625 0.5031499296875 0.495499072265625 0.48183263671875 0.19755358203125 0.4013671875 0.2057687265625 0.4013671875 0.50628841015625
11 0.635262453125 0.47976823828125 0.604926732421875 0.1943407578125 0.4637448671875 0.20466855859375 0.494755615234375 0.497891537109375 0.635262453125 0.47976823828125
5 0.805242373046875 0.484530994140625 0.809453740234375 0.187428810546875 0.65405854296875 0.197385673828125 0.66352658984375 0.4869598125 0.805242373046875 0.484530994140625
5 0.91882569140625 0.484538455078125 0.9400014921875 0.184896634765625 0.791624767578125 0.19173969140625 0.783259837890625 0.490452015625 0.91882569140625 0.484538455078125
2 1 0.189523515625 0.93074841015625 0.1978888203125 0.905700576171875 0.4846418125 1 0.481639447265625 1 0.189523515625
18 0.2626953125 0.9873046875 0.046875 0.025390625
23 0.2958984375 0.986328125 0.05078125 0.02734375
35 0.328125 0.9833984375 0.052734375 0.033203125
6 0.373046875 0.982421875 0.048828125 0.03515625
9 0.3974609375 0.9814453125 0.03515625 0.037109375
31 0.6982855902777778 0.8250868055555556 0.099609375 0.17925347222222232
38 0.7722873263888889 0.8169053819444445 0.10946180555555562 0.181640625
37 0.8462890625 0.8087239583333333 0.10555555555555562 0.18146701388888897
7 0.9415147569444444 0.7937282986111112 0.10342881944444438 0.17747395833333335
4 0.982421875 0.7822265625 0.03515625 0.177734375