33 0.42901233984375 0.5458984375 0.497027263671875 0.371379669921875 0.37079141015625 0.34831470703125 0.29959248046875 0.5458984375 0.42901233984375 0.5458984375
31 0.30239796484375 0.5458984375 0.3810255625 0.34720136328125 0.25543983984375 0.315954869140625 0.197859060546875 0.5458984375 0.30239796484375 0.5458984375
17 0.1009178828125 0.5458984375 0.2060587890625 0.5458984375 0.268642416015625 0.31406162109375 0.144350248046875 0.290846 0.049932369140625 0.535203873046875 0.1009178828125 0.5458984375
0 0 0.528755068359375 0.03711028515625 0.53504846875 0.116922224609375 0.27984032421875 0 0.259981466796875 0 0.528755068359375
28 0.7925853587962963 0.11725260416666661 0.12559317129629632 0.16223958333333321
11 0.731517650462963 0.10436197916666667 0.1196325231481481 0.15989583333333335
20 0.6654658564814815 0.09309895833333337 0.12764756944444433 0.16432291666666665
9 0.580078125 0.0791015625 0.12109375 0.15234375
2 0.541015625 0.072265625 0.0703125 0.138671875
25 1 0.5517578125 0.975922009765625 0.5517578125 0.883786154296875 0.855709599609375 1 0.870809025390625 1 0.5517578125
9 0.76928898828125 0.5517578125 0.684119271484375 0.856888109375 0.841398056640625 0.872227962890625 0.928496953125 0.5517578125 0.76928898828125 0.5517578125
7 0.615446548828125 0.5517578125 0.5557491328125 0.861056482421875 0.693273537109375 0.866226669921875 0.781159642578125 0.5517578125 0.615446548828125 0.5517578125
2 0.505859375 0.5517578125 0.505859375 0.882610373046875 0.550052693359375 0.880071888671875 0.625759203125 0.5517578125 0.505859375 0.5517578125