21 0.2753255208333334 0.14341724537037037 0.08554687499999991 0.09594907407407405
10 0.2442057291666666 0.14722222222222225 0.08567708333333313 0.09790219907407405
31 0.21106770833333333 0.15016637731481486 0.08554687499999991 0.09594907407407405
2 0.16855468750000002 0.15954861111111107 0.09166666666666656 0.10020254629629632
2 0.135546875 0.16444589120370368 0.08958333333333335 0.09813368055555549
3 0.10247395833333334 0.16836660879629628 0.08763020833333335 0.09801793981481488
8 0.9453125 0.1806640625 0.109375 0.197265625
8 0.8868489583333333 0.1874638310185185 0.13684895833333344 0.1943142361111112
6 0.4991536458333333 0.8180483217592592 0.17513020833333326 0.24327256944444442
7 0.4017578125 0.8424479166666667 0.17408854166666665 0.2568287037037038
1 0.302734375 0.8571397569444444 0.16419270833333333 0.2542968750000001
2 0.20481770833333335 0.8737268518518518 0.17942708333333335 0.24936342592592586