20 0.515034943359375 0.01799875390625 0.478878 0.015651203125 0.479361423828125 0.098929013671875 0.5139698828125 0.102263201171875 0.515034943359375 0.01799875390625
24 0.481013953125 0.09861710546875 0.48025172265625 0.0147444609375 0.44679080859375 0.013789609375 0.44428785546875 0.096211591796875 0.481013953125 0.09861710546875
24 0.446053337890625 0.09790914453125 0.448600728515625 0.01407253515625 0.412129658203125 0.00827191015625 0.409445720703125 0.095788267578125 0.446053337890625 0.09790914453125
0 0.39520816796875 0.09388172265625 0.400294564453125 0.00659737890625 0.366876634765625 0.00677578125 0.3618115703125 0.093492720703125 0.39520816796875 0.09388172265625
4 0.362656693359375 0.095670736328125 0.365991298828125 0.007080796875 0.329342359375 0.003826505859375 0.328441240234375 0.09179951953125 0.362656693359375 0.095670736328125
2 0.328848609375 0.093352166015625 0.330120396484375 0.003427650390625 0.2935353515625 0.001587986328125 0.290243234375 0.0893291484375 0.328848609375 0.093352166015625
15 0.9541015625 0.388671875 0.091796875 0.25390625
21 0.8766203703703703 0.3764250578703704 0.13816550925925908 0.25572916666666656
6 0.734107349537037 0.3567491319444444 0.1358072916666666 0.24788773148148147
2 0.6689453125 0.3505859375 0.0625 0.267578125
12 0.6396484375 0.643931572265625 0.633250087890625 0.642035314453125 0.602659490234375 0.8350229765625 0.6396484375 0.8458168125 0.6396484375 0.643931572265625
23 0.599258734375 0.8446227265625 0.62444504296875 0.642114052734375 0.531232775390625 0.6257174296875 0.512925654296875 0.83093415234375 0.599258734375 0.8446227265625
10 0.508628505859375 0.82830340625 0.520578740234375 0.6285060859375 0.446270263671875 0.618067048828125 0.42745358984375 0.814149677734375 0.508628505859375 0.82830340625
7 0.37251148046875 0.80112001953125 0.39170180078125 0.601563494140625 0.299636583984375 0.587945900390625 0.29353998828125 0.786595333984375 0.37251148046875 0.80112001953125
3 0.290996181640625 0.783937494140625 0.297638849609375 0.58607986328125 0.2110036484375 0.57670374609375 0.20446781640625 0.77161996875 0.290996181640625 0.783937494140625
7 0.198491583984375 0.771564681640625 0.204714490234375 0.573790953125 0.1177553515625 0.565745125 0.12228348828125 0.753646111328125 0.198491583984375 0.771564681640625
28 0.9003689236111111 0.6708333333333334 0.020949074074074092 0.027604166666666652
15 0.885669849537037 0.6696397569444444 0.020847800925925863 0.025651041666666652
29 0.868967013888889 0.6674406828703704 0.022800925925925863 0.02567997685185186
2 0.8444010416666667 0.6641493055555556 0.020847800925925863 0.025651041666666652
5 0.8287254050925926 0.6629412615740741 0.020949074074074092 0.027604166666666652
13 0.8130497685185185 0.6617332175925925 0.022902199074074092 0.02763310185185186