33 0 0 0 0.0504717578125 0.0261972578125 0.048694421875 0.02469701953125 0 0 0
24 0.023250810546875 0 0.0257753828125 0.048688171875 0.0611488203125 0.04921222265625 0.059382427734375 0 0.023250810546875 0
2 0.066921283203125 0 0.069948900390625 0.048501052734375 0.1064975 0.04735943359375 0.10353848828125 0 0.066921283203125 0
5 0.10150604296875 0 0.105277107421875 0.048182892578125 0.1381021875 0.048249201171875 0.13958134765625 0 0.10150604296875 0
6 0.137780892578125 0 0.1379493046875 0.045300763671875 0.17159469921875 0.044957673828125 0.16998395703125 0 0.137780892578125 0
35 0.870847800925926 0.1249855324074074 0.039409722222222276 0.0825520833333333
27 0.906004050925926 0.1255063657407407 0.039409722222222276 0.0825520833333333
22 0.941160300925926 0.12602719907407411 0.035503472222222276 0.08249421296296289
4 0.9853515625 0.125 0.029296875 0.0859375
28 0.54201506640625 0.860272572265625 0.555124388671875 0.853832341796875 0.545222123046875 0.82784668359375 0.53239872265625 0.83306888671875 0.54201506640625 0.860272572265625
15 0.565451951171875 0.850624529296875 0.559701396484375 0.823366759765625 0.546527875 0.82763679296875 0.55532923046875 0.8546843984375 0.565451951171875 0.850624529296875
29 0.582107310546875 0.844620197265625 0.573983908203125 0.818348060546875 0.56006454296875 0.822989427734375 0.568960583984375 0.849400693359375 0.582107310546875 0.844620197265625
2 0.605711751953125 0.837315646484375 0.59549752734375 0.8125433828125 0.582405439453125 0.815921517578125 0.590784068359375 0.842197435546875 0.605711751953125 0.837315646484375
5 0.5966475859375 0.811134912109375 0.606491017578125 0.83758255078125 0.618616501953125 0.832786927734375 0.60964598046875 0.807395345703125 0.5966475859375 0.811134912109375
13 0.6335650390625 0.82774054296875 0.624371970703125 0.803756341796875 0.61035347265625 0.8063598984375 0.619757828125 0.83441893359375 0.6335650390625 0.82774054296875