20 0.009765625 0.1767578125 0.01953125 0.083984375
32 0.03165509259259258 0.17994791666666665 0.05334201388888893 0.08489583333333339
3 0.08050491898148149 0.18027343750000002 0.051374421296296324 0.08281249999999996
2 0.11663773148148149 0.1826822916666666 0.05337094907407414 0.08880208333333339
6 0.1518156828703704 0.1820963541666667 0.05335648148148153 0.08684895833333339
35 0.398046875 0.192578125 0.08715277777777786 0.16914062499999993
10 0.4625361689814815 0.19199218750000002 0.08132233796296295 0.17265624999999996
25 0.5289930555555555 0.18958333333333333 0.09304108796296306 0.1734374999999999
6 0.6276475694444444 0.19322916666666667 0.09299768518518525 0.1675781249999999
1 0.6960069444444444 0.1977864583333333 0.07546296296296306 0.1722656250000001
1 0.7643880208333333 0.19941406250000004 0.07349537037037024 0.17018229166666665
30 0.0380859375 0.69921875 0.076171875 0.33984375
20 0.1142578125 0.69921875 0.15234375 0.33984375
1 0.271484375 0.6962890625 0.150390625 0.333984375
5 0.3291015625 0.6904296875 0.05078125 0.322265625
20 0.39453125 0.7646484375 0.099609375 0.470703125
17 0.466796875 0.7646484375 0.193359375 0.470703125
30 0.59765625 0.7646484375 0.197265625 0.470703125
0 0.8486328125 0.7646484375 0.1875 0.470703125
0 0.9404296875 0.763671875 0.119140625 0.46875