27 0.340280755859375 0.219775763671875 0.294884939453125 0.2022491796875 0.2312794296875 0.273298046875 0.277578962890625 0.29413983203125 0.340280755859375 0.219775763671875
20 0.309541302734375 0.202787130859375 0.257580783203125 0.181365412109375 0.19809506640625 0.2520611484375 0.248030234375 0.2756209765625 0.309541302734375 0.202787130859375
32 0.276826935546875 0.18318762890625 0.22630996875 0.162509986328125 0.1688321875 0.23527591796875 0.2142361640625 0.256093974609375 0.276826935546875 0.18318762890625
3 0.234952232421875 0.157873720703125 0.17896205078125 0.135806419921875 0.127618619140625 0.214182220703125 0.166175064453125 0.233413740234375 0.234952232421875 0.157873720703125
2 0.19858712109375 0.13738009765625 0.15360005078125 0.12161862890625 0.09097165234375 0.1950108203125 0.14529772265625 0.218389154296875 0.19858712109375 0.13738009765625
6 0.159656015625 0.117407767578125 0.118877380859375 0.101069810546875 0.062795078125 0.1782183828125 0.11257956640625 0.198875759765625 0.159656015625 0.117407767578125
15 0.8857421875 0.1591796875 0.216796875 0.318359375
10 0.7490234375 0.1669921875 0.205078125 0.333984375
20 0.640625 0.1689453125 0.1640625 0.337890625
16 0.546875 0.7236328125 0.1015625 0.462890625
30 0.46801215277777775 0.7242549189814815 0.20729166666666665 0.4652343750000001
2 0.2826605902777778 0.7302951388888889 0.21875 0.4536892361111111
1 0.15486111111111112 0.7342592592592592 0.1875868055555555 0.457132523148148
0 0.0625 0.736328125 0.125 0.44921875
5 1 0.882547833984375 0.948327341796875 0.88353001171875 0.962179435546875 0.990378783203125 1 0.991798287109375 1 0.882547833984375