14 0.55457278515625 0.616618806640625 0.581438896484375 0.429113169921875 0.48619207421875 0.424144220703125 0.46025649609375 0.63348514453125 0.55457278515625 0.616618806640625
34 0.466227623046875 0.6237600546875 0.494675583984375 0.428087349609375 0.3975494609375 0.434064125 0.394909564453125 0.633049017578125 0.466227623046875 0.6237600546875
10 0.40047509375 0.63546262890625 0.40454203515625 0.43242227734375 0.3291534921875 0.436125849609375 0.292693611328125 0.63432448828125 0.40047509375 0.63546262890625
2 0.299768037109375 0.439086162109375 0.301150517578125 0.43639215625 0.20092714453125 0.42586630859375 0.183892123046875 0.64359854296875 0.27967210546875 0.63084381640625 0.299768037109375 0.439086162109375
9 0.197296177734375 0.638062984375 0.204100109375 0.432356306640625 0.102818130859375 0.43141513671875 0.109023751953125 0.6455973671875 0.197296177734375 0.638062984375
4 0.114228892578125 0.64664951953125 0.10675370703125 0.435161703125 0.0211685703125 0.4290844453125 0.002049189453125 0.657678158203125 0.114228892578125 0.64664951953125
26 0.9599609375 0.6142578125 0.080078125 0.189453125
14 0.8974392361111111 0.6113859953703704 0.10377604166666665 0.18810763888888893
27 0.8203559027777778 0.6090277777777777 0.10182291666666665 0.18809317129629632
6 0.7110894097222222 0.6049551504629629 0.10577256944444446 0.1900752314814813
8 0.6533203125 0.6044921875 0.06640625 0.185546875