27 0 0.584658734375 0.0029910546875 0.5966796875 0.0596131328125 0.5966796875 0.048311880859375 0.555335296875 0 0.559298650390625 0 0.584658734375
20 0.09621415234375 0.5966796875 0.084081046875 0.55223934375 0.028963548828125 0.55677012890625 0.03855777734375 0.5966796875 0.09621415234375 0.5966796875
32 0.13015087890625 0.5966796875 0.122626384765625 0.54873915234375 0.064950818359375 0.553295259765625 0.0761776875 0.5966796875 0.13015087890625 0.5966796875
3 0.180630873046875 0.5966796875 0.173677083984375 0.54429269921875 0.113587119140625 0.549230361328125 0.122323306640625 0.5966796875 0.180630873046875 0.5966796875
2 0.216279865234375 0.5966796875 0.206440583984375 0.541797228515625 0.15004634375 0.546141603515625 0.157149669921875 0.5966796875 0.216279865234375 0.5966796875
6 0.251766013671875 0.5966796875 0.24611303515625 0.538101326171875 0.185695482421875 0.539358736328125 0.19391530859375 0.5966796875 0.251766013671875 0.5966796875
32 0.633714326171875 0.089159126953125 0.611187853515625 0.0029296875 0.5771484375 0.0029296875 0.5771484375 0.096894923828125 0.633714326171875 0.089159126953125
19 0.63671875 0.04296875 0.099609375 0.080078125
1 0.716796875 0.0322265625 0.099609375 0.05859375
8 0.7705078125 0.0283203125 0.10546875 0.05078125
9 0.8271484375 0.021484375 0.10546875 0.037109375
30 0.2558376736111111 0.7080584490740741 0.04946469907407414 0.037456597222222276
35 0.2714916087962963 0.7058738425925926 0.04748263888888893 0.03547453703703707
23 0.28717447916666666 0.7017361111111111 0.04748263888888893 0.03547453703703707
4 0.3096788194444444 0.6984736689814814 0.04748263888888893 0.03547453703703707
0 0.32632378472222223 0.6952980324074074 0.04748263888888893 0.03547453703703707
9 0.34101562500000004 0.6921513310185186 0.04748263888888893 0.03547453703703707