29 0.162109375 0.13418692129629628 0.05078125 0.06561053240740744
10 0.1865234375 0.14192708333333337 0.05078125 0.06561053240740744
29 0.212890625 0.14388020833333326 0.052734375 0.06372974537037024
4 0.248046875 0.15201822916666674 0.052734375 0.06372974537037024
7 0.2724609375 0.15682870370370372 0.05078125 0.06561053240740744
0 0.2958984375 0.1616030092592593 0.05078125 0.06756365740740744
28 0.75399055078125 0.47349909765625 0.798688494140625 0.476808939453125 0.80137528515625 0.4212234453125 0.757699287109375 0.41802023828125 0.75399055078125 0.47349909765625
15 0.82223284765625 0.474331205078125 0.827717826171875 0.421041375 0.78612555859375 0.419195541015625 0.782361521484375 0.474705291015625 0.82223284765625 0.474331205078125
29 0.83850633203125 0.475723126953125 0.85543773828125 0.423701255859375 0.80978444921875 0.420237828125 0.80858152734375 0.47461803125 0.83850633203125 0.475723126953125
2 0.894452015625 0.47954893359375 0.8937408203125 0.425132779296875 0.850437283203125 0.421263259765625 0.846129330078125 0.477007224609375 0.894452015625 0.47954893359375
5 0.915784447265625 0.480065640625 0.918446638671875 0.425890328125 0.875763955078125 0.425198494140625 0.875696640625 0.47948185546875 0.915784447265625 0.480065640625
13 0.942022150390625 0.481381205078125 0.944452515625 0.42885788671875 0.90220092578125 0.427235279296875 0.898298765625 0.48277062109375 0.942022150390625 0.481381205078125
31 0.05078125 0.6416015625 0.1015625 0.291015625
34 0.146484375 0.658203125 0.19140625 0.322265625
0 0.3515625 0.671875 0.1953125 0.349609375
0 0.423828125 0.6875 0.0703125 0.380859375
22 0.71875 0.8555049189814814 0.060546875 0.06792534722222232
33 0.751953125 0.8616174768518519 0.05859375 0.0698061342592593
32 0.7861328125 0.8677662037037037 0.060546875 0.06987847222222232
2 0.8330078125 0.8743851273148149 0.060546875 0.07378472222222232
4 0.8671875 0.8795572916666667 0.060546875 0.07378472222222232
8 0.900390625 0.886646412037037 0.05859375 0.07175925925925908