15 0.0947265625 0.015625 0.099609375 0.03125
31 0.1376953125 0.017578125 0.099609375 0.03515625
2 0.1962890625 0.0224609375 0.103515625 0.044921875
7 0.240234375 0.0263671875 0.10546875 0.052734375
5 0.2861328125 0.0283203125 0.103515625 0.056640625
33 0.7765118634259259 0.403833912037037 0.09092881944444442 0.10192418981481488
19 0.8148148148148149 0.40902054398148147 0.09678819444444442 0.10227141203703716
10 0.8531177662037037 0.41420717592592593 0.09049479166666674 0.09606481481481488
3 0.9072627314814814 0.4232494212962963 0.0927372685185186 0.10008680555555549
2 0.9455656828703703 0.42843605324074074 0.09288194444444442 0.10203993055555549
2 0.966796875 0.4306640625 0.06640625 0.099609375
21 0.1439887152777778 0.7418330439814815 0.1772280092592593 0.2431568287037038
15 0.24186197916666669 0.7505497685185185 0.16087962962962965 0.2324652777777778
11 0.33807146990740744 0.7630570023148149 0.1592158564814814 0.2362557870370372
6 0.4697265625 0.7783203125 0.1640625 0.23828125
30 0.5068359375 0.875863357421875 0.62055812890625 0.880699521484375 0.600607607421875 0.593497228515625 0.5068359375 0.58830298828125 0.5068359375 0.875863357421875
32 0.7269586328125 0.898031001953125 0.734996732421875 0.617027998046875 0.564675623046875 0.5987766953125 0.5878233125 0.886408654296875 0.7269586328125 0.898031001953125
26 0.859336048828125 0.9112051640625 0.85410484765625 0.638284421875 0.69768264453125 0.622607337890625 0.69199858984375 0.89327916015625 0.859336048828125 0.9112051640625
4 1 0.65860943359375 0.870949021484375 0.64679781640625 0.85416751953125 0.913956638671875 1 0.929628865234375 1 0.65860943359375