44 0.4638671875 0.3134765625 0.193359375 0.220703125
44 0.5595703125 0.30078125 0.193359375 0.24609375
43 0.8772063078703703 0.22233072916666669 0.18272569444444442 0.2528935185185185
25 0.7789351851851851 0.24254918981481483 0.18641493055555536 0.24717881944444442
1 0.6527054398148149 0.2803819444444444 0.1825810185185186 0.2489872685185186
47 0.9404296875 0.197265625 0.119140625 0.28125
15 0.145366041015625 0.66999666796875 0.15917252734375 0.611942962890625 0.091394537109375 0.608717224609375 0.086385896484375 0.66589566796875 0.145366041015625 0.66999666796875
13 0.123890482421875 0.667768966796875 0.1315935625 0.610172001953125 0.067860408203125 0.609269416015625 0.057936900390625 0.664978888671875 0.123890482421875 0.667768966796875
27 0.092475966796875 0.666035001953125 0.10607293359375 0.608522654296875 0.0460299765625 0.607328193359375 0.02675351953125 0.664420447265625 0.092475966796875 0.666035001953125
6 0 0.662654919921875 0.0511147265625 0.664308587890625 0.05807093359375 0.609238541015625 0 0.6036017421875 0 0.662654919921875
1 0 0.66010144140625 0.03011787890625 0.60436083203125 0 0.604165771484375 0 0.66010144140625
10 0.819065513671875 0.416015625 0.77998827734375 0.64090867578125 0.914196599609375 0.64049453125 0.940578708984375 0.416015625 0.819065513671875 0.416015625
10 0.731852568359375 0.416015625 0.698684302734375 0.651756732421875 0.818241140625 0.633570771484375 0.839011046875 0.416015625 0.731852568359375 0.416015625
37 0.595124822265625 0.416015625 0.582790720703125 0.6558862734375 0.7281378046875 0.6427366953125 0.750999228515625 0.416015625 0.595124822265625 0.416015625
4 0.468687333984375 0.416015625 0.453981427734375 0.660198994140625 0.580213359375 0.6517359453125 0.591720392578125 0.416015625 0.468687333984375 0.416015625
5 0.336493736328125 0.416015625 0.3422491953125 0.673985951171875 0.4973574296875 0.658214470703125 0.499927150390625 0.416015625 0.336493736328125 0.416015625
6 0.3740363203125 0.416015625 0.2945003671875 0.416015625 0.237428767578125 0.418632099609375 0.24799996484375 0.6726123984375 0.378369103515625 0.66333852734375 0.3740363203125 0.416015625