4 0 0.472249861328125 0.092783794921875 0.489801755859375 0.092420017578125 0.262702083984375 0 0.26082841015625 0 0.472249861328125
2 0.077214552734375 0.49313091796875 0.207690662109375 0.5152730078125 0.228047513671875 0.29600872265625 0.084121607421875 0.270281240234375 0.077214552734375 0.49313091796875
19 0.7557436342592593 0.4911241319444445 0.05056423611111116 0.05415219907407409
23 0.7772858796296296 0.49196325231481486 0.05062210648148158 0.05610532407407409
30 0.7988570601851852 0.49377893518518523 0.050506365740740744 0.05219907407407409
5 0.8282696759259259 0.496166087962963 0.05056423611111116 0.05415219907407387
4 0.8488642939814814 0.4980324074074074 0.04861111111111116 0.05405092592592586
0 0.8714120370370371 0.49979745370370365 0.05056423611111116 0.05415219907407409
22 0.11190682870370372 0.7974320023148148 0.06848958333333333 0.06678240740740748
33 0.14916087962962965 0.8003906249999999 0.06848958333333333 0.06678240740740726
32 0.18538049768518516 0.8014467592592593 0.06848958333333344 0.06678240740740726
5 0.2382884837962963 0.8045717592592592 0.06843171296296302 0.06482928240740726
8 0.275513599537037 0.8065538194444445 0.06653645833333321 0.06668113425925926
6 0.31270978009259265 0.8075593171296296 0.06848958333333321 0.06678240740740726
0 0.6396484375 0.7392578125 0.171875 0.17578125
42 0.36075947265625 0.6513671875 0.337482935546875 0.681145154296875 0.403759 0.7088432421875 0.450071359375 0.6513671875 0.36075947265625 0.6513671875
52 0.429921109375 0.6513671875 0.379772333984375 0.71437529296875 0.4407346875 0.738374001953125 0.510544966796875 0.6513671875 0.429921109375 0.6513671875
38 0.49976926171875 0.6513671875 0.432132681640625 0.74135875 0.493262345703125 0.7673335390625 0.58189723046875 0.6513671875 0.49976926171875 0.6513671875
6 0.589142341796875 0.6513671875 0.513115185546875 0.763999873046875 0.568606994140625 0.785336875 0.6748451484375 0.6513671875 0.589142341796875 0.6513671875
4 0.666915123046875 0.834784185546875 0.77356855859375 0.693944970703125 0.72282633984375 0.67579832421875 0.61798048828125 0.816743734375 0.666915123046875 0.834784185546875