22 0.506808767578125 0.535616412109375 0.491577111328125 0.2335293203125 0.31062187109375 0.245421537109375 0.33231651171875 0.538112341796875 0.506808767578125 0.535616412109375
16 0.3487393828125 0.249642166015625 0.188159509765625 0.256900189453125 0.227144560546875 0.544152068359375 0.376176248046875 0.537736939453125 0.3487393828125 0.249642166015625
6 0.211872119140625 0.54178718359375 0.168125482421875 0.260745390625 0.01618605859375 0.279427337890625 0.076375705078125 0.550322126953125 0.211872119140625 0.54178718359375
5 0 0.56653231640625 0.10933312890625 0.55870758984375 0.032784455078125 0.279231015625 0 0.281014205078125 0 0.56653231640625
24 0.572265625 0.222613361328125 0.450341923828125 0.2306492265625 0.468768283203125 0.528273123046875 0.572265625 0.52554165625 0.572265625 0.222613361328125
30 1 0.171530970703125 0.91114333984375 0.176552626953125 0.967448861328125 0.4848958671875 1 0.48883036328125 1 0.171530970703125
27 0.988937416015625 0.48796473046875 0.94114179296875 0.1753771484375 0.82585624609375 0.17356655078125 0.85768520703125 0.484462791015625 0.988937416015625 0.48796473046875
12 0.89313626171875 0.480581611328125 0.855584080078125 0.17414580859375 0.73350758984375 0.190907734375 0.777280072265625 0.484332759765625 0.89313626171875 0.480581611328125
5 0.77685706640625 0.49165927734375 0.744006896484375 0.19439062890625 0.621857556640625 0.192875171875 0.66078133203125 0.492530810546875 0.77685706640625 0.49165927734375
5 0.69415913671875 0.498146123046875 0.650270197265625 0.196097947265625 0.541984177734375 0.19498328515625 0.56795725390625 0.4954380234375 0.69415913671875 0.498146123046875
7 0.525390625 0.500108009765625 0.600005755859375 0.501605849609375 0.571712609375 0.205827775390625 0.525390625 0.20684688671875 0.525390625 0.500108009765625
19 0.48396301171875 1 0.480124587890625 0.965443939453125 0.40928934375 0.966681275390625 0.41200257421875 1 0.48396301171875 1
28 0.45618493359375 1 0.453568212890625 0.967204712890625 0.38229543359375 0.969466369140625 0.384098361328125 1 0.45618493359375 1
10 0.426635908203125 1 0.4224370625 0.969201013671875 0.35618038671875 0.969541115234375 0.35671636328125 1 0.426635908203125 1
8 0.388690021484375 1 0.385533890625 0.971941486328125 0.31597623046875 0.9745784765625 0.31759309765625 1 0.388690021484375 1
3 0.36086549609375 1 0.358715474609375 0.974272509765625 0.28745356640625 0.976577193359375 0.28850665625 1 0.36086549609375 1
1 0.330605201171875 1 0.329038373046875 0.977388484375 0.2620266484375 0.98067167578125 0.2628291171875 1 0.330605201171875 1
14 0.982421875 0.73828125 0.03515625 0.12109375
29 0.9609375 0.7421875 0.078125 0.1171875
3 0.9080512152777778 0.7504267939814815 0.10078125000000004 0.11365740740740726
3 0.8620081018518518 0.7556495949074074 0.10486111111111107 0.11954571759259247
7 0.8169126157407407 0.761841724537037 0.10296585648148149 0.12148437500000009