29 0.296875 0.0400390625 0.12109375 0.076171875
35 0.3759765625 0.0322265625 0.173828125 0.060546875
24 0.4833984375 0.0283203125 0.177734375 0.052734375
29 0.3472077546296296 0.3514322916666667 0.17304687500000004 0.2080295138888888
35 0.45191695601851856 0.33756510416666674 0.17294560185185182 0.20607638888888902
24 0.5537471064814815 0.3246527777777777 0.17078993055555558 0.2021556712962962
5 0.7000940393518518 0.3042607060185185 0.17449363425925934 0.1982783564814814
8 0.8042317708333333 0.2981987847222223 0.17149884259259274 0.2158275462962962
8 0.9047815393518519 0.279419849537037 0.16523437499999982 0.2079716435185186
12 0.20031631640625 0.807104353515625 0.227340552734375 0.802182318359375 0.195523529296875 0.7636898359375 0.1687231640625 0.7684495546875 0.20031631640625 0.807104353515625
32 0.217449802734375 0.800525345703125 0.239020228515625 0.7971051875 0.21185334375 0.757948078125 0.183261318359375 0.7628834296875 0.217449802734375 0.800525345703125
27 0.226434076171875 0.795730791015625 0.254029017578125 0.79025658203125 0.221931986328125 0.753391400390625 0.197319921875 0.7580699375 0.226434076171875 0.795730791015625
4 0.263671875 0.78459234375 0.263671875 0.76400557421875 0.244393451171875 0.7456421484375 0.218396794921875 0.74866823046875 0.24548303515625 0.78716090625 0.263671875 0.78459234375
22 0.3003156015625 0.53125 0.354908744140625 0.696668052734375 0.47895753515625 0.66680351171875 0.433630962890625 0.53125 0.3003156015625 0.53125
23 0.41477335546875 0.53125 0.46055253515625 0.66471323046875 0.581746376953125 0.633861146484375 0.546747076171875 0.53125 0.41477335546875 0.53125
10 0.52646834375 0.53125 0.55628471875 0.636944521484375 0.686688943359375 0.603074642578125 0.64654905859375 0.53125 0.52646834375 0.53125
5 0.679500462890625 0.53125 0.70612886328125 0.597777953125 0.828455056640625 0.56634415234375 0.814680298828125 0.53125 0.679500462890625 0.53125