29 0.1728515625 0.2548828125 0.05859375 0.083984375
21 0.201171875 0.2587890625 0.05859375 0.0859375
10 0.232421875 0.265625 0.05859375 0.0859375
7 0.271484375 0.2705078125 0.060546875 0.0859375
1 0.2998046875 0.2744140625 0.056640625 0.083984375
2 0.3291015625 0.2802734375 0.0625 0.087890625
28 0.68356887890625 0.178514634765625 0.71276771875 0.172937390625 0.702767591796875 0.141154021484375 0.674626677734375 0.14535232421875 0.68356887890625 0.178514634765625
15 0.7236355703125 0.171413935546875 0.722425669921875 0.13855073046875 0.68969395703125 0.141605736328125 0.69813434765625 0.1746758671875 0.7236355703125 0.171413935546875
29 0.74132071484375 0.167510970703125 0.734900775390625 0.135392873046875 0.70402322265625 0.138779263671875 0.711998306640625 0.17117616015625 0.74132071484375 0.167510970703125
2 0.7661548515625 0.16326275 0.755181783203125 0.132362744140625 0.727557419921875 0.134401775390625 0.734259798828125 0.166808708984375 0.7661548515625 0.16326275
5 0.742613837890625 0.13153214453125 0.75257229296875 0.164225607421875 0.77983394140625 0.160377205078125 0.771275859375 0.1290609375 0.742613837890625 0.13153214453125
13 0.79564140234375 0.1569560078125 0.7863945859375 0.12731569140625 0.7571354921875 0.128291732421875 0.765231462890625 0.16276623828125 0.79564140234375 0.1569560078125
22 0.184111439453125 0.5361328125 0.177269375 0.618279740234375 0.2649701015625 0.62339075390625 0.268091720703125 0.5361328125 0.184111439453125 0.5361328125
23 0.253515685546875 0.5361328125 0.248628837890625 0.62276801171875 0.3288682734375 0.625190634765625 0.337731412109375 0.5361328125 0.253515685546875 0.5361328125
10 0.33089549609375 0.5361328125 0.314024009765625 0.6230000078125 0.401187509765625 0.62485847265625 0.390901373046875 0.5361328125 0.33089549609375 0.5361328125
5 0.483635685546875 0.622009357421875 0.491110171875 0.5361328125 0.408821345703125 0.5361328125 0.406363009765625 0.58294003515625 0.412643001953125 0.620795587890625 0.453962328125 0.62775423828125 0.483635685546875 0.622009357421875
26 0.50253026171875 1 0.560329015625 0.727762427734375 0.478515625 0.717635697265625 0.478515625 0.999126498046875 0.4865115859375 1 0.50253026171875 1
4 0.67105275390625 1 0.718256548828125 0.752239533203125 0.60022423046875 0.73868065234375 0.54552287890625 1 0.67105275390625 1
4 0.7845029296875 1 0.835483626953125 0.7754966953125 0.7065104375 0.753773974609375 0.661179783203125 1 0.7845029296875 1
7 0.892070603515625 1 0.958463107421875 0.809775830078125 0.83130755078125 0.782938150390625 0.781868060546875 1 0.892070603515625 1