6 0 0.38172441015625 0.08191530078125 0.39285484765625 0.11308127734375 0.20145263671875 0 0.18483645703125 0 0.38172441015625
5 0.0926226484375 0.39762732421875 0.2145191015625 0.43634970703125 0.263700470703125 0.225030431640625 0.125138431640625 0.2010250390625 0.0926226484375 0.39762732421875
35 0.5832574453125 0.331376396484375 0.6600429921875 0.348744935546875 0.696481556640625 0.18100569921875 0.6191530703125 0.166637265625 0.5832574453125 0.331376396484375
10 0.72343353125 0.36117533984375 0.744413734375 0.191651169921875 0.692167216796875 0.182245978515625 0.654100822265625 0.3468851328125 0.72343353125 0.36117533984375
25 0.719623912109375 0.362226619140625 0.776242234375 0.37330605078125 0.817881169921875 0.264880265625 0.82714283203125 0.209263205078125 0.74825936328125 0.19550871875 0.719623912109375 0.362226619140625
6 0.81311280078125 0.37936650390625 0.889169330078125 0.392725767578125 0.92336509765625 0.228429896484375 0.853246177734375 0.2159916484375 0.850837453125 0.21484678125 0.81311280078125 0.37936650390625
1 0.9561931328125 0.4087741875 0.97349823046875 0.2348362734375 0.918514861328125 0.2304148046875 0.883213609375 0.3947073203125 0.9561931328125 0.4087741875
1 1 0.237731759765625 0.991545029296875 0.235580052734375 0.99563911328125 0.23689740234375 0.983176263671875 0.233687048828125 0.9508467265625 0.411204833984375 1 0.419263783203125 1 0.237731759765625
13 0.24858208984375 0.5087890625 0.177451220703125 0.5087890625 0.17075893359375 0.59811798828125 0.172054892578125 0.598702673828125 0.242737423828125 0.602043294921875 0.24858208984375 0.5087890625
31 0.238993634765625 0.5087890625 0.23337124609375 0.605586634765625 0.290623287109375 0.6120130703125 0.309336478515625 0.5087890625 0.238993634765625 0.5087890625
13 0.30018893359375 0.5087890625 0.28307221484375 0.611591771484375 0.353791533203125 0.619080560546875 0.369582166015625 0.5087890625 0.30018893359375 0.5087890625
1 0.4052734375 0.5087890625 0.395829208984375 0.5087890625 0.368029091796875 0.62694667578125 0.4052734375 0.631149173828125 0.4052734375 0.5087890625
33 0.5988498263888888 0.8522352430555555 0.06409143518518512 0.10008680555555571
19 0.63671875 0.8600694444444444 0.06799768518518512 0.10028935185185195
10 0.6736472800925926 0.8668764467592592 0.06192129629629628 0.09412615740740748
3 0.7260199652777778 0.8793764467592593 0.0659722222222221 0.09823495370370372
2 0.7638888888888888 0.8872106481481481 0.06409143518518512 0.10008680555555571
2 0.8008174189814814 0.894017650462963 0.06401909722222232 0.09813368055555549