30 0.06953125000000004 0.5315899884259259 0.06562500000000004 0.10664062499999982
10 0.11043113425925921 0.5301142939814815 0.06367187500000004 0.10652488425925921
26 0.15325520833333328 0.5277777777777778 0.06562500000000004 0.10664062500000004
6 0.20969328703703705 0.5242983217592593 0.06562500000000004 0.10664062500000004
2 0.25159866898148153 0.5238570601851852 0.06568287037037024 0.10859375000000004
9 0.2933883101851852 0.5195095486111111 0.06372974537037046 0.10847800925925921
10 0.6220703125 0.3955078125 0.14453125 0.2109375
36 0.720703125 0.388671875 0.142578125 0.197265625
6 0.8583984375 0.38671875 0.14453125 0.193359375
1 0.94140625 0.384765625 0.1171875 0.19140625
27 0.525390625 0.3994140625 0.146484375 0.21875