11 0.12120509765625 0.530563498046875 0.247100244140625 0.545062162109375 0.299611765625 0.25062481640625 0.164652099609375 0.23757520703125 0.12120509765625 0.530563498046875
29 0.3414424189814815 0.41053240740740743 0.20429687500000004 0.31912615740740746
23 0.470703125 0.4248046875 0.189453125 0.306640625
29 0.5888671875 0.35871841796875 0.64148283203125 0.365779486328125 0.70936595703125 0.059136828125 0.5888671875 0.04365672265625 0.5888671875 0.35871841796875
20 0.773149916015625 0.3815013125 0.837175033203125 0.071453791015625 0.70285946875 0.05402862890625 0.64741397265625 0.368311419921875 0.773149916015625 0.3815013125
19 0.89246741015625 0.39386466796875 0.96074599609375 0.097319283203125 0.84068601171875 0.07365418359375 0.77190318359375 0.385780916015625 0.89246741015625 0.39386466796875
2 1 0.1278042421875 0.933582142578125 0.406475375 1 0.41472015625 1 0.1278042421875
41 0.24019409765625 0.578125 0.14344983203125 0.578125 0.123247482421875 0.66365358984375 0.4789630078125 0.79737213671875 0.497298390625 0.684295103515625 0.24019409765625 0.578125
23 0.461412904296875 0.933784765625 0.496632234375 0.80235051171875 0.132412619140625 0.66089875390625 0.09373838671875 0.798102060546875 0.461412904296875 0.933784765625
39 0.446290671875 1 0.45499346875 0.92637891015625 0.09991977734375 0.799084140625 0.067285623046875 0.937269525390625 0.27376337890625 1 0.446290671875 1
2 0.6513671875 0.9033203125 0.125 0.193359375
6 0.7216796875 0.9150390625 0.23046875 0.169921875
3 0.8486328125 0.9287109375 0.23046875 0.142578125