28 0.02684011328125 0.4221054453125 0.090564466796875 0.423597158203125 0.08322694140625 0.309045423828125 0.020102724609375 0.30810394140625 0.02684011328125 0.4221054453125
27 0.142720810546875 0.429297279296875 0.136329619140625 0.309706615234375 0.074047912109375 0.30936658203125 0.076644197265625 0.428155037109375 0.142720810546875 0.429297279296875
24 0.19499141796875 0.432956787109375 0.191271541015625 0.3120183359375 0.12543575390625 0.31037488671875 0.12919069921875 0.430811146484375 0.19499141796875 0.432956787109375
2 0.2014048046875 0.4359687890625 0.268182376953125 0.439724447265625 0.262072376953125 0.316520619140625 0.1978003828125 0.313469404296875 0.2014048046875 0.4359687890625
8 0.2634684609375 0.440426365234375 0.322014947265625 0.44302630078125 0.31502630859375 0.32330415234375 0.25157815625 0.317791798828125 0.2634684609375 0.440426365234375
2 0.31163067578125 0.442828673828125 0.378406419921875 0.4465826484375 0.375332359375 0.32563911328125 0.308024423828125 0.320327603515625 0.31163067578125 0.442828673828125
24 0.4638671875 0.4580078125 0.04296875 0.1875
9 0.5293402777777778 0.4716652199074074 0.09259259259259256 0.18585069444444446
3 0.5948857060185185 0.4814163773148148 0.09856770833333339 0.1938368055555555
0 0.6611328125 0.498046875 0.09375 0.181640625
36 0.5677300347222223 0.7204861111111112 0.04395254629629619 0.06532118055555536
31 0.5383897569444445 0.7166883680555556 0.04596354166666661 0.06928530092592577
3 0.6019965277777778 0.7273582175925926 0.05190972222222223 0.07531828703703702
2 0.6294126157407407 0.7330512152777777 0.049898726851851816 0.07135416666666661
5 0.6548611111111111 0.7377097800925927 0.047945601851851816 0.07129629629629619
7 0.6822771990740741 0.7434027777777777 0.0439814814814814 0.06727430555555558
20 0.98046875 0.7705078125 0.0390625 0.060546875
1 0.9295355902777778 0.631640625 0.0537471064814814 0.06756365740740744
9 0.9579137731481482 0.6363859953703703 0.055787037037037024 0.07348090277777786