22 0.8681640625 0.0927734375 0.212890625 0.185546875
10 0.732421875 0.109375 0.1953125 0.21875
20 0.6083984375 0.1259765625 0.216796875 0.251953125
2 0.4541015625 0.1416015625 0.154296875 0.283203125
12 0.16535011574074077 0.8128616898148148 0.1582320601851852 0.27322048611111116
50 0.07950665509259258 0.8223741319444444 0.1504050925925926 0.2709780092592593
52 0.0341796875 0.82421875 0.068359375 0.28125
17 0.796777875 0.472085587890625 0.792634048828125 0.38971398046875 0.7606158671875 0.39820553125 0.76874883203125 0.4847564765625 0.796777875 0.472085587890625
34 0.771399994140625 0.489093306640625 0.76449871484375 0.402362896484375 0.73102553515625 0.41408398046875 0.75002541796875 0.497560904296875 0.771399994140625 0.489093306640625
19 0.75155315234375 0.498722740234375 0.73370709765625 0.415112958984375 0.703451861328125 0.42587310546875 0.715866021484375 0.515699333984375 0.75155315234375 0.498722740234375
0 0.71004503515625 0.519367435546875 0.6982422890625 0.433441595703125 0.6631602421875 0.446036830078125 0.6781644765625 0.5357173828125 0.71004503515625 0.519367435546875
5 0.681641275390625 0.53584023046875 0.667681240234375 0.44894303125 0.631053703125 0.46129076171875 0.64646806640625 0.556762013671875 0.681641275390625 0.53584023046875
5 0.650147248046875 0.55632557421875 0.63335005078125 0.46107831640625 0.599633169921875 0.472420578125 0.613604146484375 0.5702615703125 0.650147248046875 0.55632557421875