23 0.4658203125 0.308376546875 0.41052965234375 0.308721451171875 0.4629725703125 0.4261716953125 0.4658203125 0.426071802734375 0.4658203125 0.308376546875
20 0.407567193359375 0.37054389453125 0.396770412109375 0.427783927734375 0.463705353515625 0.423378822265625 0.4332044296875 0.3083907578125 0.431869158203125 0.307736630859375 0.366690458984375 0.315567337890625 0.407567193359375 0.37054389453125
0 0.378770044921875 0.31625291015625 0.378631958984375 0.315864451171875 0.30822502734375 0.316519017578125 0.33633729296875 0.430305646484375 0.402545158203125 0.42729284765625 0.378770044921875 0.31625291015625
2 0.357459412109375 0.429553154296875 0.3287152109375 0.317264794921875 0.2621016171875 0.32115684375 0.287674234375 0.438634490234375 0.357459412109375 0.429553154296875
8 0.3109158671875 0.43696036328125 0.28233190234375 0.320877638671875 0.21998943359375 0.32410654296875 0.251889634765625 0.44143662890625 0.3109158671875 0.43696036328125
31 0.919921875 0.1923828125 0.16015625 0.376953125
34 0.8322554976851853 0.2129267939814815 0.2599247685185184 0.38259548611111116
0 0.62890625 0.251953125 0.267578125 0.384765625
0 0.529296875 0.26171875 0.193359375 0.365234375
1 0.433704908203125 0.67282136328125 0.3109655546875 0.682260412109375 0.345447599609375 0.9920773359375 0.46537401953125 0.979810376953125 0.433704908203125 0.67282136328125
2 0.361040708984375 1 0.331053193359375 0.687825833984375 0.177092904296875 0.705367849609375 0.214635109375 1 0.361040708984375 1
42 0.1908015234375 1 0.1755710390625 0.711491080078125 0.17872536328125 0.70947298046875 0.019460017578125 0.724220818359375 0.05693280859375 1 0.1908015234375 1
20 0 1 0.0662321171875 1 0.02566975 0.723872349609375 0 0.725996052734375 0 1
33 0.7714554398148148 0.8642939814814815 0.09172453703703698 0.109375
19 0.7348668981481481 0.8717086226851851 0.0956307870370372 0.10951967592592604
10 0.6982204861111112 0.8781467013888888 0.0894241898148147 0.1034432870370372
3 0.647214988425926 0.8889250578703703 0.09356192129629637 0.10749421296296302
2 0.6106264467592593 0.8963396990740741 0.09172453703703698 0.109375
2 0.5739221643518518 0.9018012152777778 0.09160879629629637 0.107421875