33 1 0.303003984375 0.964861666015625 0.17530911328125 0.80861524609375 0.206521474609375 0.90978921484375 0.550090927734375 1 0.5341619453125 1 0.303003984375
20 0.825697861328125 0.207431396484375 0.672786505859375 0.236053943359375 0.78666210546875 0.400019087890625 0.764161119140625 0.577437021484375 0.920139623046875 0.545801603515625 0.825697861328125 0.207431396484375
12 0.782618404296875 0.58373521875 0.6908860234375 0.2368455234375 0.5422425546875 0.2540547265625 0.631954046875 0.609345794921875 0.782618404296875 0.58373521875
5 0.48046875 0.6181640625 0.603345068359375 0.6181640625 0.491931837890625 0.26949540625 0.48046875 0.270896115234375 0.48046875 0.6181640625
43 0.37569444444444444 0.853515625 0.10815972222222214 0.109375
9 0.26143663194444444 0.853515625 0.1059751157407407 0.10546875
9 0.21174768518518516 0.85546875 0.10815972222222214 0.109375
7 0.16349103009259258 0.8486328125 0.10574363425925926 0.1015625
31 0.4286024305555556 0.8564453125 0.11436631944444442 0.115234375
42 0.32393663194444444 0.853515625 0.1098813657407407 0.10546875
8 0.982421875 0.720703125 0.03515625 0.1328125
0 0.9609375 0.720703125 0.078125 0.125
5 0.9297309027777778 0.7216796875 0.10345775462962958 0.12890625