27 0.09994212962962962 0.23328993055555558 0.05914351851851851 0.08774594907407407
11 0.13176359953703703 0.23990885416666669 0.059042245370370394 0.08579282407407407
14 0.16456163194444445 0.24649160879629628 0.060995370370370394 0.08586516203703698
3 0.2090277777777778 0.25361689814814814 0.06079282407407405 0.08195891203703698
6 0.2407479745370371 0.26218894675925924 0.059042245370370505 0.08579282407407407
7 0.2735966435185184 0.26779513888888884 0.060995370370370505 0.08586516203703698
19 0.383939677734375 0.71043921875 0.403867671875 0.642819423828125 0.374439701171875 0.639307345703125 0.353536751953125 0.7065446953125 0.383939677734375 0.71043921875
28 0.411344666015625 0.713278373046875 0.4298866875 0.647923822265625 0.400929873046875 0.64365944921875 0.381442125 0.709726296875 0.411344666015625 0.713278373046875
10 0.4373794921875 0.719997705078125 0.4554962578125 0.65088457421875 0.430212205078125 0.64848168359375 0.4089210078125 0.714429318359375 0.4373794921875 0.719997705078125
8 0.475284353515625 0.7246864765625 0.49410253515625 0.65914611328125 0.466574806640625 0.654791044921875 0.446122158203125 0.71989321875 0.475284353515625 0.7246864765625
3 0.503751212890625 0.7286452734375 0.521740986328125 0.663880439453125 0.493054373046875 0.659725857421875 0.473661919921875 0.72437906640625 0.503751212890625 0.7286452734375
1 0.5283152890625 0.733281955078125 0.54595781640625 0.670006837890625 0.522122005859375 0.665673134765625 0.5034363125 0.72930287890625 0.5283152890625 0.733281955078125
44 0.839966724537037 0.6672815393518519 0.12670717592592595 0.18771701388888884
44 0.771484375 0.66015625 0.130859375 0.18359375
44 0.7373046875 0.65625 0.0625 0.17578125