27 0.1637282890625 0.258487052734375 0.211000294921875 0.26301015234375 0.2099060703125 0.181893232421875 0.165058171875 0.175888546875 0.1637282890625 0.258487052734375
11 0.2422385703125 0.265865654296875 0.24351087109375 0.189776560546875 0.19933112890625 0.183030984375 0.1985202265625 0.182959146484375 0.19851700390625 0.183242029296875 0.19762438671875 0.261630103515625 0.2422385703125 0.265865654296875
14 0.23236380078125 0.266013798828125 0.2804920078125 0.27036176953125 0.269418849609375 0.228003291015625 0.280187203125 0.19073285546875 0.233235958984375 0.18790860546875 0.23236380078125 0.266013798828125
3 0.32286723046875 0.270977146484375 0.325267439453125 0.196127341796875 0.2757046796875 0.1930157421875 0.27877535546875 0.2714803203125 0.32286723046875 0.270977146484375
6 0.359092572265625 0.279430708984375 0.356792359375 0.20103796875 0.31562891796875 0.19616792578125 0.310401857421875 0.27416225 0.359092572265625 0.279430708984375
7 0.38397669921875 0.284825931640625 0.3913237109375 0.20531390625 0.344622564453125 0.200862841796875 0.35015585546875 0.281807552734375 0.38397669921875 0.284825931640625
4 0.72265625 0.072265625 0.083984375 0.14453125
1 0.6796875 0.0654296875 0.056640625 0.130859375
3 0.7782552083333334 0.080078125 0.08029513888888884 0.14120370370370372
44 0.5771484375 0.970703125 0.1171875 0.05859375
0 0.490234375 0.96875 0.115234375 0.0625
36 0.2900390625 0.9560546875 0.12109375 0.087890625
48 0.37890625 0.9619140625 0.115234375 0.076171875
12 0.2109375 0.9541015625 0.115234375 0.091796875