23 0.913328126953125 0.337026703125 0.90715237890625 0.271226501953125 0.837097775390625 0.271648126953125 0.8436205234375 0.338199154296875 0.913328126953125 0.337026703125
23 0.94671302734375 0.336561134765625 0.9412066484375 0.271652888671875 0.8709460078125 0.271457431640625 0.876505365234375 0.3377352109375 0.94671302734375 0.336561134765625
35 0.980084876953125 0.337081244140625 0.975656677734375 0.272634615234375 0.904571916015625 0.271941509765625 0.910003779296875 0.337110458984375 0.980084876953125 0.337081244140625
2 1 0.27319989453125 0.95339441796875 0.272556462890625 0.957263984375 0.33748450390625 1 0.3379857109375 1 0.27319989453125
19 0.0710720486111111 0.4970703125 0.09989872685185186 0.12109375
26 0.1181640625 0.5029296875 0.09801793981481477 0.123046875
21 0.16739004629629628 0.513671875 0.10423900462962954 0.1328125
5 0.24287471064814814 0.521484375 0.10416666666666674 0.130859375
4 0.2939091435185186 0.5283203125 0.10394965277777768 0.125
6 0.3470413773148149 0.5390625 0.10778356481481488 0.123046875
21 0.5966796875 0.5078125 0.13671875 0.28515625
2 0.7397641782407407 0.5224609375 0.18055555555555536 0.294921875
1 0.8503689236111112 0.529296875 0.16673900462962976 0.291015625
0 0.9375 0.5419921875 0.125 0.283203125