19 0.044921875 0.1142578125 0.08984375 0.228515625
33 0.1025390625 0.1123046875 0.205078125 0.224609375
31 0.2109375 0.1015625 0.2109375 0.203125
3 0.3896484375 0.0927734375 0.201171875 0.185546875
2 0.4619140625 0.078125 0.142578125 0.15625
24 0.832725599609375 0.4208984375 0.790535603515625 0.392926220703125 0.734041927734375 0.420043265625 0.73563899609375 0.4208984375 0.832725599609375 0.4208984375
15 0.805020275390625 0.4208984375 0.861549404296875 0.4208984375 0.868720271484375 0.41568591015625 0.8068400703125 0.36707901171875 0.760936966796875 0.39047557421875 0.805020275390625 0.4208984375
8 0.904577056640625 0.379113802734375 0.8386880390625 0.335786810546875 0.7986091328125 0.353481990234375 0.865573994140625 0.402925123046875 0.904577056640625 0.379113802734375
0 0.924322896484375 0.36026890234375 0.859328107421875 0.311769529296875 0.821017609375 0.33205463671875 0.886315640625 0.3814900078125 0.924322896484375 0.36026890234375
17 0.94266890625 0.33959813671875 0.8815365 0.290015259765625 0.841482294921875 0.31113873828125 0.9060578828125 0.360297125 0.94266890625 0.33959813671875
31 0.0322265625 0.7763671875 0.064453125 0.205078125
22 0.0703125 0.76953125 0.140625 0.20703125
11 0.13793402777777775 0.7643663194444444 0.1498697916666667 0.20057870370370368
5 0.24717881944444442 0.7524594907407407 0.1518229166666667 0.2006799768518519
0 0.3222728587962963 0.7426866319444445 0.1537905092592593 0.2027343749999999
2 0.398365162037037 0.7358940972222223 0.15379050925925908 0.2027343749999999
9 0.5957537615740741 0.9020905671296295 0.07640335648148144 0.03472222222222232
7 0.6201533564814815 0.9014033564814814 0.07640335648148144 0.03472222222222232
3 0.6464916087962963 0.8988642939814815 0.07640335648148144 0.03472222222222232
19 0.5185546875 0.908203125 0.064453125 0.033203125
24 0.5381944444444444 0.9069155092592593 0.07640335648148144 0.03472222222222232
21 0.5625795717592592 0.9042751736111112 0.07640335648148144 0.03472222222222232