12 0.57421875 0.166015625 0.20703125 0.33203125
35 0.462890625 0.166015625 0.26171875 0.33203125
27 0.328125 0.1640625 0.25 0.328125
2 0.140625 0.15234375 0.26171875 0.3046875
6 0.064453125 0.13671875 0.12890625 0.2734375
18 0.5488064236111112 0.5708405671296296 0.1148148148148147 0.1523582175925926
33 0.49293981481481475 0.5652850115740741 0.12242476851851869 0.14868344907407405
14 0.43198784722222217 0.5556785300925926 0.1205729166666667 0.15057870370370363
1 0.3556640625 0.5504918981481481 0.11451099537037035 0.1464988425925926
3 0.2977430555555556 0.5429253472222222 0.12458043981481481 0.15264756944444446
7 0.237767650462963 0.5333478009259259 0.11646412037037046 0.14655671296296302
13 0.943789986328125 0.658540001953125 0.9783233515625 0.52055080859375 0.876200421875 0.512430609375 0.8507016484375 0.64582180078125 0.943789986328125 0.658540001953125
10 0.88331055078125 0.65176911328125 0.897490630859375 0.509978462890625 0.81550541796875 0.499045623046875 0.78392141796875 0.63772827734375 0.88331055078125 0.65176911328125
10 0.819376986328125 0.6404831171875 0.834834384765625 0.49939376953125 0.75758746484375 0.489888095703125 0.717754623046875 0.62689768359375 0.819376986328125 0.6404831171875
6 0.6376953125 0.615086298828125 0.7288584921875 0.6253205078125 0.746616388671875 0.48308441015625 0.6376953125 0.4705609140625 0.6376953125 0.615086298828125