19 0.02734375 0.57421875 0.0546875 0.0625
23 0.0166015625 0.568359375 0.033203125 0.0625
35 0.9067563657407407 0.4580946180555556 0.1153067129629628 0.1391493055555557
16 0.8550347222222222 0.44598524305555554 0.11096643518518512 0.13317418981481488
24 0.8014322916666666 0.4329571759259259 0.11111111111111116 0.13512731481481477
4 0.7294921875 0.4175491898148148 0.10915798611111116 0.13506944444444446
4 0.6767216435185185 0.40644531250000004 0.10915798611111116 0.13506944444444446
4 0.6238064236111112 0.39729456018518516 0.11111111111111116 0.13512731481481488
2 0.54437188671875 1 0.55650444921875 0.967773279296875 0.48557064453125 0.934819234375 0.458096501953125 1 0.54437188671875 1
0 0.472178822265625 1 0.5030168359375 0.927460041015625 0.43640003515625 0.894761349609375 0.397636634765625 1 0.472178822265625 1
2 0.40955248828125 1 0.449042833984375 0.893592009765625 0.386315625 0.856366720703125 0.3332573671875 1 0.40955248828125 1