32 0.4378906250000001 0.27506510416666663 0.11783854166666652 0.240234375
32 0.357421875 0.26093750000000004 0.11909722222222219 0.22473958333333321
10 0.2749565972222222 0.24570312500000002 0.10933159722222219 0.2240885416666667
4 0.16710069444444442 0.22877604166666665 0.10329861111111116 0.2197916666666666
8 0.09062499999999996 0.2168619791666666 0.11688368055555554 0.21875
4 0.0322265625 0.2041015625 0.064453125 0.220703125
28 0.9674262152777778 0.5533203125 0.04878472222222219 0.04479166666666656
15 0.9430555555555555 0.5526692708333334 0.04487847222222219 0.04453124999999991
29 0.9195746527777777 0.5501302083333333 0.04487847222222219 0.04453124999999991
2 0.8834852430555555 0.5486979166666667 0.04691840277777781 0.04661458333333335
5 0.8580946180555555 0.5470052083333333 0.04691840277777781 0.04661458333333335
13 0.8347005208333333 0.5464192708333333 0.04691840277777781 0.04661458333333335