1 0.23828125 0.4150390625 0.1796875 0.048828125
2 0.36328125 0.4091796875 0.1875 0.060546875
3 0.48046875 0.4033203125 0.17578125 0.072265625
27 0.708306130859375 0 0.68647026171875 0.049331458984375 0.824368091796875 0.108735689453125 0.8708918203125 0 0.708306130859375 0
22 0.858083884765625 0 0.80950334375 0.107045103515625 0.940822853515625 0.168583640625 1 0.0574588359375 1 0 0.858083884765625 0
35 0.3050130208333333 0.740234375 0.06809895833333335 0.083984375
27 0.3409505208333333 0.7373046875 0.06822916666666667 0.0859375
22 0.37578124999999996 0.732421875 0.06614583333333335 0.083984375
4 0.4233072916666667 0.7275390625 0.06822916666666679 0.0859375
0 0.45826822916666665 0.724609375 0.06822916666666679 0.0859375
8 0.4942057291666666 0.7216796875 0.068359375 0.087890625
37 0.548828125 0.439453125 0.548828125 0.836560599609375 0.646345451171875 0.84764454296875 0.65548114453125 0.439453125 0.548828125 0.439453125
8 0.6585506015625 0.439453125 0.6868030859375 0.85942428125 0.82900062109375 0.877903189453125 0.815826533203125 0.439453125 0.6585506015625 0.439453125
8 0.80256805078125 0.439453125 0.822034203125 0.873301021484375 0.9712127890625 0.89494691796875 0.956736978515625 0.439453125 0.80256805078125 0.439453125
9 1 0.4574182421875 0.91449000390625 0.4511448984375 0.94566989453125 0.897885861328125 1 0.904682841796875 1 0.4574182421875