10 0.1005859375 0.2138671875 0.166015625 0.29296875
10 0.1875 0.203125 0.171875 0.314453125
10 0.275390625 0.2021484375 0.16796875 0.31640625
10 0.41134259259259265 0.19707031249999996 0.1539062499999999 0.32643229166666665
2 0.49481336805555554 0.1869791666666667 0.1675202546296295 0.3253906249999998
3 0.548828125 0.1787109375 0.10546875 0.32421875
22 0 0.7174966796875 0.093343201171875 0.709138951171875 0.044720732421875 0.454718736328125 0 0.46289198828125 0 0.7174966796875
10 0.194788140625 0.689280810546875 0.113787720703125 0.45286721875 0.03939245703125 0.45687391796875 0.0716563046875 0.703715990234375 0.194788140625 0.689280810546875
7 0.1699044921875 0.4416283984375 0.2392741875 0.683866638671875 0.29456555859375 0.67177846875 0.306207171875 0.43262528515625 0.1699044921875 0.4416283984375
8 0.42411442578125 0.656153412109375 0.387227173828125 0.427759248046875 0.28830791015625 0.4308815078125 0.292199216796875 0.66286580859375 0.42411442578125 0.656153412109375
4 0.519772787109375 0.636279662109375 0.485853240234375 0.406019373046875 0.3733288671875 0.4258165390625 0.411520201171875 0.6568586171875 0.519772787109375 0.636279662109375
12 0.646484375 0.6748046875 0.13671875 0.265625
6 0.7690321180555556 0.6567057291666667 0.17411747685185186 0.28489583333333335
1 0.8552879050925926 0.6516927083333334 0.14814814814814814 0.263671875
7 0.93359375 0.6357421875 0.1328125 0.275390625