5 0.07855902777777779 0.19855324074074077 0.1395833333333334 0.20570023148148153
8 0.18404224537037028 0.20577980324074074 0.13967013888888902 0.21155960648148142
8 0.2876157407407407 0.2158203125 0.13171296296296298 0.20133101851851853
0 0.78129594140625 0.4326171875 0.777591890625 0.37427693359375 0.699058853515625 0.389205076171875 0.7035546328125 0.4326171875 0.78129594140625 0.4326171875
0 0.83082477734375 0.4326171875 0.8272983828125 0.361321228515625 0.751634080078125 0.365998388671875 0.756157734375 0.4326171875 0.83082477734375 0.4326171875
5 0.8744287578125 0.4326171875 0.880002578125 0.336860017578125 0.802283181640625 0.354321173828125 0.80346867578125 0.4326171875 0.8744287578125 0.4326171875
20 0.03125 0.775390625 0.0625 0.3203125
0 0.17056568287037033 0.7784866898148148 0.17245370370370372 0.3169270833333333
1 0.3053023726851851 0.7845196759259259 0.17854456018518539 0.3328993055555556
4 0.4248046875 0.78515625 0.134765625 0.341796875
19 0.494140625 0.638671875 0.05859375 0.130859375
8 0.5720558449074074 0.645630787037037 0.09554398148148158 0.1308883101851852
7 0.6863572578125 0.71340159375 0.698307861328125 0.591575318359375 0.602431197265625 0.587888662109375 0.607220619140625 0.71178073828125 0.6863572578125 0.71340159375
0 0.748234193359375 0.719786482421875 0.77235063671875 0.6020717734375 0.67851266796875 0.588669515625 0.661204712890625 0.71347916015625 0.748234193359375 0.719786482421875