19 0.2763671875 0.2197265625 0.09765625 0.2958984375
20 0.3740234375 0.2294921875 0.095703125 0.30859375
34 0.4638671875 0.2314453125 0.0888671875 0.310546875
1 0.591796875 0.2470703125 0.0849609375 0.28125
2 0.681640625 0.2490234375 0.095703125 0.279296875
3 0.7685546875 0.248046875 0.0849609375 0.2724609375
15 0.2626953125 0.73046875 0.095703125 0.3154296875
35 0.3662109375 0.7294921875 0.107421875 0.310546875
29 0.462890625 0.7314453125 0.095703125 0.3056640625
5 0.5947265625 0.7294921875 0.0986328125 0.2880859375
0 0.6865234375 0.7265625 0.08984375 0.279296875
3 0.775390625 0.7236328125 0.0947265625 0.2861328125