12 0.111328125 0.2490234375 0.12890625 0.2548828125
34 0.2490234375 0.2470703125 0.125 0.251953125
24 0.38671875 0.2470703125 0.1298828125 0.251953125
2 0.5859375 0.25390625 0.146484375 0.244140625
9 0.7314453125 0.2529296875 0.1494140625 0.248046875
3 0.8818359375 0.251953125 0.1494140625 0.2509765625
10 0.111328125 0.7412109375 0.12890625 0.2421875
34 0.23828125 0.740234375 0.1318359375 0.244140625
25 0.3681640625 0.73828125 0.126953125 0.2470703125
7 0.595703125 0.7412109375 0.1455078125 0.2568359375
1 0.7255859375 0.740234375 0.1328125 0.2548828125
10 0.8642578125 0.740234375 0.1435546875 0.2578125