12 0.04296875 0.064453125 0.0859375 0.12109375
34 0.140625 0.06640625 0.16015625 0.125
24 0.2783203125 0.0703125 0.166015625 0.1328125
2 0.4501953125 0.0791015625 0.126953125 0.150390625
10 0.0419921875 0.4658203125 0.083984375 0.197265625
34 0.12890625 0.46875 0.16796875 0.19140625
25 0.2587890625 0.470703125 0.162109375 0.1875
7 0.455078125 0.4765625 0.1171875 0.17578125
25 0.5615234375 0.4033203125 0.150390625 0.322265625
20 0.6806640625 0.408203125 0.173828125 0.3125
0 0.8583984375 0.4091796875 0.177734375 0.310546875
4 0.953125 0.412109375 0.09375 0.3046875
22 0 0.740579728515625 0.086607603515625 0.739702412109375 0.087242595703125 0.572265625 0 0.572265625 0 0.740579728515625
16 0.061144455078125 0.572265625 0.057264779296875 0.73963445703125 0.194419765625 0.742102130859375 0.20509629296875 0.572265625 0.061144455078125 0.572265625
6 0.235112732421875 0.572265625 0.221158064453125 0.738457984375 0.3469846328125 0.74317676953125 0.372526552734375 0.572265625 0.235112732421875 0.572265625
5 0.35243603125 0.572265625 0.324231951171875 0.7521834296875 0.458334447265625 0.760211916015625 0.48842442578125 0.572265625 0.35243603125 0.572265625
0 0.513671875 0.572265625 0.476689177734375 0.572265625 0.42622360546875 0.76401934765625 0.513671875 0.765903353515625 0.513671875 0.572265625