30 0.13671875 0.0478515625 0.25390625 0.095703125
2 0.322265625 0.064453125 0.24609375 0.12890625
1 0.4443359375 0.072265625 0.212890625 0.14453125
0 0.529296875 0.0859375 0.15625 0.171875
18 0.7758608217592593 0.10716869212962965 0.09482060185185182 0.14704861111111112
33 0.8294632523148149 0.12141927083333331 0.10260416666666661 0.14320023148148142
14 0.888939525462963 0.13367332175925928 0.10263310185185182 0.14710648148148153
1 0.9560546875 0.15234375 0.087890625 0.140625
3 0.9814453125 0.166015625 0.037109375 0.1484375
22 0.808902552734375 1 0.681383111328125 0.90263880078125 0.5908203125 0.965429890625 0.5908203125 1 0.808902552734375 1
12 1 1 1 0.99736025 0.7845195859375 0.826787525390625 0.686414603515625 0.907479861328125 0.7922349921875 1 1 1
8 1 0.77065153125 0.927587486328125 0.721356091796875 0.845545763671875 0.807332498046875 1 0.93086245703125 1 0.77065153125