20 0.3583984375 0.259765625 0.1328125 0.27734375
23 0.24786603009259256 0.2582682291666667 0.149363425925926 0.2875000000000001
5 0.10489004629629628 0.25846354166666663 0.14396701388888888 0.294921875
4 0.033203125 0.2626953125 0.06640625 0.298828125
12 0.54296875 0.0244140625 0.255859375 0.048828125
40 0.5442635995370371 0.0903645833333333 0.2582031250000001 0.1216145833333333
31 0.5581524884259259 0.1934244791666666 0.2466001157407407 0.12278645833333335
2 0.5694733796296296 0.33522135416666665 0.25648148148148153 0.1253906250000001
5 0.5791015625 0.40625 0.27734375 0.06640625
35 0.3583984375 0.7021484375 0.1328125 0.451171875
27 0.2529007523148148 0.6970703125 0.17873263888888902 0.45481770833333335
2 0.080078125 0.6875 0.16015625 0.44921875
39 0.9482421875 0.67578125 0.103515625 0.24609375
0 0.8179904513888889 0.6751953125 0.14037905092592595 0.234375
8 0.7118344907407408 0.6729817708333333 0.13107638888888884 0.24153645833333326
8 0.6107349537037037 0.6740234375 0.13349247685185173 0.2494791666666667