26 0.673271755859375 0.248193234375 0.6884765625 0.182428642578125 0.6884765625 0.001953125 0.526024806640625 0.001953125 0.502446392578125 0.243575388671875 0.673271755859375 0.248193234375
5 0.477048982421875 0.23444931640625 0.50805605859375 0.001953125 0.31211265625 0.001953125 0.309756171875 0.23265782421875 0.477048982421875 0.23444931640625
4 0.336948708984375 0.22506256640625 0.353075234375 0.001953125 0.1830249140625 0.001953125 0.1739843984375 0.21833091015625 0.336948708984375 0.22506256640625
9 0.21320103125 0.22001245703125 0.2176573984375 0.001953125 0.027514103515625 0.001953125 0.048191984375 0.2281247421875 0.21320103125 0.22001245703125
8 0.3212890625 0.8853081597222222 0.11310763888888886 0.16673900462962954
46 0.630859375 0.923828125 0.115234375 0.1484375
43 0.578125 0.9208984375 0.123046875 0.154296875
49 0.521484375 0.9130859375 0.126953125 0.169921875
2 0.3791449652777778 0.8939163773148149 0.12291666666666667 0.16905381944444442
46 0.4340928819444445 0.9036096643518519 0.12096354166666679 0.1689814814814814
29 1 0.615228310546875 0.849929046875 0.575331140625 0.801568974609375 0.80822048828125 0.937862587890625 0.845961640625 1 0.61681861328125 1 0.615228310546875
15 0.72662847265625 0.543837400390625 0.680343505859375 0.77570790625 0.820540958984375 0.822673 0.8706720078125 0.5790525 0.72662847265625 0.543837400390625
20 0.730628697265625 0.541015625 0.6513671875 0.541015625 0.6513671875 0.76723654296875 0.6973073984375 0.7737517109375 0.752639599609375 0.544904162109375 0.730628697265625 0.541015625