29 0.44514612268518516 0.1366970486111111 0.08980034722222219 0.2616319444444444
18 0.40122974537037037 0.1386501736111111 0.060546875 0.2661892361111111
11 0.3505859375 0.140625 0.109375 0.28125
0 0.208984375 0.1513671875 0.123046875 0.302734375
8 0.1171875 0.1591796875 0.146484375 0.318359375
7 0.0419921875 0.1591796875 0.083984375 0.318359375
44 0.3706669560185185 0.7634331597222223 0.08904803240740744 0.16006944444444438
44 0.3033709490740741 0.7721571180555555 0.09100115740740744 0.16015625
42 0.4574363425925926 0.7477647569444444 0.09487847222222223 0.15642361111111103
20 0.4951171875 0.734375 0.03125 0.1640625
44 0.2400318287037037 0.787890625 0.09684606481481484 0.15846354166666665
17 0.931138568359375 0.571503763671875 0.92205866796875 0.400385931640625 0.907686763671875 0.39858162890625 0.882662314453125 0.417259302734375 0.861989404296875 0.40544201953125 0.84767476953125 0.412219564453125 0.860801255859375 0.500376103515625 0.859066009765625 0.585262583984375 0.931138568359375 0.571503763671875
16 0.86234796875 0.5205406328125 0.848501150390625 0.4107129609375 0.785823126953125 0.4171649140625 0.783345001953125 0.453479109375 0.782191427734375 0.52765999609375 0.794073916015625 0.578538416015625 0.81690684765625 0.593193416015625 0.860839626953125 0.58110548046875 0.86234796875 0.5205406328125
10 0.797188298828125 0.59149325 0.7585169375 0.417444921875 0.729805130859375 0.4199889921875 0.7150184296875 0.60169927734375 0.797188298828125 0.59149325
5 0.698109564453125 0.606995490234375 0.68276843359375 0.4305590390625 0.599858240234375 0.43674966796875 0.622106873046875 0.615667259765625 0.698109564453125 0.606995490234375
1 0.6213405625 0.6163980703125 0.59601591015625 0.440372455078125 0.538241384765625 0.43930509765625 0.547860578125 0.62846215234375 0.6213405625 0.6163980703125
7 0.5087890625 0.63288942578125 0.543928630859375 0.630584986328125 0.5216483671875 0.448107986328125 0.5087890625 0.449020875 0.5087890625 0.63288942578125