10 0.1279296875 0.1962890625 0.201171875 0.16796875
20 0.2626953125 0.197265625 0.212890625 0.166015625
5 0.455078125 0.1962890625 0.2109375 0.16796875
7 0.58984375 0.2060546875 0.20703125 0.1484375
46 0.8935546875 0.0166015625 0.099609375 0.033203125
21 0.9482421875 0.0146484375 0.103515625 0.029296875
17 0.2534783203125 0.9562274765625 0.25057516796875 0.8942616015625 0.180736109375 0.895442666015625 0.179445013671875 0.956884798828125 0.2534783203125 0.9562274765625
32 0.28053146875 0.955325837890625 0.286928537109375 0.89250383984375 0.215227763671875 0.89316539453125 0.21463967578125 0.956249634765625 0.28053146875 0.955325837890625
34 0.30786637890625 0.95535012890625 0.3207953125 0.8916496953125 0.249593650390625 0.891160703125 0.2464771484375 0.955589599609375 0.30786637890625 0.95535012890625
8 0.3674937578125 0.953969359375 0.3706703671875 0.89245225 0.302202578125 0.893128787109375 0.296292833984375 0.953942037109375 0.3674937578125 0.953969359375
0 0.400519244140625 0.9535464453125 0.404790521484375 0.89113786328125 0.3350388671875 0.891117400390625 0.330830853515625 0.95306380859375 0.400519244140625 0.9535464453125
4 0.436731853515625 0.9517671796875 0.440164267578125 0.89117528515625 0.36602010546875 0.89228684765625 0.363996212890625 0.952652677734375 0.436731853515625 0.9517671796875
10 0.893336978515625 0.705699146484375 0.855824142578125 0.5402060078125 0.803381146484375 0.54612070703125 0.832356595703125 0.719881365234375 0.893336978515625 0.705699146484375
11 0.929145625 0.69887090234375 0.900758044921875 0.5283650703125 0.8350021875 0.53782321484375 0.8694459765625 0.70871748828125 0.929145625 0.69887090234375
20 0.901391251953125 0.70076191015625 0.9717821875 0.685921708984375 0.930376775390625 0.612455357421875 0.943931453125 0.52010876171875 0.872285 0.530251169921875 0.901391251953125 0.70076191015625
5 1 0.619937091796875 0.985991716796875 0.56206328515625 0.984989537109375 0.511135728515625 0.921727603515625 0.522422111328125 0.95567249609375 0.683644513671875 1 0.674848048828125 1 0.619937091796875
8 1 0.50981415625 0.959058021484375 0.514073578125 0.991249529296875 0.677077408203125 1 0.675849115234375 1 0.50981415625