37 0.1025390625 0.1845703125 0.205078125 0.369140625
8 0.2998046875 0.220703125 0.205078125 0.296875
8 0.44140625 0.2265625 0.17578125 0.28515625
8 0.5234375 0.23828125 0.0703125 0.26171875
1 0.58319440625 0 0.57095175 0.173361751953125 0.65819419140625 0.1783436484375 0.67383916796875 0 0.58319440625 0
0 0.674079849609375 0 0.65899888671875 0.18279418359375 0.74765262890625 0.208144208984375 0.785626431640625 0 0.674079849609375 0
4 0.781482259765625 0 0.74925908203125 0.19692158984375 0.838313021484375 0.20940373046875 0.8640250859375 0 0.781482259765625 0
20 0.22142650462962962 0.5477864583333333 0.12492766203703703 0.216796875
30 0.31951678240740744 0.5690104166666666 0.13049768518518512 0.2093750000000001
23 0.42151331018518523 0.5904947916666666 0.1328125 0.2192708333333333
1 0.5244140625 0.6142578125 0.068359375 0.228515625
31 0.58203125 0.556640625 0.046875 0.31640625
3 0.7080439814814814 0.59453125 0.14416956018518512 0.3154947916666666
2 0.8134403935185186 0.603515625 0.1455439814814814 0.30000000000000004
1 0.9045862268518519 0.6272135416666667 0.12022569444444442 0.3002604166666667