16 0.525390625 0.0810546875 0.09375 0.162109375
9 0.3779296875 0.087890625 0.201171875 0.17578125
9 0.22265625 0.091796875 0.1875 0.18359375
1 0.0908203125 0.095703125 0.158203125 0.19140625
10 0.54796659375 0.76370344921875 0.562103654296875 0.594501279296875 0.524958537109375 0.592468630859375 0.456250376953125 0.75581699609375 0.54796659375 0.76370344921875
5 0.446367025390625 0.748536373046875 0.463222154296875 0.711836943359375 0.490586734375 0.591467568359375 0.404999025390625 0.5839888984375 0.37473012890625 0.741875140625 0.402930638671875 0.750835490234375 0.446367025390625 0.748536373046875
7 0.38714170703125 0.744861052734375 0.42428891015625 0.5835963671875 0.33693728515625 0.576547080078125 0.321870408203125 0.742480953125 0.38714170703125 0.744861052734375
3 0.33839119921875 0.743460787109375 0.35950301171875 0.577158265625 0.279690666015625 0.566249853515625 0.24588755078125 0.734312650390625 0.33839119921875 0.743460787109375
44 0.7641999421296296 0.5681423611111112 0.09979745370370363 0.15936053240740744
44 0.817896412037037 0.5651403356481481 0.09393807870370363 0.15892650462962976
44 0.8764178240740741 0.5656828703703703 0.10367476851851842 0.1576967592592593
22 0.9814453125 0.5673828125 0.037109375 0.162109375
31 0.953125 0.5712890625 0.09375 0.162109375