11 0.158203125 0.0771484375 0.28515625 0.154296875
24 0.2998046875 0.091796875 0.275390625 0.18359375
16 0.4169921875 0.0908203125 0.228515625 0.181640625
4 0.6114583333333334 0.16297743055555552 0.14270833333333321 0.18203124999999998
3 0.6998046874999999 0.1825303819444445 0.15885416666666652 0.19019097222222214
2 0.7955729166666667 0.21072048611111105 0.15299479166666652 0.19006076388888893
8 0.3257812499999999 0.62265625 0.1410156250000001 0.18589409722222228
20 0.0361328125 0.564453125 0.072265625 0.18359375
4 0.25468749999999996 0.6125 0.1494791666666666 0.1958333333333333
2 0.1787760416666666 0.6034288194444444 0.15755208333333348 0.19991319444444455
43 0.0844401041666667 0.5820529513888889 0.1548177083333333 0.18815104166666674
27 0.533749498046875 0.529310361328125 0.5068359375 0.527257234375 0.5068359375 0.82696158203125 0.53220515234375 0.830909048828125 0.510100015625 0.707839482421875 0.59080421875 0.600076880859375 0.533749498046875 0.529310361328125
0 0.71960277734375 0.867685126953125 0.764784513671875 0.587798181640625 0.62141469140625 0.54871229296875 0.578622259765625 0.83609733203125 0.71960277734375 0.867685126953125
1 0.8436123203125 0.892058427734375 0.874530974609375 0.597187904296875 0.75858804296875 0.58928350390625 0.70649690234375 0.86415492578125 0.8436123203125 0.892058427734375
4 1 0.620131185546875 0.890850384765625 0.6079274921875 0.8310794765625 0.89596738671875 0.9726195703125 0.927554783203125 1 0.792905802734375 1 0.620131185546875