18 0.03125 0.4208984375 0.0625 0.396484375
10 0.076171875 0.423828125 0.15234375 0.39453125
22 0.16391059027777777 0.4374710648148148 0.21364293981481475 0.40256076388888884
6 0.3608289930555555 0.4404079861111111 0.20962094907407414 0.40054976851851865
5 0.46462673611111116 0.4505787037037037 0.2016927083333333 0.3984809027777778
0 0.5234375 0.462890625 0.11328125 0.40625
24 0.6435546875 0.234375 0.212890625 0.4609375
6 0.812232349537037 0.24477719907407408 0.23365162037037046 0.4438368055555556
8 0.91015625 0.2783203125 0.1796875 0.478515625
2 0.96875 0.306640625 0.0625 0.5
8 0 0.860571123046875 0.00804715625 0.86108286328125 0.03311633984375 0.821322240234375 0 0.81962179296875 0 0.860571123046875