24 0.3125 0.2783203125 0.158203125 0.478515625
6 0.1923828125 0.3095703125 0.26171875 0.416015625
8 0.1005859375 0.3173828125 0.201171875 0.400390625
2 0.037109375 0.3291015625 0.07421875 0.376953125
14 0.846752025462963 0.32439236111111114 0.15986689814814836 0.20399305555555558
14 0.7737991898148149 0.32894965277777777 0.15784143518518512 0.20195312499999996
10 0.6932508680555556 0.33901909722222223 0.16015625 0.21180555555555558
3 0.5894458912037037 0.3529296875 0.16579861111111116 0.20620659722222223
1 0.515697337962963 0.3623263888888889 0.14807581018518512 0.20151909722222228
8 0.4398148148148149 0.3667534722222222 0.16348379629629634 0.1963541666666666
18 0.12811053240740744 0.7055121527777778 0.08420138888888884 0.056336805555555536
23 0.09903067129629628 0.7100694444444444 0.08810763888888884 0.056510416666666785
29 0.06796151620370372 0.7135633680555555 0.08615451388888884 0.05642361111111116
1 0.03515625 0.71875 0.0703125 0.0546875
0 0.0185546875 0.7236328125 0.037109375 0.056640625
35 0.6809172453703705 0.89609375 0.1239872685185186 0.13025173611111107
16 0.6275318287037037 0.9024956597222222 0.11986400462962976 0.12421875000000004
24 0.573169849537037 0.9088541666666666 0.11993634259259256 0.12617187500000004
4 0.4985170717592593 0.9201605902777777 0.11798321759259256 0.12608506944444442
4 0.44516782407407407 0.9275390625000001 0.11798321759259256 0.12608506944444442
4 0.3984375 0.935546875 0.103515625 0.125