14 0.953036 0.317842375 0.919421810546875 0.11107780078125 0.818906796875 0.125512556640625 0.847560859375 0.3335375390625 0.953036 0.317842375
34 0.87203604296875 0.3275844609375 0.838812650390625 0.12932115234375 0.730644638671875 0.1437370546875 0.788421611328125 0.341761341796875 0.87203604296875 0.3275844609375
10 0.8052600390625 0.3507540703125 0.749344345703125 0.14706502734375 0.6602002890625 0.16083820703125 0.70204462890625 0.364593326171875 0.8052600390625 0.3507540703125
2 0.696330640625 0.37664094140625 0.6437329921875 0.17383726171875 0.54021962109375 0.1885510390625 0.588656724609375 0.397991564453125 0.696330640625 0.37664094140625
9 0.607911654296875 0.402781798828125 0.562206986328125 0.1936391484375 0.443872978515625 0.214179533203125 0.52999312109375 0.411689365234375 0.607911654296875 0.402781798828125
4 0.4814453125 0.3251953125 0.091796875 0.236328125
44 0.1552734375 0.61328125 0.123046875 0.1484375
44 0.2197265625 0.609375 0.115234375 0.140625
36 0.4130859375 0.595703125 0.099609375 0.11328125
44 0.2841796875 0.6064453125 0.123046875 0.134765625
20 0.36328125 0.6005859375 0.12890625 0.123046875
18 0.8174262152777778 0.7080584490740741 0.06532118055555558 0.059693287037037024
23 0.7882161458333333 0.7130497685185184 0.07120949074074079 0.06182002314814827
29 0.7570529513888888 0.7179832175925926 0.06922743055555536 0.05980902777777786
1 0.7171296296296297 0.724609375 0.06535011574074057 0.061646412037037024
0 0.6859953703703704 0.7314959490740741 0.06532118055555558 0.059693287037037024
3 0.6567853009259259 0.7364872685185185 0.06727430555555558 0.05975115740740744