10 0.2806795625 0.11317443359375 0.261979138671875 0.0659193046875 0.21182428515625 0.062316080078125 0.217477552734375 0.108937330078125 0.2806795625 0.11317443359375
24 0.321611279296875 0.118656166015625 0.31006506640625 0.073022421875 0.2514569296875 0.069295193359375 0.2611409140625 0.11402653125 0.321611279296875 0.118656166015625
15 0.3569013984375 0.12299515234375 0.353287447265625 0.08181912109375 0.293258005859375 0.07642576953125 0.304684646484375 0.119682888671875 0.3569013984375 0.12299515234375
8 0.42173276953125 0.13594599609375 0.408355404296875 0.092061294921875 0.35757619140625 0.0879554921875 0.360673421875 0.130247287109375 0.42173276953125 0.13594599609375
0 0.45905151171875 0.143044935546875 0.443916734375 0.100313208984375 0.392660138671875 0.095765345703125 0.403363349609375 0.137871515625 0.45905151171875 0.143044935546875
17 0.4794921875 0.105953494140625 0.42742706640625 0.10123563671875 0.4460280546875 0.14450590625 0.4794921875 0.147166390625 0.4794921875 0.105953494140625
17 0.4746812578125 0.142798076171875 0.46727715625 0.139652064453125 0.4580078125 0.2887260234375 0.4580078125 0.4169921875 0.57281415625 0.4169921875 0.592934607421875 0.16048506640625 0.470304640625 0.1425459609375 0.4746812578125 0.142798076171875
28 0.678390337890625 0.4169921875 0.69702381640625 0.189805912109375 0.58222853515625 0.163280912109375 0.559419556640625 0.4169921875 0.678390337890625 0.4169921875
6 0.827801421875 0.4169921875 0.84774573828125 0.2264766875 0.748204884765625 0.212605578125 0.701506908203125 0.4169921875 0.827801421875 0.4169921875
9 0.921894357421875 0.4169921875 0.9743357109375 0.263307158203125 0.83482298828125 0.22726062109375 0.811824330078125 0.4169921875 0.921894357421875 0.4169921875
4 1 0.27012465625 0.962547388671875 0.261658357421875 0.960002544921875 0.262422017578125 0.924469734375 0.4169921875 1 0.4169921875 1 0.27012465625
20 0 0.85843817578125 0.015613953125 0.860243787109375 0.007679224609375 0.832871154296875 0.029310556640625 0.811150796875 0 0.808721802734375 0 0.85843817578125
9 0.0386023671875 0.865428984375 0.056753529296875 0.818463873046875 0.016234357421875 0.8125242890625 0.00630784765625 0.862343421875 0.0386023671875 0.865428984375
6 0.06665648828125 0.873184677734375 0.07676020703125 0.821783138671875 0.046253708984375 0.820354046875 0.02590704296875 0.866269953125 0.06665648828125 0.873184677734375
3 0.0889029609375 0.880085794921875 0.09964276171875 0.82832758984375 0.061623814453125 0.82307490234375 0.04895132421875 0.875406236328125 0.0889029609375 0.880085794921875
38 1 0.77944176953125 0.9385819765625 0.7531129765625 0.880226861328125 0.9970703125 1 0.9970703125 1 0.77944176953125
37 0.82849603515625 0.729232849609375 0.756831275390625 0.9970703125 0.89014680078125 0.9970703125 0.95149587890625 0.763220248046875 0.82849603515625 0.729232849609375
25 0.713852337890625 0.695425595703125 0.639846658203125 0.9779835390625 0.69519709375 0.9970703125 0.76650544921875 0.9970703125 0.84069018359375 0.729758626953125 0.713852337890625 0.695425595703125
2 0.483205 0.92100748046875 0.59947272265625 0.964870080078125 0.678921748046875 0.67196560546875 0.559551751953125 0.630447306640625 0.483205 0.92100748046875
9 0.4580078125 0.911475650390625 0.487688693359375 0.920149298828125 0.568611908203125 0.63216971875 0.4580078125 0.60093764453125 0.4580078125 0.911475650390625