12 0.3779296875 0.208028958984375 0.42654606640625 0.2096605859375 0.425269591796875 0.05489845703125 0.3779296875 0.055726544921875 0.3779296875 0.208028958984375
3 0.444025482421875 0.20758759765625 0.511792404296875 0.214712419921875 0.521323556640625 0.05688000390625 0.441814158203125 0.056231095703125 0.444025482421875 0.20758759765625
4 0.51320837890625 0.20932090625 0.577887970703125 0.215640048828125 0.57334730859375 0.057328578125 0.518805046875 0.05754196484375 0.51320837890625 0.20932090625
5 0.57971796484375 0.212330232421875 0.640273814453125 0.21507608203125 0.645609826171875 0.05709994921875 0.57574018359375 0.0561004609375 0.57971796484375 0.212330232421875
22 0.0322265625 0.728515625 0.064453125 0.40234375
6 0.19310619212962965 0.7255859375 0.13787615740740744 0.400390625
5 0.2983579282407407 0.7314453125 0.13201678240740744 0.400390625
0 0.357421875 0.7412109375 0.044921875 0.408203125
21 0.55377989453125 0.66554530078125 0.541384927734375 0.473989716796875 0.4905419140625 0.47840783203125 0.490279234375 0.67216119921875 0.55377989453125 0.66554530078125
24 0.602354400390625 0.654094703125 0.606988572265625 0.467507505859375 0.5493910078125 0.4725751796875 0.552238171875 0.66116973046875 0.602354400390625 0.654094703125
21 0.66214570703125 0.644785140625 0.64982127734375 0.466387841796875 0.60620450390625 0.466669029296875 0.604485171875 0.650727931640625 0.66214570703125 0.644785140625
4 0.733520357421875 0.633248962890625 0.729509880859375 0.445492884765625 0.6812963125 0.461405640625 0.680963474609375 0.634111498046875 0.733520357421875 0.633248962890625
0 0.782147771484375 0.630567876953125 0.782108072265625 0.44820419140625 0.734837 0.45800951953125 0.731293265625 0.62973530859375 0.782147771484375 0.630567876953125
3 0.831342232421875 0.619140830078125 0.83294005078125 0.43682698046875 0.7828437265625 0.447420837890625 0.783145166015625 0.626289244140625 0.831342232421875 0.619140830078125