30 0.802734375 0.044921875 0.0703125 0.08984375
29 0.8427734375 0.0439453125 0.072265625 0.087890625
30 0.88671875 0.0419921875 0.07421875 0.083984375
9 0.9453125 0.0400390625 0.0703125 0.080078125
4 0.9755859375 0.0400390625 0.048828125 0.080078125
7 0.450021701388889 0.6004701967592593 0.1279658564814814 0.14334490740740735
2 0.36012008101851856 0.6089482060185185 0.13583622685185182 0.15121527777777777
36 0.07950665509259258 0.6569227430555555 0.11289062500000002 0.21744791666666674
25 0.15857928240740737 0.6602430555555556 0.12660590277777772 0.22340856481481497
25 0.2445963541666667 0.6488642939814815 0.13250868055555554 0.22931134259259256
8 0.5087890625 0.6416015625 0.064453125 0.23828125
27 0.5732421875 0.6455078125 0.111328125 0.265625
35 0.6614583333333334 0.6401041666666667 0.14654224537037042 0.2782407407407408
6 0.8050564236111111 0.6331814236111111 0.1484230324074074 0.2684895833333334
3 0.9105324074074074 0.6314236111111111 0.1523726851851852 0.2743778935185186
9 0.9697265625 0.6337890625 0.060546875 0.275390625