15 0.5146484375 0.301947802734375 0.495104994140625 0.299903044921875 0.489155962890625 0.344364435546875 0.5146484375 0.347034724609375 0.5146484375 0.301947802734375
8 0.472844201171875 0.33835645703125 0.48123855859375 0.296679212890625 0.434665408203125 0.289292783203125 0.42641847265625 0.332136525390625 0.472844201171875 0.33835645703125
0 0.432863826171875 0.332090396484375 0.441136044921875 0.2868212109375 0.3909152890625 0.28073602734375 0.38701794140625 0.324120833984375 0.432863826171875 0.332090396484375
17 0.396232515625 0.323189779296875 0.398667951171875 0.279835525390625 0.34853846875 0.27281979296875 0.347955353515625 0.316385953125 0.396232515625 0.323189779296875
14 0.685546875 0.0908203125 0.115234375 0.181640625
14 0.6142578125 0.0830078125 0.11328125 0.166015625
10 0.5478515625 0.078125 0.0859375 0.15625
29 0.966796875 0.8076171875 0.06640625 0.212890625
35 0.90234375 0.7950014467592592 0.14453125 0.20998263888888902
24 0.7998046875 0.7820891203703704 0.142578125 0.2060619212962962
5 0.65234375 0.7616970486111112 0.146484375 0.2021846064814814
8 0.5615234375 0.7548828125 0.11328125 0.220703125