24 0.5126953125 0.169921875 0.1640625 0.23828125
6 0.658203125 0.16796875 0.232421875 0.2421875
8 0.7919921875 0.16015625 0.234375 0.2578125
2 0.896484375 0.15234375 0.20703125 0.2734375
40 0.1376953125 0.3349609375 0.275390625 0.091796875
41 0.1552734375 0.408203125 0.310546875 0.16015625
47 0.1694372106481481 0.5264178240740741 0.3228298611111111 0.17216435185185186
9 0.18711660879629632 0.6652054398148148 0.2955729166666665 0.17782118055555562
2 0.19471209490740748 0.7824363425925926 0.29953703703703694 0.18175636574074083
3 0.21504629629629624 0.9026909722222223 0.2935908564814813 0.1758535879629628
41 0.7268229166666667 0.632544849537037 0.05581597222222223 0.07644675925925926
36 0.7560474537037036 0.627879050925926 0.057740162037037024 0.07450810185185186
22 0.7872829861111111 0.6271339699074074 0.06167534722222223 0.07649016203703707
3 0.8262876157407407 0.6235170717592593 0.06362847222222223 0.07650462962962967
4 0.8565176504629629 0.6208116319444444 0.05779803240740744 0.07841435185185186
8 0.8867621527777778 0.6190827546296296 0.059664351851851816 0.07256944444444446