17 0.108141845703125 0.328125 0.108607896484375 0.30640872265625 0.05095533203125 0.308111052734375 0.0493701328125 0.328125 0.108141845703125 0.328125
32 0.139894115234375 0.328125 0.143397859375 0.304061974609375 0.085794640625 0.3052608828125 0.084214916015625 0.328125 0.139894115234375 0.328125
34 0.171324607421875 0.328125 0.177204443359375 0.3026200078125 0.1192192578125 0.3027175703125 0.11665407421875 0.328125 0.171324607421875 0.328125
8 0.22424419921875 0.328125 0.226917380859375 0.30259315234375 0.170561078125 0.303798271484375 0.167074501953125 0.328125 0.22424419921875 0.328125
0 0.257748740234375 0.328125 0.26099229296875 0.300700927734375 0.204118677734375 0.3012381015625 0.2009501953125 0.328125 0.257748740234375 0.328125
13 0.03125 0.6015625 0.0625 0.125
25 0.07454427083333337 0.6017578125 0.0962239583333333 0.12777777777777777
7 0.15449218750000004 0.6001519097222222 0.09218750000000009 0.12565104166666674
6 0.21113281250000004 0.5976345486111111 0.09414062500000009 0.12573784722222214
1 0.2470703125 0.5986328125 0.05078125 0.130859375
20 0.6052083333333333 0.7041449652777778 0.15807291666666679 0.23763020833333326
9 0.7332682291666667 0.6965060763888888 0.1507812500000001 0.24509548611111098
9 0.9296875 0.689453125 0.140625 0.2421875
8 0.8335937499999999 0.6959418402777777 0.14440104166666679 0.23702256944444455
38 0.4161458333333333 0.7067057291666667 0.15247395833333333 0.2412760416666666
21 0.5065104166666667 0.6949001736111111 0.15403645833333335 0.23550347222222223