19 0.2582826967592593 0.3099030671296297 0.04774305555555558 0.0669994212962961
13 0.2216073495370371 0.3135633680555556 0.04969618055555558 0.06711516203703694
31 0.18590856481481488 0.3172815393518519 0.04803240740740744 0.07090567129629632
9 0.1357783564814815 0.32306134259259256 0.04998553240740744 0.07102141203703694
7 0.09917534722222232 0.3276982060185185 0.0498408564814814 0.06906828703703694
4 0.06459780092592593 0.3334273726851852 0.04607928240740744 0.07078993055555549
23 1 0.01870970703125 0.942935134765625 0.02778452734375 1 0.252030107421875 1 0.01870970703125
25 1 0.274518427734375 0.937975623046875 0.028191884765625 0.84583540234375 0.0423717265625 0.91917160546875 0.30225329296875 1 0.287842890625 1 0.274518427734375
11 0.781429259765625 0.217341783203125 0.8190491015625 0.322965533203125 0.912453451171875 0.3079468671875 0.83844157421875 0.041509046875 0.75138101953125 0.0626168203125 0.7775450078125 0.161834771484375 0.781429259765625 0.217341783203125
4 0.768804197265625 0.330764265625 0.699531220703125 0.0764241328125 0.60585416796875 0.0833834609375 0.675247630859375 0.345060443359375 0.768804197265625 0.330764265625
6 0.66862375 0.34780789453125 0.59987855078125 0.082405880859375 0.495232775390625 0.095407912109375 0.5688432109375 0.36334869140625 0.66862375 0.34780789453125
6 0.4296875 0.10735433984375 0.4296875 0.247538318359375 0.4622243671875 0.3772477734375 0.5643446171875 0.365921578125 0.49458484375 0.09913450390625 0.4296875 0.10735433984375
18 1 0.872816705078125 0.986138505859375 0.8747785703125 1 0.91281102734375 1 0.872816705078125
6 0.9926341640625 0.92301466015625 0.97574819921875 0.881839048828125 0.958567072265625 0.885614873046875 0.977026203125 0.92873006640625 0.9926341640625 0.92301466015625
6 0.97778175390625 0.929554826171875 0.9566949140625 0.88635963671875 0.942265125 0.89079629296875 0.960686556640625 0.93509689453125 0.97778175390625 0.929554826171875
14 0.959645666015625 0.934295572265625 0.942388751953125 0.891377126953125 0.925578326171875 0.89689613671875 0.942735658203125 0.940709248046875 0.959645666015625 0.934295572265625