11 0.712781607421875 0.387957205078125 0.703127322265625 0.401224841796875 0.69460455078125 0.41470694140625 0.695422103515625 0.428461046875 0.70622766015625 0.432030076171875 0.72202490625 0.42851183984375 0.73733317578125 0.38744619921875 0.712781607421875 0.387957205078125
20 0.721571546875 0.38830008984375 0.69049327734375 0.38801678515625 0.690909806640625 0.4101217265625 0.6744116484375 0.43383975 0.7041338671875 0.4328210703125 0.721571546875 0.38830008984375
13 0.68555926171875 0.434791626953125 0.70451344140625 0.388951044921875 0.672588490234375 0.390410203125 0.655410458984375 0.43358444921875 0.68555926171875 0.434791626953125
2 0.6286526484375 0.437354958984375 0.656792408203125 0.437339 0.6646916015625 0.430522994140625 0.6644188046875 0.41268364453125 0.6702802890625 0.408098376953125 0.677780001953125 0.39184648046875 0.65049941015625 0.39322395703125 0.640780802734375 0.408271796875 0.6448372578125 0.426545736328125 0.632258400390625 0.429664654296875 0.6286526484375 0.437354958984375
0 0.611184673828125 0.431318970703125 0.61119362890625 0.43996255078125 0.64090191796875 0.437112775390625 0.65927212890625 0.3940760625 0.638355849609375 0.392767328125 0.625723357421875 0.39549730078125 0.611184673828125 0.431318970703125
6 0.60091603125 0.416657697265625 0.59436840625 0.43003294140625 0.59241828515625 0.437876197265625 0.5958513671875 0.442102958984375 0.61480703125 0.441819216796875 0.625185544921875 0.4369529765625 0.63334741015625 0.4212958671875 0.625723935546875 0.394174912109375 0.611961685546875 0.395349646484375 0.608145779296875 0.399473677734375 0.60943518359375 0.413391396484375 0.60091603125 0.416657697265625
35 0.9501953125 0.1337890625 0.099609375 0.251953125
20 0.88671875 0.1240234375 0.15625 0.248046875
2 0.7998046875 0.1181640625 0.080078125 0.236328125
12 0.5205078125 0.7197265625 0.087890625 0.041015625
0 0.3779296875 0.7109375 0.083984375 0.0234375
46 0.4775390625 0.716796875 0.083984375 0.03515625
52 0.435546875 0.7138671875 0.0859375 0.029296875
4 0.943359375 0.77734375 0.11328125 0.15625
4 0.8642578125 0.7666015625 0.208984375 0.134765625