10 0.7877748842592592 0.3235966435185185 0.11938657407407405 0.29950810185185184
10 0.6989149305555555 0.3252314814814815 0.12537615740740726 0.31712962962962954
10 0.6110749421296297 0.33271846064814814 0.11947337962962967 0.31122685185185195
10 0.47539062499999996 0.34153645833333335 0.10778356481481488 0.3150462962962963
2 0.39045138888888886 0.34509548611111107 0.12141203703703707 0.30928819444444455
3 0.3349609375 0.3505859375 0.05859375 0.30859375
23 0.829214916015625 0.5986328125 0.836872138671875 0.733495716796875 0.969318923828125 0.714480298828125 0.967401591796875 0.5986328125 0.829214916015625 0.5986328125
29 0.726212443359375 0.5986328125 0.74132168359375 0.757576875 0.862297283203125 0.737348607421875 0.853558064453125 0.5986328125 0.726212443359375 0.5986328125
30 0.610284806640625 0.5986328125 0.618282837890625 0.789359208984375 0.754863373046875 0.7652022109375 0.745432712890625 0.5986328125 0.610284806640625 0.5986328125
1 0.4594258984375 0.5986328125 0.469421578125 0.83063716796875 0.596204732421875 0.80692325 0.583663173828125 0.5986328125 0.4594258984375 0.5986328125
0 0.47309405859375 0.5986328125 0.34860964453125 0.5986328125 0.316967544921875 0.603722111328125 0.34976904296875 0.867457177734375 0.488253349609375 0.837275234375 0.47309405859375 0.5986328125
2 0.3056640625 0.884342486328125 0.37255359765625 0.876461958984375 0.325892326171875 0.603632365234375 0.3056640625 0.60565063671875 0.3056640625 0.884342486328125