15 0.19920428125 0.283274388671875 0.159559458984375 0.2792666796875 0.146327248046875 0.341242140625 0.185766384765625 0.341766673828125 0.19920428125 0.283274388671875
34 0.169709384765625 0.280029873046875 0.1293213125 0.276633984375 0.11577464453125 0.34058504296875 0.157579583984375 0.341330107421875 0.169709384765625 0.280029873046875
20 0.1388034375 0.27737497265625 0.097670931640625 0.272465154296875 0.081841154296875 0.331402583984375 0.129275296875 0.335466298828125 0.1388034375 0.27737497265625
1 0.0969944765625 0.271956904296875 0.058890142578125 0.26872319140625 0.041957744140625 0.326865103515625 0.078621720703125 0.32862253125 0.0969944765625 0.271956904296875
0 0.065976244140625 0.269093046875 0.025037513671875 0.2658652265625 0.00977871875 0.323072611328125 0.0516007734375 0.3252926015625 0.065976244140625 0.269093046875
1 0 0.322967087890625 0.01593759375 0.322438599609375 0.034052787109375 0.26535926171875 0 0.262114154296875 0 0.322967087890625
6 0.93359375 0.0419921875 0.1328125 0.083984375
4 0.8505859375 0.0380859375 0.142578125 0.076171875
5 0.7587890625 0.033203125 0.146484375 0.06640625
6 0.09463975694444449 0.7275390625 0.12361111111111112 0.21015625000000004
21 0.260568576388889 0.7565755208333333 0.12769097222222214 0.2182291666666667
3 0.0419921875 0.71484375 0.083984375 0.21484375
17 0.3272569444444444 0.76484375 0.12387152777777777 0.22187499999999982
41 0.19181857638888888 0.7435546875 0.13554687499999996 0.220703125
32 0.937146626953125 1 0.965481208984375 0.86538298828125 0.891655896484375 0.858383919921875 0.87051123828125 0.9978878671875 0.883527306640625 1 0.937146626953125 1
29 0.902781099609375 0.858547669921875 0.834865447265625 0.8527985625 0.81721636328125 0.9922766171875 0.876001705078125 0.997176265625 0.902781099609375 0.858547669921875
21 0.822670201171875 0.992908083984375 0.84517042578125 0.85282178125 0.791938798828125 0.8466080546875 0.74654060546875 0.984510716796875 0.822670201171875 0.992908083984375
2 0.741425767578125 0.98061824609375 0.7609228828125 0.839113353515625 0.69009730078125 0.8340596640625 0.66170450390625 0.974715439453125 0.741425767578125 0.98061824609375
6 0.67430937109375 0.975033546875 0.69623319921875 0.836048794921875 0.630096322265625 0.8252675625 0.604262193359375 0.967864171875 0.67430937109375 0.975033546875
6 0.61614839453125 0.96979369921875 0.63647216796875 0.826066072265625 0.5698365625 0.822117248046875 0.549011703125 0.961249232421875 0.61614839453125 0.96979369921875