19 0.584048435546875 0.35262563671875 0.5773231875 0.3199281484375 0.5138152578125 0.320847525390625 0.516397404296875 0.35332340625 0.584048435546875 0.35262563671875
14 0.555758654296875 0.35353165234375 0.552565103515625 0.321192896484375 0.48490765625 0.321905791015625 0.486648603515625 0.35388769921875 0.555758654296875 0.35353165234375
27 0.526834978515625 0.35429958203125 0.524404658203125 0.32196009375 0.45535005859375 0.322520779296875 0.45636416796875 0.3545972421875 0.526834978515625 0.35429958203125
8 0.477101255859375 0.35445373046875 0.47099769140625 0.323067517578125 0.40651723828125 0.324303298828125 0.40652381640625 0.354825287109375 0.477101255859375 0.35445373046875
4 0.4474374296875 0.35570577734375 0.44351116796875 0.32445559765625 0.37940789453125 0.325081333984375 0.3776204296875 0.355954712890625 0.4474374296875 0.35570577734375
17 0.418513740234375 0.35656230078125 0.416512703125 0.32400427734375 0.347020783203125 0.32459666015625 0.348110185546875 0.357142369140625 0.418513740234375 0.35656230078125
50 0.9326171875 0.16015625 0.134765625 0.3125
20 0.84765625 0.1767578125 0.189453125 0.345703125
12 0.712890625 0.177734375 0.208984375 0.34765625
46 0.9462890625 0.94921875 0.107421875 0.09375
44 0.7216796875 0.9501953125 0.1796875 0.091796875
38 0.8623046875 0.9501953125 0.1640625 0.091796875