11 0.36997251157407407 0.39186197916666665 0.05791377314814805 0.041145833333333215
13 0.3486617476851852 0.38743489583333335 0.05992476851851847 0.04322916666666665
21 0.32542679398148144 0.38216145833333337 0.05992476851851847 0.04322916666666665
1 0.2954427083333333 0.3744140625 0.05596064814814805 0.041015625
0 0.27312644675925923 0.3710286458333334 0.061935763888888884 0.04531250000000009
4 0.24888599537037037 0.3667968749999999 0.058029513888888884 0.045052083333333215
44 0.6405164930555556 0.321484375 0.2255931712962962 0.3057291666666667
25 0.896484375 0.3798828125 0.20703125 0.302734375
40 0.9501953125 0.3955078125 0.099609375 0.294921875
40 0.7838324652777777 0.3528645833333333 0.21151620370370372 0.2911458333333333
44 0.57421875 0.302734375 0.115234375 0.3046875
22 0.235523306640625 0.580078125 0.191322763671875 0.757653587890625 0.30561458984375 0.772551701171875 0.36179726953125 0.580078125 0.235523306640625 0.580078125
10 0.172616984375 0.580078125 0.092149787109375 0.736734263671875 0.207470009765625 0.75292917578125 0.243254109375 0.580078125 0.172616984375 0.580078125
26 0 0.726149458984375 0.103480958984375 0.741967326171875 0.162295642578125 0.580078125 0.04823430078125 0.580078125 0 0.704869345703125 0 0.726149458984375