9 0.075913841796875 0.5283203125 0.075074654296875 0.5229761328125 0.047137916015625 0.51983325390625 0.049688921875 0.5283203125 0.075913841796875 0.5283203125
6 0.030155962890625 0.513382318359375 0.032149923828125 0.5283203125 0.05660564453125 0.5283203125 0.054278634765625 0.51970792578125 0.0423673203125 0.519345650390625 0.040736130859375 0.516915560546875 0.030155962890625 0.513382318359375
21 0.96525866796875 0.255369091796875 0.98911007421875 0.0009765625 0.86065944140625 0.0009765625 0.82454496484375 0.243431666015625 0.96525866796875 0.255369091796875
10 0.827407990234375 0.256360568359375 0.823383314453125 0.0009765625 0.695284833984375 0.0009765625 0.680649220703125 0.253518111328125 0.827407990234375 0.256360568359375
16 0.680279078125 0.24233078125 0.69015378515625 0.0009765625 0.5546875 0.0009765625 0.5546875 0.2598455859375 0.680279078125 0.24233078125
18 0.3647786458333333 0.7548828125 0.10269097222222223 0.19921875
10 0.2817708333333333 0.7548828125 0.10464409722222223 0.19921875
15 0.20874565972222225 0.75 0.10260416666666661 0.197265625
6 0.08880208333333334 0.74609375 0.10047743055555558 0.193359375
3 0.0302734375 0.74609375 0.060546875 0.19140625
45 0.7802734375 0.9208984375 0.115234375 0.15625
48 0.6943359375 0.9248046875 0.115234375 0.1484375
25 0.6103515625 0.931640625 0.111328125 0.134765625