11 0.05881076388888895 0.5649594907407407 0.03901909722222219 0.043894675925925775
13 0.08207465277777781 0.5617476851851851 0.03706597222222219 0.04383680555555558
21 0.10334201388888886 0.5575014467592593 0.03706597222222219 0.04383680555555558
1 0.1343315972222222 0.5525679976851852 0.03315972222222219 0.04372106481481475
0 0.15666232638888888 0.5503038194444445 0.03901909722222219 0.043894675925925775
4 0.18085937500000004 0.546144386574074 0.03706597222222241 0.04383680555555558
35 0.427836431640625 0.2392223984375 0.50061141015625 0.234439724609375 0.467112517578125 0.066196220703125 0.395030271484375 0.073958033203125 0.427836431640625 0.2392223984375
10 0.562652140625 0.226802970703125 0.51425426953125 0.06136889453125 0.466949201171875 0.066398666015625 0.49917330078125 0.231771609375 0.562652140625 0.226802970703125
25 0.56593422265625 0.22582532421875 0.61898033203125 0.2207806171875 0.6125866328125 0.1071547578125 0.598895201171875 0.05218019140625 0.525643828125 0.06079459375 0.56593422265625 0.22582532421875
6 0.657942513671875 0.212883603515625 0.728449533203125 0.204594931640625 0.6941855390625 0.040291958984375 0.6291356640625 0.04781858984375 0.626623123046875 0.047400537109375 0.657942513671875 0.212883603515625
1 0.7948174609375 0.199392658203125 0.741800177734375 0.03078031640625 0.69429786328125 0.041236869140625 0.728589435546875 0.205541390625 0.7948174609375 0.199392658203125
1 0.818732005859375 0.02491119140625 0.75982542578125 0.024689103515625 0.763360521484375 0.02496187890625 0.752908392578125 0.024886037109375 0.797619591796875 0.200013158203125 0.85955363671875 0.19366507421875 0.818732005859375 0.02491119140625
31 0.20451388888888888 0.8196831597222223 0.11558159722222228 0.1866030092592592
38 0.27710503472222225 0.8072048611111111 0.12348090277777768 0.18878761574074066
37 0.32421875 0.79296875 0.076171875 0.19140625
31 0.380859375 0.9375 0.048828125 0.125
38 0.419921875 0.9306640625 0.123046875 0.138671875
37 0.4921875 0.923828125 0.123046875 0.15234375
7 0.5849609375 0.9150390625 0.12109375 0.169921875
4 0.6593098958333333 0.9070963541666667 0.11549479166666665 0.1846498842592592
0 0.7310546874999999 0.8975188078703704 0.11150173611111125 0.1825810185185186