28 0.33089985546875 0.300636228515625 0.31715891015625 0.263451794921875 0.29799984375 0.26900501171875 0.314038630859375 0.30907000390625 0.33089985546875 0.300636228515625
15 0.345570666015625 0.294105486328125 0.329682208984375 0.25732940625 0.311950748046875 0.261987115234375 0.32638933984375 0.301240755859375 0.345570666015625 0.294105486328125
29 0.35767859765625 0.29000746875 0.343575083984375 0.252464201171875 0.3253697890625 0.2567180625 0.341957888671875 0.294770626953125 0.35767859765625 0.29000746875
2 0.356040564453125 0.271671298828125 0.35838241015625 0.28752025390625 0.378296115234375 0.28134292578125 0.362530224609375 0.246314814453125 0.347187646484375 0.251525646484375 0.356040564453125 0.271671298828125
5 0.389195615234375 0.27719576171875 0.37656869140625 0.2411915 0.359337041015625 0.2457382421875 0.374361564453125 0.282015740234375 0.389195615234375 0.27719576171875
13 0.400899736328125 0.271831791015625 0.38951753125 0.239172814453125 0.37204059375 0.24099683203125 0.3856989765625 0.27894669921875 0.400899736328125 0.271831791015625
11 0.4892578125 0.1220703125 0.146484375 0.2421875
11 0.6025390625 0.1181640625 0.138671875 0.234375
10 0.712890625 0.125 0.13671875 0.248046875
8 0.8662109375 0.1259765625 0.142578125 0.25
6 0.9541015625 0.1259765625 0.091796875 0.251953125
8 0.0107421875 0.884765625 0.021484375 0.078125
8 0.032175925925925886 0.88671875 0.04809027777777786 0.080078125
31 0.5759516953125 0.787027416015625 0.595276146484375 0.591415607421875 0.510742408203125 0.587982951171875 0.495927740234375 0.779971845703125 0.5759516953125 0.787027416015625
22 0.65787376171875 0.78811160546875 0.671996955078125 0.598078384765625 0.589376259765625 0.5934504609375 0.569275005859375 0.78505689453125 0.65787376171875 0.78811160546875
11 0.73728255859375 0.793623126953125 0.74237694921875 0.61216661328125 0.666307509765625 0.603438826171875 0.649297416015625 0.794565361328125 0.73728255859375 0.793623126953125
5 0.850213015625 0.804800912109375 0.85669070703125 0.618204646484375 0.770310826171875 0.612074896484375 0.762459435546875 0.794674466796875 0.850213015625 0.804800912109375
0 0.923993630859375 0.8099768984375 0.931044837890625 0.631898927734375 0.850783720703125 0.620302322265625 0.838602064453125 0.811738328125 0.923993630859375 0.8099768984375
2 1 0.63973085546875 0.9247666640625 0.62611593359375 0.910580779296875 0.81479152734375 0.99619796875 0.8104348671875 1 0.7033121484375 1 0.63973085546875