19 0.4111328125 0.3427734375 0.22265625 0.35546875
32 0.5234375 0.3466796875 0.224609375 0.34765625
14 0.6396484375 0.3544921875 0.21484375 0.33203125
5 0.794921875 0.361328125 0.212890625 0.318359375
5 0.8994140625 0.3681640625 0.201171875 0.302734375
2 0.95703125 0.373046875 0.0859375 0.29296875
16 0.0732421875 0.591796875 0.146484375 0.1484375
21 0.1416015625 0.6083984375 0.15625 0.1796875
29 0.69140625 0.6826822916666667 0.05371817129629619 0.060546875
29 0.712941261574074 0.6822265625 0.053616898148148184 0.05859375
16 0.7355034722222222 0.6826822916666666 0.05567129629629619 0.060677083333333215
4 0.7650028935185185 0.6846354166666667 0.053616898148148184 0.05859375
9 0.7865885416666667 0.6851562499999999 0.05567129629629619 0.060677083333333215
0 0.8091001157407407 0.6846354166666666 0.05567129629629619 0.060677083333333215