11 0.30825376157407414 0.38300781250000004 0.05227141203703711 0.06940104166666661
20 0.2735677083333333 0.3950520833333333 0.05432581018518512 0.07148437499999982
13 0.23985821759259252 0.40703124999999996 0.05432581018518512 0.07148437499999982
2 0.19232494212962958 0.4228515625 0.05432581018518512 0.07148437500000004
0 0.159642650462963 0.43378906250000004 0.05227141203703711 0.06940104166666661
6 0.12588252314814818 0.4467447916666667 0.05227141203703711 0.06940104166666661
14 0.905289697265625 0 0.936722052734375 0.190078267578125 1 0.1790075390625 1 0 0.905289697265625 0
29 0.78285959375 0 0.840196763671875 0.20990510546875 0.934908923828125 0.189950943359375 0.902850216796875 0 0.78285959375 0
1 0.64092705859375 0 0.672942310546875 0.258909703125 0.781088822265625 0.23661184375 0.7368360078125 0 0.64092705859375 0
3 0.668456900390625 0.2582437421875 0.629841892578125 0.002301791015625 0.507073966796875 0.033215810546875 0.548814873046875 0.289696396484375 0.668456900390625 0.2582437421875
1 0.447265625 0.04725732421875 0.447265625 0.284635041015625 0.452523263671875 0.316336283203125 0.545945853515625 0.298570205078125 0.4995898984375 0.037462248046875 0.447265625 0.04725732421875
0 0.1455078125 0.76171875 0.181640625 0.24609375
51 0.0625 0.7763671875 0.125 0.267578125
48 0.2548828125 0.73828125 0.197265625 0.19921875
48 0.791015625 0.6572265625 0.2421875 0.037109375
40 0.901522802734375 0.638671875 0.8525640703125 0.638671875 0.68188630859375 0.668290748046875 0.6825818359375 0.759428130859375 0.904227236328125 0.717889185546875 0.901522802734375 0.638671875
39 0.900627423828125 0.81730840625 0.901326947265625 0.7257679375 0.674893681640625 0.76451444140625 0.671072572265625 0.847120703125 0.900627423828125 0.81730840625