20 0.115097525390625 0.544943302734375 0.13868364453125 0.592765546875 0.172429046875 0.594307478515625 0.148139015625 0.569596296875 0.149337904296875 0.546109990234375 0.115097525390625 0.544943302734375
28 0.160434408203125 0.596004318359375 0.1860593203125 0.596041962890625 0.169799705078125 0.56479664453125 0.157209279296875 0.546507740234375 0.13402896484375 0.54648323828125 0.132535892578125 0.56946422265625 0.160434408203125 0.596004318359375
29 0.199903203125 0.596268228515625 0.177570201171875 0.546711482421875 0.144664525390625 0.5467263203125 0.17292205859375 0.596412912109375 0.199903203125 0.596268228515625
5 0.1907341328125 0.59876415234375 0.226402455078125 0.600267013671875 0.198153740234375 0.547997720703125 0.16627290234375 0.548163552734375 0.167100140625 0.54849125 0.1907341328125 0.59876415234375
7 0.239540005859375 0.60264776171875 0.222563904296875 0.551416427734375 0.183680921875 0.548755736328125 0.214589142578125 0.60106161328125 0.239540005859375 0.60264776171875
9 0.241780787109375 0.559135314453125 0.235737482421875 0.55160880078125 0.204347646484375 0.551636390625 0.20420581640625 0.5684341484375 0.2179023828125 0.584562091796875 0.219734619140625 0.60340577734375 0.258166654296875 0.60283358203125 0.241780787109375 0.559135314453125
5 0.55976560546875 0 0.61650928125 0.34209987109375 0.772133638671875 0.34766496875 0.720439498046875 0 0.55976560546875 0
2 0.704599685546875 0 0.7497702265625 0.360524865234375 0.932547255859375 0.3808427890625 0.877477642578125 0 0.704599685546875 0
1 1 0 0.863864208984375 0 0.92359231640625 0.39930209375 1 0.40282161328125 1 0
12 0.17993336328125 1 0.159254005859375 0.946080390625 0.113322595703125 0.956137060546875 0.1305904453125 1 0.17993336328125 1
20 0.21095748828125 1 0.184520037109375 0.93574620703125 0.14066126171875 0.946971134765625 0.161687861328125 1 0.21095748828125 1
29 0.2373811484375 1 0.214774802734375 0.929619587890625 0.167929326171875 0.935851138671875 0.19536845703125 1 0.2373811484375 1
2 0.26162856640625 1 0.27560790234375 0.997098208984375 0.243723943359375 0.919255939453125 0.20242723046875 0.928351951171875 0.229272966796875 1 0.26162856640625 1
3 0.300452138671875 0.987804404296875 0.265064837890625 0.91043769140625 0.228298947265625 0.919492125 0.2614883046875 0.99684378515625 0.300452138671875 0.987804404296875
3 0.32050953125 0.98007943359375 0.290154173828125 0.9028165078125 0.251755552734375 0.912586857421875 0.2867963671875 0.989409556640625 0.32050953125 0.98007943359375