28 0.648220224609375 0.2992491328125 0.673388509765625 0.1916706328125 0.59586938671875 0.17896785546875 0.5784178203125 0.287520326171875 0.648220224609375 0.2992491328125
13 0.6822844328703703 0.2543619791666667 0.10059317129629619 0.1342447916666667
32 0.7398148148148148 0.269921875 0.09859664351851838 0.12825520833333326
2 0.8187717013888889 0.29472656249999996 0.1025173611111112 0.1304687499999999
9 0.8782552083333333 0.3104166666666667 0.1005497685185186 0.1283854166666667
0 0.9367476851851853 0.3279947916666667 0.1005497685185186 0.1283854166666667
11 0.219202212890625 0.837427642578125 0.25322607421875 0.8388183359375 0.267853490234375 0.798321048828125 0.23428442578125 0.796350390625 0.219202212890625 0.837427642578125
20 0.239402962890625 0.839749736328125 0.272819765625 0.841139216796875 0.28940763671875 0.80099063671875 0.254348853515625 0.79897465234375 0.239402962890625 0.839749736328125
2 0.285932080078125 0.841087728515625 0.315137498046875 0.844242439453125 0.332572291015625 0.8053066328125 0.301454333984375 0.80265923046875 0.285932080078125 0.841087728515625
0 0.337252453125 0.843988208984375 0.350556671875 0.805443857421875 0.3209531171875 0.80523249609375 0.304450912109375 0.844364115234375 0.337252453125 0.843988208984375
6 0.351701119140625 0.846386787109375 0.37073137890625 0.80704378515625 0.34218181640625 0.805236052734375 0.321269279296875 0.845208228515625 0.351701119140625 0.846386787109375
13 0.2594710859375 0.840560494140625 0.290508982421875 0.8412103046875 0.3053348046875 0.802417466796875 0.277950458984375 0.80059278125 0.2594710859375 0.840560494140625
26 0.494140625 0.77734375 0.25 0.44140625
16 0.6357421875 0.7978515625 0.244140625 0.400390625
30 0.767578125 0.8115234375 0.2421875 0.373046875
2 0.912109375 0.8369140625 0.17578125 0.322265625