22 0.9267578125 0.3291015625 0.146484375 0.205078125
25 0.8285590277777778 0.3002170138888889 0.20746527777777768 0.20234375000000004
0 0.6445746527777778 0.2656467013888889 0.19739583333333321 0.18823784722222214
0 0.5219835069444444 0.23967013888888888 0.19131944444444438 0.1782118055555555
7 0.3974609375 0.301388361328125 0.430367998046875 0.305957052734375 0.497587048828125 0.1414348125 0.3974609375 0.129224671875 0.3974609375 0.301388361328125
8 0.4423828125 0.73680366015625 0.4423828125 0.707271921875 0.352788740234375 0.6960584609375 0.31496853125 0.8395717578125 0.410700724609375 0.85009557421875 0.4423828125 0.73680366015625
9 0.4818359375 0.7914496527777778 0.11028645833333339 0.13168402777777777
10 0.5919487847222222 0.8070963541666667 0.11219618055555558 0.1298177083333334
3 0.4453125 0.7841796875 0.095703125 0.138671875
5 0.5296657986111111 0.7945529513888889 0.12000868055555558 0.13016493055555545
22 0.6787326388888889 0.8168185763888889 0.10828993055555558 0.12964409722222214
40 0.6358506944444444 0.8110026041666667 0.10828993055555558 0.12964409722222214