30 0.10153464453125 0.30334782421875 0.137836365234375 0.31123778515625 0.153528537109375 0.266036259765625 0.112653470703125 0.25955055859375 0.111891732421875 0.260386890625 0.112272923828125 0.25996873046875 0.10153464453125 0.30334782421875
11 0.121546060546875 0.30568625 0.13171694140625 0.259084056640625 0.098310486328125 0.25338476171875 0.081023642578125 0.29603271875 0.121546060546875 0.30568625
24 0.099571279296875 0.29721173828125 0.1125455 0.251914255859375 0.0763993984375 0.244484470703125 0.06347640234375 0.286591970703125 0.099571279296875 0.29721173828125
6 0.07322628515625 0.28611654296875 0.087455390625 0.241774001953125 0.053730296875 0.23610805078125 0.039114861328125 0.277471830078125 0.07322628515625 0.28611654296875
0 0.054723890625 0.27864098046875 0.071444236328125 0.235918478515625 0.03791706640625 0.23132603515625 0.02302542578125 0.27026620703125 0.054723890625 0.27864098046875
7 0.054990923828125 0.229976802734375 0.019200267578125 0.224562673828125 0.010566427734375 0.26825179296875 0.0392818984375 0.27101786328125 0.054990923828125 0.229976802734375
16 1 0.39022648046875 0.97755259765625 0.165873826171875 0.83955991796875 0.17675791015625 0.86829333984375 0.445526931640625 1 0.454897685546875 1 0.39022648046875
6 0.846365185546875 0.4410873359375 0.8060996640625 0.174770998046875 0.664798357421875 0.16202136328125 0.716364314453125 0.434216498046875 0.846365185546875 0.4410873359375
5 0.6572265625 0.440596345703125 0.737123958984375 0.44260130078125 0.6650214375 0.15915533984375 0.6572265625 0.159221052734375 0.6572265625 0.440596345703125
12 0.058407984375 0.6210315625 0.024294255859375 0.617662779296875 0.012129958984375 0.659210255859375 0.04660731640625 0.662733630859375 0.058407984375 0.6210315625
32 0 0.65564106640625 0.027802609375 0.657935798828125 0.042682015625 0.617184947265625 0.00470452734375 0.6136586640625 0 0.65059635546875 0 0.65564106640625
27 0 0.65283724609375 0.017220978515625 0.654518501953125 0.027614103515625 0.613994091796875 0 0.6114420546875 0 0.65283724609375
13 0.8800564236111111 0.7006655092592593 0.14315682870370372 0.27524594907407396
29 0.775390625 0.6923828125 0.134765625 0.265625
23 0.7041015625 0.6865234375 0.09375 0.25390625