30 0.44049117578125 0.02481740625 0.395471001953125 0.02335571484375 0.38445244140625 0.075054900390625 0.4324659609375 0.078585369140625 0.44049117578125 0.02481740625
29 0.3954891015625 0.075826193359375 0.40746103515625 0.022804658203125 0.359101033203125 0.01883746484375 0.363015994140625 0.076380279296875 0.3954891015625 0.075826193359375
28 0.375279724609375 0.076838263671875 0.372327234375 0.01750604296875 0.3321413984375 0.015595603515625 0.321679416015625 0.074569658203125 0.375279724609375 0.076838263671875
4 0.32503367578125 0.075014220703125 0.33027376953125 0.017746732421875 0.289449939453125 0.01416766796875 0.27697552734375 0.073974513671875 0.32503367578125 0.075014220703125
5 0.291379587890625 0.075238154296875 0.30040987890625 0.012459818359375 0.2567414765625 0.015591193359375 0.24130623046875 0.0733805625 0.291379587890625 0.075238154296875
7 0.25132173046875 0.075063033203125 0.266717560546875 0.015611232421875 0.219557490234375 0.012470326171875 0.21598141015625 0.0722891015625 0.25132173046875 0.075063033203125
1 0.5908203125 0.3681640625 0.627952287109375 0.3681640625 0.618274365234375 0.27196818359375 0.5908203125 0.2745162890625 0.5908203125 0.3681640625
12 0.556640625 0.6982421875 0.103515625 0.44921875
35 0.45470920138888893 0.7024088541666667 0.1810185185185187 0.45089699074074074
27 0.3198784722222222 0.7016059027777778 0.17128182870370368 0.454224537037037
2 0.1332609953703704 0.6999638310185186 0.18489583333333326 0.4472222222222222
6 0.0380859375 0.6982421875 0.076171875 0.443359375
14 0.8211009837962964 0.7163194444444444 0.045370370370370505 0.06021412037037033
25 0.8474898726851852 0.7176866319444445 0.04535590277777768 0.05826099537037033
29 0.8719039351851852 0.7162398726851852 0.0433883101851853 0.05619212962962972
6 0.7869068287037038 0.7163917824074074 0.043417245370370505 0.06009837962962972
8 0.7634548611111112 0.7158275462962963 0.04340277777777768 0.05814525462962972
2 0.7380497685185186 0.7153790509259259 0.0453414351851853 0.05630787037037033