18 0.18274739583333333 0.38205295138888884 0.06575520833333326 0.05746527777777777
23 0.15258246527777786 0.3778428819444444 0.06966145833333348 0.05755208333333339
29 0.12243923611111113 0.37265625 0.06770833333333337 0.05750868055555558
1 0.0815755208333333 0.3667317708333333 0.06575520833333326 0.05746527777777777
0 0.05041232638888893 0.36351996527777775 0.06575520833333326 0.05746527777777777
3 0.0263671875 0.3583984375 0.052734375 0.056640625
44 0.5517578125 0.3173828125 0.130859375 0.27734375
39 0.8818359375 0.373046875 0.185546875 0.228515625
44 0.740234375 0.3603515625 0.1796875 0.25390625
44 0.6327039930555556 0.33912760416666665 0.19127604166666679 0.25937500000000013
41 0.947265625 0.3818359375 0.10546875 0.208984375
0 0.478515625 0.599609375 0.0703125 0.193359375
8 0.4394965277777778 0.585546875 0.13311631944444446 0.18975694444444446
8 0.3642578125 0.578125 0.138671875 0.177734375
10 0.6976996527777777 0.7654947916666667 0.21974826388888902 0.31076388888888884
43 0.8349392361111111 0.7829427083333333 0.23745659722222223 0.31701388888888893
17 0.923828125 0.802734375 0.15234375 0.3203125
44 0.55859375 0.732421875 0.14453125 0.302734375