6 0.5693359375 0.40346080078125 0.55712158203125 0.403515083984375 0.545297361328125 0.44751886328125 0.5693359375 0.44410257421875 0.5693359375 0.40346080078125
7 1 0.04392145703125 0.96149594921875 0.034769703125 0.9205028515625 0.208256671875 0.981901591796875 0.2262637578125 1 0.16970416796875 1 0.04392145703125
4 0.917815048828125 0.208217880859375 0.963513560546875 0.040216759765625 0.896895296875 0.025147833984375 0.848519609375 0.1939899375 0.917815048828125 0.208217880859375
0 0.847198703125 0.1961709921875 0.896793826171875 0.024268921875 0.82709982421875 0.009957154296875 0.774384658203125 0.17670780859375 0.847198703125 0.1961709921875
17 0.3461695546875 0.800621716796875 0.312105728515625 0.976343580078125 0.374169314453125 0.99804118359375 0.408371580078125 0.821777001953125 0.3461695546875 0.800621716796875
22 0.31069723046875 0.975864447265625 0.344371298828125 0.799504330078125 0.287450279296875 0.77758623046875 0.250264259765625 0.947666720703125 0.31069723046875 0.975864447265625
16 0.24808265625 0.947632431640625 0.285300107421875 0.777553482421875 0.2358416015625 0.750730240234375 0.194842677734375 0.91335080078125 0.24808265625 0.947632431640625
5 0.21456934765625 0.73991611328125 0.158670796875 0.72045146875 0.12460534375 0.8848601484375 0.17696937109375 0.902569150390625 0.21456934765625 0.73991611328125
2 0.12285807421875 0.88546411328125 0.156960857421875 0.718793576171875 0.10457335546875 0.6965587734375 0.07009419921875 0.855802130859375 0.12285807421875 0.88546411328125
7 0.06742559375 0.85513140234375 0.10335976953125 0.69499500390625 0.055075205078125 0.674069458984375 0.024871384765625 0.836343154296875 0.06742559375 0.85513140234375
25 0.7583333333333333 0.8157986111111111 0.08324652777777786 0.14662905092592604
14 0.7078342013888889 0.805736400462963 0.09123263888888888 0.1548466435185185
17 0.6583333333333333 0.7946469907407407 0.08923611111111107 0.1527922453703705
4 0.599609375 0.7822265625 0.064453125 0.158203125