30 0.55539783203125 0.17507099609375 0.5301443671875 0.17879843359375 0.545663841796875 0.223190666015625 0.56951503125 0.21889871875 0.55539783203125 0.17507099609375
29 0.551820916015625 0.223254556640625 0.5367556484375 0.178841017578125 0.51240797265625 0.182525849609375 0.530602845703125 0.226790283203125 0.551820916015625 0.223254556640625
28 0.5179846328125 0.181354263671875 0.51712615625 0.1817110703125 0.494357048828125 0.18627458984375 0.507135306640625 0.231108826171875 0.53437708984375 0.2266464921875 0.5179846328125 0.181354263671875
4 0.507822435546875 0.23065616796875 0.490880765625 0.186327822265625 0.4688887890625 0.187685775390625 0.479097029296875 0.237067267578125 0.507822435546875 0.23065616796875
5 0.487114771484375 0.237109873046875 0.476736927734375 0.189006162109375 0.4467539140625 0.191711423828125 0.45961518359375 0.242535787109375 0.487114771484375 0.237109873046875
7 0.466028671875 0.24264230859375 0.45385690234375 0.191775333984375 0.42719620703125 0.196508935546875 0.444286560546875 0.246827736328125 0.466028671875 0.24264230859375
3 0.943359375 0.4267578125 0.11328125 0.083984375
0 0.861328125 0.4287109375 0.14453125 0.080078125
6 0.7705078125 0.4306640625 0.142578125 0.076171875
30 0.349007662109375 1 0.346666263671875 0.93901324609375 0.301282609375 0.942792419921875 0.3052258125 1 0.349007662109375 1
11 0.31583384765625 1 0.309461890625 0.942923583984375 0.271922998046875 0.94434197265625 0.26930969921875 1 0.31583384765625 1
24 0.2806455078125 1 0.278512423828125 0.943153388671875 0.23099197265625 0.945129234375 0.23586169140625 1 0.2806455078125 1
6 0.233701443359375 1 0.22782903125 0.946530958984375 0.183562888671875 0.94785899609375 0.187084244140625 1 0.233701443359375 1
0 0.19759489453125 1 0.194620232421875 0.94882639453125 0.15143223828125 0.94763805078125 0.149645369140625 1 0.19759489453125 1
7 0.1611181328125 1 0.16226353125 0.948154369140625 0.114075349609375 0.947711908203125 0.120835859375 1 0.1611181328125 1
22 0.89077035546875 0.46875 0.76973262890625 0.46875 0.741472427734375 0.47080012890625 0.7685286796875 0.765323001953125 0.91240958203125 0.7660178828125 0.89077035546875 0.46875
16 0.778392564453125 0.765323001953125 0.749186435546875 0.475115224609375 0.622981763671875 0.4983975234375 0.65178360546875 0.767671400390625 0.778392564453125 0.765323001953125
24 0.93359375 0.6181640625 0.1328125 0.298828125