35 0.060206794921875 0.271301529296875 0.052977794921875 0.223828568359375 0.016377140625 0.230266376953125 0.0232454140625 0.277266787109375 0.060206794921875 0.271301529296875
17 0 0.2819870703125 0.02648298828125 0.27806825390625 0.018573166015625 0.230669658203125 0 0.234004951171875 0 0.2819870703125
43 0.8837890625 0.0302734375 0.126953125 0.060546875
9 0.796875 0.0390625 0.12109375 0.078125
3 0.734375 0.0556640625 0.12890625 0.111328125
0 0.669921875 0.064453125 0.12109375 0.12890625
17 0.20911458333333333 0.5679108796296296 0.07526041666666661 0.10685763888888888
23 0.16764322916666674 0.5779007523148147 0.07721354166666661 0.10695891203703711
20 0.12910156250000004 0.5877387152777778 0.07122395833333339 0.10470196759259265
2 0.072265625 0.6024450231481482 0.07552083333333326 0.11076388888888888
9 0.03515625 0.6123046875 0.0703125 0.107421875
1 0.0146484375 0.6201171875 0.029296875 0.107421875
13 0.73828125 0.5166015625 0.140625 0.056640625
0 0.6279296875 0.53125 0.146484375 0.0859375
3 0.5458984375 0.54296875 0.146484375 0.109375
8 0.470703125 0.552734375 0.12890625 0.12890625