17 0.17942708333333335 0.3804470486111111 0.08437500000000009 0.06627604166666656
13 0.1470052083333333 0.3848090277777778 0.08229166666666665 0.06423611111111116
29 0.11562499999999998 0.3881510416666667 0.08242187500000009 0.06618923611111116
8 0.0703125 0.3960069444444445 0.08020833333333333 0.062196180555555536
8 0.0380859375 0.4013671875 0.076171875 0.060546875
9 0.0234375 0.4072265625 0.046875 0.064453125
39 0.9267578125 0.2197265625 0.146484375 0.439453125
37 0.8525390625 0.2197265625 0.283203125 0.439453125
8 0.6806640625 0.2197265625 0.220703125 0.439453125
5 0.38886718750000004 0.816796875 0.12382812499999996 0.1322916666666667
41 0.52109375 0.7758680555555556 0.11835937500000004 0.13789062500000004
9 0.32838541666666665 0.8331163194444444 0.12187499999999996 0.13220486111111107
9 0.45110677083333334 0.8033203125 0.12213541666666672 0.13611111111111107
52 0.5625 0.76171875 0.09375 0.140625
21 0.91796875 0.6357421875 0.1640625 0.392578125
5 0.7728515625000001 0.7024956597222223 0.2596354166666668 0.4167968750000002
2 0.6689453125 0.7724609375 0.197265625 0.451171875