15 0.09732580859375 0.47781947265625 0.1220780078125 0.469047580078125 0.12394703125 0.413340390625 0.09533953515625 0.420343619140625 0.09732580859375 0.47781947265625
32 0.12416634375 0.46953334375 0.149413666015625 0.463294189453125 0.150380814453125 0.406983169921875 0.122844544921875 0.413306658203125 0.12416634375 0.46953334375
34 0.149560611328125 0.46003112890625 0.1706097421875 0.4571306015625 0.17660177734375 0.400634388671875 0.148422513671875 0.407408103515625 0.149560611328125 0.46003112890625
9 0.183626228515625 0.4516705703125 0.206917009765625 0.446569806640625 0.209005544921875 0.39276623046875 0.183172806640625 0.3988099609375 0.183626228515625 0.4516705703125
2 0.2051295546875 0.4459322421875 0.2333139921875 0.43873359375 0.231506939453125 0.384861072265625 0.206289958984375 0.3921627265625 0.2051295546875 0.4459322421875
4 0.230638736328125 0.43919226171875 0.255313150390625 0.43000386328125 0.248180748046875 0.3790875390625 0.228825810546875 0.385107439453125 0.230638736328125 0.43919226171875
20 0.401672083984375 0.267607689453125 0.436119916015625 0.266309818359375 0.44078273046875 0.18286471484375 0.40485066796875 0.18308216796875 0.401672083984375 0.267607689453125
24 0.47126246484375 0.265774298828125 0.4729240234375 0.183010515625 0.43966309765625 0.18198948828125 0.434687583984375 0.26601431640625 0.47126246484375 0.265774298828125
24 0.50593998046875 0.26752545703125 0.507668728515625 0.1796440625 0.471053103515625 0.183294736328125 0.469373443359375 0.267479626953125 0.50593998046875 0.26752545703125
0 0.553523703125 0.268198693359375 0.552840890625 0.1809776171875 0.519378734375 0.17881814453125 0.520054185546875 0.266609224609375 0.553523703125 0.268198693359375
4 0.58661826953125 0.268585087890625 0.59015034375 0.18035184765625 0.55353933984375 0.18144452734375 0.552396302734375 0.27044018359375 0.58661826953125 0.268585087890625
2 0.624862421875 0.268493916015625 0.62599142578125 0.18035092578125 0.589498255859375 0.1800225 0.586249494140625 0.270234009765625 0.624862421875 0.268493916015625
31 0.537121640625 0.8077387421875 0.5402684453125 0.634355345703125 0.462208955078125 0.642469158203125 0.472773771484375 0.817233435546875 0.537121640625 0.8077387421875
14 0.617070802734375 0.80457133984375 0.61343973046875 0.624442974609375 0.536895884765625 0.633137611328125 0.5400525078125 0.812009900390625 0.617070802734375 0.80457133984375
13 0.68983690234375 0.795952568359375 0.68470803515625 0.617793478515625 0.611575060546875 0.624442974609375 0.61670360546875 0.80260248828125 0.68983690234375 0.795952568359375
7 0.7849820859375 0.783256201171875 0.7906025234375 0.60786601953125 0.710995244140625 0.615516421875 0.719685712890625 0.792788828125 0.7849820859375 0.783256201171875
4 0.859744818359375 0.779022798828125 0.85649337109375 0.607160611328125 0.7861958046875 0.61305941015625 0.787006783203125 0.78374137890625 0.859744818359375 0.779022798828125
0 0.937270322265625 0.7721263203125 0.9291107421875 0.601728435546875 0.8560690078125 0.6064663984375 0.85976256640625 0.781495798828125 0.937270322265625 0.7721263203125