28 0.14900948046875 0.0557915234375 0.124560845703125 0.01410448828125 0.071418474609375 0.01919619140625 0.098715669921875 0.06189836328125 0.14900948046875 0.0557915234375
15 0.171075255859375 0.0488193984375 0.1481019296875 0.00789834375 0.097100205078125 0.012808888671875 0.125663876953125 0.055232962890625 0.171075255859375 0.0488193984375
29 0.1471730234375 0.048827541015625 0.195365869140625 0.043883841796875 0.176929400390625 0.0029296875 0.157736451171875 0.0029296875 0.12126813671875 0.007033783203125 0.1471730234375 0.048827541015625
2 0.180214345703125 0.040333181640625 0.23767544140625 0.033804146484375 0.219024146484375 0.013360015625 0.213229224609375 0.0029296875 0.1580544609375 0.0029296875 0.180099392578125 0.02153649609375 0.180214345703125 0.040333181640625
5 0.25754051953125 0.0278755625 0.241018794921875 0.0029296875 0.1861291171875 0.0029296875 0.21192621484375 0.033209455078125 0.25754051953125 0.0278755625
13 0.281480833984375 0.02169776171875 0.267043703125 0.0029296875 0.21077223046875 0.0029296875 0.2297591875 0.029314556640625 0.281480833984375 0.02169776171875
48 0.8348234953703704 0.30859375 0.07826967592592604 0.072265625
39 0.8651475694444444 0.3095703125 0.07826967592592604 0.072265625
39 0.8991247106481481 0.3056640625 0.07641782407407405 0.07421875
7 0.9428674768518519 0.3017578125 0.08227719907407405 0.07421875
5 0.96875 0.2958984375 0.0625 0.072265625
3 0.984375 0.2939453125 0.03125 0.072265625
1 0.0205078125 0.6064453125 0.041015625 0.115234375
5 0.0498046875 0.59765625 0.099609375 0.11328125
1 0.09830729166666674 0.595703125 0.0942708333333333 0.1171875
2 0.15016637731481486 0.59765625 0.10629340277777777 0.123046875
12 0.501208826171875 0.4013671875 0.43544231640625 0.509983623046875 0.560310849609375 0.56232469921875 0.66806626171875 0.4013671875 0.501208826171875 0.4013671875
27 0.638579087890625 0.4013671875 0.539577970703125 0.567383572265625 0.677786865234375 0.63330207421875 0.81216603515625 0.4013671875 0.638579087890625 0.4013671875
22 0.926064720703125 0.4013671875 0.796066970703125 0.4013671875 0.657863609375 0.632935912109375 0.7872681484375 0.700974728515625 0.974397068359375 0.428230919921875 0.926064720703125 0.4013671875
7 1 0.452202955078125 0.823283841796875 0.72865258203125 0.9186225078125 0.762992689453125 1 0.680782994140625 1 0.452202955078125