28 0.421963552734375 0.356663859375 0.406482552734375 0.352165666015625 0.393465896484375 0.381327380859375 0.410137046875 0.38575020703125 0.421963552734375 0.356663859375
15 0.4092808203125 0.35200718359375 0.394656884765625 0.348940931640625 0.38351099609375 0.37872046875 0.39566111328125 0.38137261328125 0.4092808203125 0.35200718359375
29 0.39737432421875 0.347855759765625 0.38184115625 0.3440959609375 0.371003876953125 0.37367213671875 0.386033759765625 0.377085490234375 0.39737432421875 0.347855759765625
2 0.379498455078125 0.341157349609375 0.3656735546875 0.338060607421875 0.35160812890625 0.366906068359375 0.367596013671875 0.370055431640625 0.379498455078125 0.341157349609375
5 0.36745660546875 0.338527984375 0.35359171484375 0.334662650390625 0.341308732421875 0.365271404296875 0.35287648046875 0.3670116015625 0.36745660546875 0.338527984375
13 0.35614465625 0.33508446875 0.3419352421875 0.331611138671875 0.330726373046875 0.36101409375 0.344637408203125 0.3633724375 0.35614465625 0.33508446875
22 0.912673869140625 0.201225703125 0.908095986328125 0.158464666015625 0.88446286328125 0.16443008984375 0.888586353515625 0.208897052734375 0.912673869140625 0.201225703125
33 0.893474134765625 0.2096050234375 0.88992072265625 0.164954025390625 0.8687153984375 0.171276439453125 0.8704490390625 0.216317822265625 0.893474134765625 0.2096050234375
33 0.875773375 0.216746912109375 0.874166677734375 0.171861044921875 0.851868685546875 0.17876938671875 0.853582724609375 0.222974505859375 0.875773375 0.216746912109375
7 0.849002017578125 0.22706659375 0.852271880859375 0.183118095703125 0.827293173828125 0.18981377734375 0.832567009765625 0.232262837890625 0.849002017578125 0.22706659375
9 0.83876269140625 0.233115513671875 0.83143831640625 0.190683462890625 0.8063592109375 0.2007076875 0.818191169921875 0.240469359375 0.83876269140625 0.233115513671875
6 0.818887892578125 0.242237310546875 0.809530529296875 0.2027154921875 0.79030198046875 0.206729662109375 0.792469716796875 0.25117986328125 0.818887892578125 0.242237310546875
22 0.61328125 0.5439453125 0.119140625 0.271484375
21 0.505859375 0.54296875 0.177734375 0.26953125
11 0.3740234375 0.5498046875 0.1875 0.283203125
4 0.1904296875 0.5556640625 0.16796875 0.294921875
8 0.07421875 0.5615234375 0.1484375 0.306640625
31 1 0.408203125 0.96745644921875 0.408203125 0.984861099609375 0.65968596875 1 0.65867844921875 1 0.408203125
17 0.967083962890625 0.408203125 0.9142274453125 0.408203125 0.8513063125 0.414556486328125 0.835827666015625 0.678436896484375 0.976725560546875 0.66767167578125 0.967083962890625 0.408203125
0 0.819144380859375 0.6859133671875 0.812135876953125 0.418069271484375 0.691559265625 0.4300798359375 0.700059208984375 0.697812052734375 0.819144380859375 0.6859133671875