18 0.24769965277777778 0.46179832175925917 0.07745949074074077 0.07239583333333321
23 0.2856843171296296 0.46600839120370363 0.08331886574074066 0.07274305555555571
29 0.3226924189814815 0.4701605902777778 0.07941261574074077 0.07251157407407405
1 0.37234519675925926 0.4760416666666667 0.07745949074074077 0.07239583333333321
0 0.41032986111111114 0.48025173611111116 0.08537326388888888 0.0748119212962961
3 0.4492910879629629 0.48451967592592593 0.08146701388888888 0.07458043981481488
12 0.603441169921875 0.41083106640625 0.705768912109375 0.41646478515625 0.715060154296875 0.251953634765625 0.620093087890625 0.246881541015625 0.603441169921875 0.41083106640625
47 0.681921697265625 0.251189775390625 0.67521579296875 0.25214105078125 0.669703220703125 0.41190326171875 0.77219165625 0.420242828125 0.7761087421875 0.256738275390625 0.681921697265625 0.251189775390625
12 0.73409800390625 0.41773265234375 0.8408743671875 0.42592315234375 0.84665529296875 0.263184283203125 0.74770635546875 0.259220478515625 0.73409800390625 0.41773265234375
3 0.823242796875 0.424751521484375 0.92110004296875 0.437539919921875 0.9424924765625 0.272661392578125 0.8273084375 0.265748251953125 0.823242796875 0.424751521484375
4 0.89235083203125 0.43184516796875 0.993427666015625 0.443520828125 0.9945837109375 0.276981689453125 0.909059109375 0.272953732421875 0.89235083203125 0.43184516796875
5 1 0.277205056640625 0.961877529296875 0.2758898828125 0.958581826171875 0.440354517578125 1 0.4422851640625 1 0.277205056640625
7 0.029296875 0.5419921875 0.05859375 0.013671875
3 0.0478515625 0.5419921875 0.064453125 0.013671875
2 0.6172670717592592 0.7155960648148147 0.17975983796296302 0.31795428240740753
9 0.7294704861111111 0.7242042824074074 0.16733217592592586 0.303587962962963
6 0.8518446180555556 0.7255787037037037 0.16753472222222232 0.307494212962963