15 0.137977544921875 0.125767416015625 0.176383439453125 0.12368596484375 0.2071487421875 0.078049892578125 0.150024775390625 0.079958974609375 0.137977544921875 0.125767416015625
10 0.180414111328125 0.0801635625 0.181188705078125 0.08056325390625 0.155375244140625 0.1232780078125 0.213604931640625 0.12196192578125 0.22148046875 0.079190896484375 0.180414111328125 0.0801635625
33 0.1821285546875 0.1219302265625 0.227471447265625 0.1204982734375 0.24789401953125 0.07737259765625 0.188982021484375 0.079377125 0.1821285546875 0.1219302265625
0 0.222050896484375 0.07642351171875 0.2212476953125 0.076027599609375 0.210671703125 0.11720676953125 0.256619296875 0.1174875546875 0.274987091796875 0.076421169921875 0.222050896484375 0.07642351171875
9 0.247235958984375 0.076947951171875 0.248012208984375 0.077343458984375 0.230364818359375 0.11593808203125 0.275693380859375 0.116275044921875 0.296360314453125 0.075080994140625 0.247235958984375 0.076947951171875
2 0.24973687109375 0.116652359375 0.299045474609375 0.11687743359375 0.315585244140625 0.074137486328125 0.26724508984375 0.0760720625 0.24973687109375 0.116652359375
41 1 0.18100516015625 0.996140072265625 0.17943873046875 0.764508296875 0.416015625 0.93557626171875 0.416015625 1 0.3476757890625 1 0.18100516015625
48 0.6221536640625 0.416015625 0.765084322265625 0.416015625 0.9952707421875 0.1819266875 0.85781115234375 0.103180001953125 0.600924345703125 0.403317822265625 0.6221536640625 0.416015625
4 0.562192453125 0.397718107421875 0.797328001953125 0.0777559140625 0.682070611328125 0.018854435546875 0.4252273359375 0.33227299609375 0.562192453125 0.397718107421875
8 0.4111328125 0.32270362109375 0.435056341796875 0.33203612890625 0.694096984375 0.0152439296875 0.6653606875 0.00390625 0.50936951171875 0.00390625 0.4111328125 0.118777017578125 0.4111328125 0.32270362109375
39 0.0732421875 0.658203125 0.146484375 0.3828125
21 0.14460358796296297 0.6912109375 0.2539207175925926 0.377907986111111
10 0.2706163194444444 0.7051866319444444 0.2533130787037037 0.3661892361111112
4 0.3837890625 0.736328125 0.12890625 0.375
31 0.7490451388888889 0.6667317708333333 0.11339699074074061 0.11054687500000004
43 0.8001808449074074 0.6713107638888889 0.1191550925925926 0.1088541666666667
42 0.8484881365740741 0.6779730902777777 0.11309317129629637 0.10468750000000004
9 0.9096932870370371 0.6879774305555555 0.11349826388888884 0.11250000000000004
9 0.9501953125 0.6943359375 0.099609375 0.111328125
7 0.97265625 0.697265625 0.0546875 0.11328125