13 0.087697140625 0.5048828125 0.091164095703125 0.470915265625 0.0412547734375 0.470566115234375 0.038828271484375 0.5048828125 0.087697140625 0.5048828125
28 0.0669656015625 0.5048828125 0.0684454296875 0.470941591796875 0.024111763671875 0.471137294921875 0.01958115625 0.5048828125 0.0669656015625 0.5048828125
25 0.048508068359375 0.5048828125 0.050974068359375 0.471447845703125 0.00702837109375 0.470924353515625 0.00172801171875 0.5048828125 0.048508068359375 0.5048828125
44 0.1416015625 0.6201171875 0.1640625 0.25
39 0.5244140625 0.5908203125 0.16796875 0.19140625
42 0.4033203125 0.6005859375 0.171875 0.2109375
44 0.2607421875 0.609375 0.16015625 0.228515625
44 0.0576171875 0.6279296875 0.115234375 0.267578125
49 0.6064453125 0.5869140625 0.11328125 0.18359375
2 0.966796875 0.6259765625 0.06640625 0.095703125
2 0.935279224537037 0.6379557291666667 0.07484085648148153 0.09674479166666661
9 0.9011067708333333 0.6412109374999999 0.06901041666666674 0.10026041666666652