32 0.281431302734375 0.41555390625 0.26746875 0.3833167890625 0.214340908203125 0.387893046875 0.23198033984375 0.4194788515625 0.281431302734375 0.41555390625
22 0.30658937109375 0.410301982421875 0.288373935546875 0.37827403515625 0.23902100390625 0.38294180859375 0.2542394453125 0.414901068359375 0.30658937109375 0.410301982421875
17 0.330864439453125 0.405197859375 0.311935083984375 0.37339528125 0.262119453125 0.37812137890625 0.2788811484375 0.40998843359375 0.330864439453125 0.405197859375
4 0.368498408203125 0.397218603515625 0.345523251953125 0.36579360546875 0.299304892578125 0.37040734375 0.314876427734375 0.4019149375 0.368498408203125 0.397218603515625
8 0.392391935546875 0.392867994140625 0.37202712890625 0.3613424921875 0.32354341015625 0.365564712890625 0.341201654296875 0.39746382421875 0.392391935546875 0.392867994140625
16 0.418815435546875 0.38748016015625 0.400012076171875 0.355048701171875 0.347376759765625 0.359884720703125 0.365971423828125 0.39228112890625 0.418815435546875 0.38748016015625
46 0.099609375 0.72265625 0.193359375 0.126953125
37 0.1953125 0.7099609375 0.185546875 0.1015625
23 0.2880859375 0.69921875 0.203125 0.080078125
1 0.7578125 0.9228515625 0.181640625 0.15234375
5 0.8505859375 0.90625 0.20703125 0.185546875
6 0.9267578125 0.8955078125 0.146484375 0.205078125