11 0.10584684375 0.279805748046875 0.09695810546875 0.22436688671875 0.03362947265625 0.222701107421875 0.0401735390625 0.2801824765625 0.10584684375 0.279805748046875
17 0.135801470703125 0.281205626953125 0.129630416015625 0.225308685546875 0.0630956640625 0.2243737890625 0.070064595703125 0.27994146484375 0.135801470703125 0.281205626953125
17 0.16556986328125 0.28255173046875 0.159701390625 0.227446990234375 0.09302644921875 0.226116767578125 0.098330986328125 0.2813937578125 0.16556986328125 0.28255173046875
3 0.21405224609375 0.284871556640625 0.211874412109375 0.230788240234375 0.142833666015625 0.229010021484375 0.146023302734375 0.283773240234375 0.21405224609375 0.284871556640625
2 0.24430829296875 0.287406083984375 0.23703007421875 0.233172337890625 0.171693951171875 0.231343791015625 0.177181701171875 0.286049876953125 0.24430829296875 0.287406083984375
15 0.27188969140625 0.288838568359375 0.27242087109375 0.23437273828125 0.200718748046875 0.232577048828125 0.209207767578125 0.28764534375 0.27188969140625 0.288838568359375
15 0.72017911328125 0.353393560546875 0.77794814453125 0.34880433203125 0.7892180078125 0.290264021484375 0.72284453125 0.292253775390625 0.72017911328125 0.353393560546875
32 0.747413244140625 0.350298009765625 0.80652246875 0.3484628828125 0.815906453125 0.28899605859375 0.7514994375 0.290487708984375 0.747413244140625 0.350298009765625
34 0.773239927734375 0.345654771484375 0.821634689453125 0.346571900390625 0.842382201171875 0.28769591015625 0.77723234765625 0.289538787109375 0.773239927734375 0.345654771484375
9 0.807686765625 0.343923541015625 0.8631860234375 0.342898013671875 0.87510197265625 0.28606701953125 0.813495275390625 0.28761530859375 0.807686765625 0.343923541015625
2 0.8294603203125 0.342336404296875 0.89541980859375 0.340045701171875 0.898072064453125 0.282538357421875 0.838948216796875 0.2855014140625 0.8294603203125 0.342336404296875
4 0.855112748046875 0.340487162109375 0.91939158203125 0.33540044921875 0.908351333984375 0.28006583984375 0.8580973125 0.282796662109375 0.855112748046875 0.340487162109375
14 0.24145688657407405 0.8233434606481481 0.15059317129629624 0.2079716435185186
14 0.31493055555555555 0.8294198495370371 0.1504774305555555 0.2060185185185186
10 0.3974826388888889 0.8406394675925926 0.1509403935185185 0.2138310185185186
3 0.466796875 0.8564453125 0.083984375 0.208984375
20 0.7931278935185184 0.7541811342592593 0.0692997685185186 0.05348668981481497
30 0.8127748842592593 0.756712962962963 0.0673466435185186 0.05342881944444455
21 0.8294921875000001 0.7591579861111111 0.0673466435185186 0.05342881944444455
7 0.8549406828703704 0.7608868634259259 0.06723090277777777 0.05147569444444433
5 0.8736111111111111 0.7633897569444444 0.0692997685185186 0.05348668981481475
5 0.8923394097222221 0.766869212962963 0.0692997685185186 0.05348668981481475