17 0.123201052734375 0.305834158203125 0.084516857421875 0.30479426171875 0.073371572265625 0.35868541015625 0.115443693359375 0.361068294921875 0.123201052734375 0.305834158203125
16 0.09208326953125 0.3058085625 0.057285951171875 0.303410765625 0.043249009765625 0.357630126953125 0.083839216796875 0.357655794921875 0.09208326953125 0.3058085625
24 0.06266233203125 0.30368740625 0.02116834375 0.30304434765625 0.0128584765625 0.356765701171875 0.05270059765625 0.3584227109375 0.06266233203125 0.30368740625
28 0.847193650390625 0.4948382265625 0.951407255859375 0.4980373984375 0.94609798828125 0.295459259765625 0.84109852734375 0.297907798828125 0.847193650390625 0.4948382265625
22 0.85603699609375 0.497708306640625 0.84680146484375 0.298266861328125 0.750889712890625 0.29908242578125 0.760617166015625 0.49660366796875 0.85603699609375 0.497708306640625
18 0.766619673828125 0.500578677734375 0.758039240234375 0.29481927734375 0.667952609375 0.29759532421875 0.674868568359375 0.501180791015625 0.766619673828125 0.500578677734375
1 0.643242998046875 0.502504193359375 0.63061971875 0.293668513671875 0.55468563671875 0.290869478515625 0.5524583046875 0.5021554375 0.643242998046875 0.502504193359375
8 0.55920754296875 0.501152966796875 0.563475716796875 0.28951746484375 0.45999570703125 0.294026162109375 0.468522685546875 0.499833650390625 0.55920754296875 0.501152966796875
5 0.4140625 0.292910078125 0.4140625 0.49927668359375 0.479511009765625 0.502251455078125 0.46276078515625 0.29087215234375 0.46426094921875 0.2906388359375 0.4140625 0.292910078125
52 0.10694444444444451 0.9090277777777778 0.10707465277777795 0.17057291666666674
10 0.0439453125 0.919921875 0.087890625 0.15625