30 0.306640625 0.6083984375 0.060546875 0.025390625
11 0.275390625 0.6083984375 0.060546875 0.025390625
24 0.244140625 0.607421875 0.060546875 0.02734375
6 0.227528931640625 0.62109375 0.231389875 0.594237580078125 0.178877154296875 0.593923796875 0.17418335546875 0.62109375 0.227528931640625 0.62109375
0 0.196971275390625 0.62109375 0.20178414453125 0.594457994140625 0.148756970703125 0.593271310546875 0.143413560546875 0.62109375 0.196971275390625 0.62109375
7 0.166369431640625 0.62109375 0.17140601953125 0.594124091796875 0.115343103515625 0.5918740703125 0.112064716796875 0.62109375 0.166369431640625 0.62109375
18 1 0.24603119921875 0.90935967578125 0.247257458984375 0.87384998828125 0.4447872890625 0.963925806640625 0.449082072265625 1 0.299998240234375 1 0.24603119921875
29 0.92168264453125 0.249531529296875 0.807379029296875 0.24929023828125 0.78878499609375 0.443003224609375 0.8841496171875 0.4408282265625 0.92168264453125 0.249531529296875
27 0.824784939453125 0.2492102734375 0.71166215625 0.253023064453125 0.690118748046875 0.44744764453125 0.799863162109375 0.4445026640625 0.824784939453125 0.2492102734375
1 0.694226244140625 0.244813103515625 0.592780923828125 0.24704604296875 0.57908962109375 0.444701560546875 0.6746383046875 0.4392785234375 0.694226244140625 0.244813103515625
9 0.611564302734375 0.24255776171875 0.48390812890625 0.242687861328125 0.484450630859375 0.4483640859375 0.594965615234375 0.444610017578125 0.611564302734375 0.24255776171875
2 0.507360912109375 0.241224798828125 0.38212833984375 0.242374197265625 0.396136345703125 0.45362755859375 0.50624855078125 0.4450178984375 0.507360912109375 0.241224798828125
34 0.08251419921875 0.62394175 0.032000763671875 0.624668728515625 0.03791453515625 0.685465591796875 0.066222302734375 0.68510655859375 0.08251419921875 0.62394175
10 0.056723970703125 0.687554388671875 0.050173412109375 0.624901927734375 0.026222337890625 0.62323351171875 0.004988029296875 0.6870558828125 0.056723970703125 0.687554388671875
25 0 0.6866808828125 0.0224889296875 0.687848486328125 0.03655060546875 0.6242247578125 0.004567953125 0.623358875 0 0.62472061328125 0 0.6866808828125
22 0.874261890625 0.6171875 0.858715701171875 0.74109557421875 0.972180208984375 0.74287459765625 0.991886291015625 0.6171875 0.874261890625 0.6171875
1 0.757588478515625 0.6171875 0.738218462890625 0.727599037109375 0.844363779296875 0.73818845703125 0.868053181640625 0.6171875 0.757588478515625 0.6171875
0 0.652999142578125 0.6171875 0.64495105078125 0.741876759765625 0.757867279296875 0.731893904296875 0.77857926171875 0.6171875 0.652999142578125 0.6171875
4 0.572078478515625 0.6171875 0.557124458984375 0.727237529296875 0.669319912109375 0.73048753125 0.679259826171875 0.6171875 0.572078478515625 0.6171875