17 0.330137228515625 0.2979305546875 0.335313658203125 0.243821380859375 0.30806283203125 0.248125748046875 0.30056409375 0.30435803125 0.330137228515625 0.2979305546875
32 0.353917435546875 0.29344965234375 0.361694564453125 0.238267962890625 0.336244486328125 0.242548189453125 0.33042143359375 0.29730537890625 0.353917435546875 0.29344965234375
34 0.378704421875 0.28750487109375 0.386301576171875 0.232118830078125 0.362576681640625 0.2345286875 0.35698194921875 0.29195664453125 0.378704421875 0.28750487109375
8 0.417467078125 0.2782548203125 0.422457189453125 0.22725352734375 0.398372994140625 0.229254673828125 0.39299412109375 0.281710677734375 0.417467078125 0.2782548203125
0 0.440015990234375 0.272135146484375 0.4461103671875 0.2221533359375 0.42393079296875 0.2237130390625 0.4179573828125 0.2776266953125 0.440015990234375 0.272135146484375
4 0.46318223828125 0.26600663671875 0.471128935546875 0.21599830859375 0.44884813671875 0.21673142578125 0.43968623828125 0.26986236328125 0.46318223828125 0.26600663671875
14 0.5693359375 0.1298828125 0.021484375 0.052734375
2 0.10286458333333337 0.6943359375 0.15646701388888884 0.30195312500000004
7 0.2197627314814815 0.6904296875 0.15118634259259256 0.30937499999999996
4 0.33817997685185186 0.6922526041666667 0.1532841435185186 0.31145833333333317
8 0.4564525462962963 0.6960286458333333 0.15342881944444442 0.3134114583333334
4 0.5283203125 0.7041015625 0.060546875 0.310546875
33 0.593993302734375 0.458984375 0.5878488203125 0.501760439453125 0.67836276953125 0.503634513671875 0.67441444140625 0.458984375 0.593993302734375 0.458984375
5 0.718253890625 0.458984375 0.709109443359375 0.501081236328125 0.79684601953125 0.5125089609375 0.809912185546875 0.458984375 0.718253890625 0.458984375
8 0.810644837890625 0.458984375 0.796512484375 0.5151551796875 0.889779671875 0.520161140625 0.90035243359375 0.458984375 0.810644837890625 0.458984375
5 0.897976515625 0.458984375 0.88248831640625 0.519737224609375 0.971410568359375 0.5300913984375 0.992210716796875 0.458984375 0.897976515625 0.458984375