24 0.48441116898148145 0.04915364583333326 0.03110532407407407 0.050651041666666785
13 0.512767650462963 0.04628906250000009 0.03110532407407396 0.050651041666666785
18 0.538158275462963 0.04459635416666674 0.02719907407407396 0.05039062499999991
6 0.5810908564814815 0.04270833333333335 0.03103298611111116 0.048697916666666785
6 0.6073857060185185 0.04290364583333339 0.02922453703703698 0.052473958333333126
14 0.6328125 0.040234375000000044 0.03110532407407396 0.050651041666666785
1 0 0.5352141484375 0.031510083984375 0.533976759765625 0.0365834140625 0.419921875 0 0.419921875 0 0.5352141484375
28 0.5337630234375 0.666279384765625 0.534073494140625 0.643257158203125 0.518968859375 0.64441008984375 0.5185023984375 0.668018130859375 0.5337630234375 0.666279384765625
15 0.54632948046875 0.66467787109375 0.546528685546875 0.6416605 0.53216075 0.643268740234375 0.531729080078125 0.666678740234375 0.54632948046875 0.66467787109375
29 0.5578878359375 0.6638989921875 0.560226001953125 0.640691068359375 0.54514142578125 0.642016171875 0.54446872265625 0.6652648046875 0.5578878359375 0.6638989921875
2 0.56607815234375 0.652716302734375 0.562457318359375 0.66300220703125 0.57968800390625 0.661856751953125 0.578785154296875 0.638690263671875 0.56368142578125 0.640614263671875 0.56607815234375 0.652716302734375
5 0.57815919140625 0.662236408203125 0.5907083203125 0.660421580078125 0.59184590234375 0.647688623046875 0.5912539921875 0.63729086328125 0.577015875 0.638844154296875 0.57815919140625 0.662236408203125
13 0.60506086328125 0.65863920703125 0.605302978515625 0.63670141015625 0.589638140625 0.637609771484375 0.589333029296875 0.66158055078125 0.60506086328125 0.65863920703125