22 0.1143641875 0.503407419921875 0.1371885546875 0.50511632421875 0.119994634765625 0.45114179296875 0.095999796875 0.449962359375 0.1143641875 0.503407419921875
33 0.13410518359375 0.505397025390625 0.1577601484375 0.50640496484375 0.139680197265625 0.4518039609375 0.117134978515625 0.451114228515625 0.13410518359375 0.505397025390625
32 0.156310673828125 0.507825169921875 0.177073783203125 0.50719566796875 0.16142902734375 0.45243641015625 0.1366175078125 0.452052240234375 0.156310673828125 0.507825169921875
5 0.183492876953125 0.509901662109375 0.209891599609375 0.5083206484375 0.19364011328125 0.454448337890625 0.167275890625 0.4539933984375 0.183492876953125 0.509901662109375
8 0.207348107421875 0.508857751953125 0.233484806640625 0.511700333984375 0.228243107421875 0.4871154140625 0.217946189453125 0.454941947265625 0.191894142578125 0.454899052734375 0.207348107421875 0.508857751953125
6 0.2440799765625 0.47687831640625 0.2433360078125 0.454040564453125 0.217667462890625 0.45521806640625 0.233441744140625 0.51204223828125 0.260854646484375 0.511721537109375 0.2520924609375 0.4834276015625 0.2440799765625 0.47687831640625
12 0.49837239583333337 0.25371093749999996 0.07458043981481488 0.1186197916666667
0 0.6426866319444444 0.23639322916666672 0.07241030092592604 0.11271701388888888
46 0.5415943287037037 0.24782986111111116 0.07060185185185186 0.11657986111111107
52 0.5838758680555556 0.24095052083333335 0.07255497685185186 0.11662326388888888
2 0.6907552083333333 0.23159722222222223 0.06669560185185186 0.11649305555555545
3 0.7338324652777778 0.22962239583333333 0.07096354166666674 0.12634548611111107
22 0.21272519140625 0.765282501953125 0.215903654296875 0.818839404296875 0.241751076171875 0.810778521484375 0.238338287109375 0.7587166484375 0.21272519140625 0.765282501953125
33 0.261368455078125 0.80313657421875 0.257794498046875 0.752247345703125 0.233621611328125 0.758467435546875 0.237301421875 0.810943525390625 0.261368455078125 0.80313657421875
32 0.277929650390625 0.795553384765625 0.27886930859375 0.745011447265625 0.253815044921875 0.7512547734375 0.25845821484375 0.802853384765625 0.277929650390625 0.795553384765625
5 0.30274508984375 0.785636076171875 0.30184840234375 0.736174490234375 0.278961791015625 0.74345454296875 0.280657287109375 0.791618103515625 0.30274508984375 0.785636076171875
8 0.319739966796875 0.778599775390625 0.31608176171875 0.731305759765625 0.297169697265625 0.735801544921875 0.2982011640625 0.7859444296875 0.319739966796875 0.778599775390625
6 0.333798939453125 0.773807408203125 0.33367623828125 0.74803879296875 0.32821445703125 0.744264150390625 0.3325820703125 0.723718603515625 0.311983919921875 0.731853642578125 0.3157349453125 0.779377068359375 0.333798939453125 0.773807408203125
44 0.509765625 0.67578125 0.115234375 0.095703125
44 0.65625 0.6728515625 0.119140625 0.08984375
10 0.427734375 0.68359375 0.064453125 0.111328125
44 0.57421875 0.6728515625 0.103515625 0.08984375