22 0.541015625 0.292775880859375 0.541015625 0.287749744140625 0.51122610546875 0.286818453125 0.47374279296875 0.31857609375 0.510684666015625 0.317446001953125 0.541015625 0.292775880859375
25 0.530322197265625 0.287797978515625 0.49788887109375 0.288089013671875 0.460108828125 0.318091916015625 0.49632044140625 0.318199109375 0.530322197265625 0.287797978515625
31 0.479378892578125 0.320663341796875 0.516757130859375 0.288258578125 0.479034373046875 0.28835271875 0.4476180078125 0.321192255859375 0.479378892578125 0.320663341796875
4 0.47293386328125 0.32194485546875 0.492630875 0.29039698046875 0.4580447890625 0.289788392578125 0.426466275390625 0.3237670703125 0.47293386328125 0.32194485546875
9 0.449798779296875 0.32422956640625 0.480389666015625 0.290240564453125 0.4371694140625 0.29106775390625 0.413051466796875 0.324265541015625 0.449798779296875 0.32422956640625
8 0.43759562890625 0.325899779296875 0.46414673828125 0.291026716796875 0.42931518359375 0.290560513671875 0.39465493359375 0.32608540625 0.43759562890625 0.325899779296875
14 0.259500802734375 0.536443802734375 0.3194391484375 0.521766498046875 0.298961291015625 0.515345798828125 0.239809642578125 0.529898115234375 0.259500802734375 0.536443802734375
28 0.309781548828125 0.5131105546875 0.289851689453125 0.5080901328125 0.257848564453125 0.515517802734375 0.232899666015625 0.522178080078125 0.2459539296875 0.5278631953125 0.309781548828125 0.5131105546875
24 0.24285940234375 0.518677611328125 0.301129693359375 0.50543784375 0.281131349609375 0.50038221484375 0.223590091796875 0.5131805859375 0.24285940234375 0.518677611328125
7 0.288588326171875 0.493022400390625 0.267183341796875 0.486500392578125 0.212427259765625 0.500928529296875 0.226854990234375 0.50479603515625 0.252785212890625 0.49885891796875 0.288588326171875 0.493022400390625
6 0.2792402421875 0.48412169921875 0.260216470703125 0.480328685546875 0.23940293359375 0.48537794140625 0.203330998046875 0.492609041015625 0.221797595703125 0.49859371484375 0.2792402421875 0.48412169921875
16 0.2658222578125 0.475986875 0.2506659375 0.475031033203125 0.212101255859375 0.481834244140625 0.197108564453125 0.48550637890625 0.21325182421875 0.48967996875 0.23390721484375 0.485826216796875 0.271293130859375 0.478201798828125 0.2658222578125 0.475986875
0 0.8544921875 0.5751953125 0.271484375 0.2421875
0 0.7197265625 0.55859375 0.271484375 0.208984375
0 0.603515625 0.541015625 0.2109375 0.173828125