24 0.48320312499999996 0.25319010416666665 0.04921875000000009 0.05572916666666661
13 0.45568576388888893 0.2579065393518518 0.04921875000000009 0.05572916666666661
18 0.430078125 0.2635416666666667 0.045225694444444464 0.053660300925926
6 0.3877387152777778 0.27259837962962963 0.049131944444444464 0.05377604166666661
6 0.36204427083333335 0.2801866319444444 0.04930555555555549 0.05768229166666661
14 0.3364800347222222 0.28484519675925934 0.04921874999999998 0.05572916666666661
22 0.734375 0.76163383203125 0.64968626171875 0.77902158984375 0.635360923828125 0.989558345703125 0.734375 0.969585966796875 0.734375 0.76163383203125
3 0.593634876953125 1 0.6077622734375 0.99713986328125 0.6151739453125 0.79210790234375 0.49429683203125 0.8141680390625 0.50735675390625 1 0.593634876953125 1
6 0.512076060546875 1 0.49622009765625 0.816298416015625 0.38102653125 0.844191626953125 0.4020308046875 1 0.512076060546875 1
4 0.4143902265625 1 0.394305470703125 0.842138970703125 0.299191490234375 0.85748160546875 0.307688099609375 1 0.4143902265625 1
2 0.309990935546875 1 0.29826448828125 0.866578638671875 0.16579816796875 0.911944767578125 0.178583736328125 1 0.309990935546875 1
0 0.9287109375 0.8310546875 0.142578125 0.337890625
0 0.8310546875 0.84765625 0.216796875 0.3046875