24 0.1033216015625 0.141339232421875 0.122865451171875 0.131902546875 0.103924548828125 0.095203732421875 0.085064751953125 0.102375373046875 0.1033216015625 0.141339232421875
13 0.138630693359375 0.1229354375 0.119119033203125 0.084707609375 0.10014409375 0.09478353125 0.119571154296875 0.13342752734375 0.138630693359375 0.1229354375
18 0.15340030078125 0.113594818359375 0.13279637890625 0.0777200859375 0.11645983203125 0.084929595703125 0.136155078125 0.123032697265625 0.15340030078125 0.113594818359375
6 0.175885896484375 0.101275142578125 0.156519416015625 0.06577433203125 0.1391216796875 0.0723335703125 0.16022565625 0.110110884765625 0.175885896484375 0.101275142578125
6 0.188103349609375 0.09538343359375 0.170100587890625 0.05900382421875 0.1545646171875 0.065253302734375 0.171324173828125 0.101470478515625 0.188103349609375 0.09538343359375
14 0.201338048828125 0.08762103125 0.183178748046875 0.05333962890625 0.166470734375 0.060126287109375 0.18517724609375 0.095399583984375 0.201338048828125 0.08762103125
16 0.4326171875 0.2861328125 0.134765625 0.287109375
5 0.5555193865740741 0.2419343171296296 0.19885706018518512 0.2914496527777778
2 0.6681134259259259 0.2075737847222222 0.20081018518518512 0.2915219907407407
5 0.7828776041666667 0.17021122685185186 0.19885706018518512 0.2914496527777778
30 0.095703125 0.8154296875 0.19140625 0.369140625
2 0.2333984375 0.7900390625 0.275390625 0.419921875
1 0.3017578125 0.76171875 0.142578125 0.44140625
13 0.484712953125 0.529296875 0.515998744140625 0.64998796875 0.614517251953125 0.61261480859375 0.59486929296875 0.529296875 0.484712953125 0.529296875
26 0.594067587890625 0.529296875 0.614348830078125 0.61764052734375 0.714328443359375 0.584841224609375 0.701570521484375 0.529296875 0.594067587890625 0.529296875