46 0.625 0.0234375 0.1171875 0.046875
12 0.68359375 0.01953125 0.12109375 0.0390625
11 0.09631799768518517 0.6650607638888889 0.0902922453703704 0.09592013888888884
26 0.12926793981481477 0.6616536458333333 0.09039351851851851 0.09787326388888884
10 0.16319444444444442 0.6582899305555555 0.0844328703703705 0.09565972222222219
2 0.20766059027777772 0.6514973958333333 0.0902922453703705 0.09592013888888884
4 0.23953269675925926 0.64609375 0.08443287037037028 0.09565972222222219
4 0.2744357638888889 0.6427734375 0.09039351851851851 0.09787326388888884
22 0.4501953125 0.47767807421875 0.4501953125 0.612452017578125 0.49936925 0.752424078125 0.6307747578125 0.722932939453125 0.53785944140625 0.461669814453125 0.4501953125 0.47767807421875
23 0.7328614453125 0.691773150390625 0.643880466796875 0.432256619140625 0.520445189453125 0.460192333984375 0.610880458984375 0.72256719140625 0.7328614453125 0.691773150390625
10 0.8371343984375 0.662574841796875 0.700780310546875 0.4106520078125 0.629780271484375 0.427757322265625 0.70631661328125 0.69673103515625 0.8371343984375 0.662574841796875
5 0.97807884375 0.62809779296875 0.88443113671875 0.375068015625 0.759787287109375 0.39840016015625 0.858597625 0.660517802734375 0.97807884375 0.62809779296875
7 1 0.3740234375 0.867231482421875 0.3740234375 0.96453097265625 0.63041619921875 1 0.624737353515625 1 0.3740234375