30 0.17424978125 0.357421875 0.17264181640625 0.339305212890625 0.123037802734375 0.33847823828125 0.125475478515625 0.357421875 0.17424978125 0.357421875
11 0.206321064453125 0.357421875 0.201594439453125 0.338588791015625 0.159446376953125 0.3393019296875 0.16009637109375 0.357421875 0.206321064453125 0.357421875
24 0.24422906640625 0.357421875 0.242961380859375 0.336108775390625 0.19137165625 0.33692946484375 0.19393387109375 0.357421875 0.24422906640625 0.357421875
6 0.292178791015625 0.357421875 0.290225455078125 0.33498844921875 0.241301720703125 0.336201833984375 0.241991119140625 0.357421875 0.292178791015625 0.357421875
0 0.326989203125 0.357421875 0.3215871953125 0.3321264140625 0.27523475 0.33544716796875 0.277385671875 0.357421875 0.326989203125 0.357421875
7 0.360154052734375 0.357421875 0.359896419921875 0.329205787109375 0.30809494921875 0.332192109375 0.313019732421875 0.357421875 0.360154052734375 0.357421875
34 0.53125 0.342876115234375 0.589041705078125 0.33807130859375 0.590194541015625 0.13390672265625 0.53125 0.136097736328125 0.53125 0.342876115234375
10 0.689673701171875 0.3463657734375 0.635948259765625 0.133946576171875 0.59000513671875 0.139602119140625 0.573854650390625 0.3418033984375 0.689673701171875 0.3463657734375
2 0.699693337890625 0.282258734375 0.68854647265625 0.3470241875 0.79962139453125 0.352378646484375 0.781282822265625 0.1417773984375 0.6864167421875 0.140858169921875 0.699693337890625 0.282258734375
9 0.782461087890625 0.357421875 0.839160541015625 0.357421875 0.875585458984375 0.3558586484375 0.888883349609375 0.157448498046875 0.772957380859375 0.149577013671875 0.782461087890625 0.357421875
4 0.8561305 0.357421875 0.978861296875 0.357421875 0.960035720703125 0.147637861328125 0.869649541015625 0.154546830078125 0.871141859375 0.1547421015625 0.8561305 0.357421875
16 0.0546875 0.78515625 0.109375 0.42578125
30 0.1357421875 0.78125 0.212890625 0.43359375
2 0.3212890625 0.7822265625 0.224609375 0.431640625
1 0.4501953125 0.78125 0.189453125 0.43359375
0 0.5126953125 0.7802734375 0.068359375 0.435546875
23 0.6960575810185186 0.7960792824074074 0.12556423611111112 0.20269097222222232
13 0.779419849537037 0.7953920717592593 0.12371238425925934 0.20449942129629628
11 0.8589771412037037 0.7924623842592593 0.12361111111111112 0.20254629629629628
0 0.955078125 0.79296875 0.08984375 0.19921875