1 0.6484375 0.0400390625 0.140625 0.080078125
6 0.7548828125 0.0439453125 0.158203125 0.087890625
2 0.861328125 0.052734375 0.1640625 0.10546875
38 0.0595703125 0.666015625 0.119140625 0.3515625
37 0.15020978009259256 0.7001302083333334 0.18431712962962965 0.34453124999999996
25 0.2718460648148148 0.7141276041666667 0.19263599537037035 0.3256510416666667
2 0.4310980902777778 0.7502604166666667 0.19712094907407396 0.33372395833333335
9 0.5205078125 0.775390625 0.126953125 0.326171875
13 0.583984375 0.662109375 0.0625 0.205078125
11 0.6316912615740741 0.6719401041666666 0.13317418981481466 0.205078125
0 0.7437065972222222 0.6833333333333333 0.12731481481481488 0.2046874999999999
2 0.8235677083333333 0.6916015625 0.13122106481481488 0.20494791666666679
3 0.927565525390625 0.79814069921875 0.97344421875 0.602981478515625 0.864398509765625 0.594019494140625 0.8385624765625 0.79082593359375 0.927565525390625 0.79814069921875