28 0.7060546875 0.0634765625 0.166015625 0.126953125
31 0.6357421875 0.060546875 0.150390625 0.12109375
28 0.521303025390625 0.978781904296875 0.563495521484375 0.790157814453125 0.468676876953125 0.777953771484375 0.4266681796875 0.97032494921875 0.521303025390625 0.978781904296875
22 0.41959635416666663 0.8719545717592593 0.14817708333333335 0.21168981481481475
17 0.34505208333333326 0.8616319444444445 0.14635416666666679 0.21362847222222214
0 0.24231770833333333 0.8491464120370371 0.14427083333333335 0.21166087962962976
4 0.16347656249999998 0.8446542245370371 0.1528645833333333 0.22343749999999996
8 0.08606770833333333 0.8333333333333334 0.14869791666666665 0.21950231481481475
10 0.771484375 0.552734375 0.154296875 0.138671875
44 0.6064453125 0.541015625 0.08984375 0.115234375
44 0.6591796875 0.544921875 0.16796875 0.123046875
43 0.8515625 0.5556640625 0.158203125 0.14453125
12 0.923828125 0.564453125 0.15234375 0.1640625