11 0.397511574074074 0.4507595486111111 0.0634403935185186 0.044357638888888884
20 0.36735387731481484 0.45136718750000004 0.06527777777777777 0.04249131944444429
13 0.33817274305555556 0.4520182291666667 0.0653935185185186 0.04444444444444451
2 0.2953197337962963 0.4520616319444445 0.06332465277777777 0.042404513888888884
0 0.2671730324074074 0.45373263888888893 0.06320891203703694 0.040451388888888884
6 0.2380497685185185 0.45536024305555556 0.06527777777777777 0.04249131944444451
46 0.8478153935185184 0.12052951388888888 0.1195601851851853 0.16957465277777772
44 0.5566478587962963 0.1543402777777778 0.12093460648148135 0.15989583333333335
44 0.5166015625 0.1591796875 0.0625 0.171875
44 0.6203486689814814 0.1445095486111111 0.11414930555555558 0.1440104166666667
31 0.7821614583333334 0.13027343749999998 0.11381655092592613 0.17126736111111107
36 0.7149522569444444 0.13020833333333337 0.12105034722222219 0.16184895833333335
5 0.333984375 0.544921875 0.197265625 0.083984375
0 0.2060546875 0.546875 0.1875 0.087890625
6 0.167809662109375 0.5029296875 0.017668048828125 0.5029296875 0.0384687890625 0.5736630078125 0.09715703515625 0.629051638671875 0.186001853515625 0.58778703125 0.167809662109375 0.5029296875
19 0.6887822734375 0.624772115234375 0.690974685546875 0.609391455078125 0.641966302734375 0.6075657734375 0.64135405078125 0.624325609375 0.6887822734375 0.624772115234375
24 0.67214325390625 0.625077802734375 0.667662693359375 0.60858269921875 0.622625326171875 0.60803400390625 0.622573505859375 0.624471890625 0.67214325390625 0.625077802734375
21 0.603252068359375 0.620298271484375 0.601644044921875 0.624048935546875 0.651986873046875 0.62437613671875 0.650059072265625 0.608318404296875 0.6281007890625 0.608338236328125 0.62807209375 0.619339203125 0.603252068359375 0.620298271484375
9 0.626324611328125 0.6230619140625 0.61641060546875 0.615913203125 0.624350810546875 0.613725859375 0.62234555078125 0.60786887890625 0.576181240234375 0.606960693359375 0.578264693359375 0.6229690546875 0.626324611328125 0.6230619140625
7 0.60708046484375 0.623090345703125 0.603601587890625 0.60648198046875 0.557699107421875 0.605752189453125 0.559192185546875 0.622942888671875 0.60708046484375 0.623090345703125
3 0.583619134765625 0.606326642578125 0.539584123046875 0.60628823046875 0.538639099609375 0.61856402734375 0.540822123046875 0.621973716796875 0.588833689453125 0.622108130859375 0.583619134765625 0.606326642578125