28 0.34292534722222223 0.3262080439814815 0.04613715277777786 0.03204571759259256
15 0.32845052083333326 0.3228443287037037 0.04418402777777786 0.03197337962962954
29 0.3129991319444445 0.31951678240740744 0.04613715277777786 0.03204571759259256
2 0.28977864583333335 0.31550202546296297 0.04418402777777786 0.03197337962962965
5 0.2743272569444444 0.31217447916666663 0.04622395833333348 0.03399884259259256
13 0.2588324652777778 0.30982349537037035 0.04622395833333326 0.03399884259259256
6 0.8836805555555556 0.2671440972222222 0.13910590277777768 0.19343171296296302
9 0.7389973958333333 0.2539785879629629 0.14327256944444455 0.19943576388888884
10 0.958984375 0.279296875 0.08203125 0.19921875
1 0.8197482638888889 0.2578125 0.12756076388888893 0.19690393518518523
30 0.470703125 0.916775017578125 0.470703125 0.880397171875 0.42231285546875 0.87321926953125 0.385051291015625 0.973562259765625 0.44437694921875 0.985905890625 0.470703125 0.916775017578125
25 0.39694771484375 0.97512476171875 0.43323675390625 0.873345599609375 0.37453365234375 0.86441863671875 0.337519791015625 0.965218330078125 0.39694771484375 0.97512476171875
3 0.338273337890625 0.960779552734375 0.368961748046875 0.86064352734375 0.307373900390625 0.8511185390625 0.2760310078125 0.954446890625 0.338273337890625 0.960779552734375
5 0.289190234375 0.953247298828125 0.321970763671875 0.851652337890625 0.2615013984375 0.841873193359375 0.2291381015625 0.945003828125 0.289190234375 0.953247298828125
9 0.243034083984375 0.948364390625 0.275113955078125 0.844012927734375 0.21180801171875 0.8355655234375 0.189267373046875 0.938973302734375 0.243034083984375 0.948364390625
19 0.8525390625 0.67578125 0.232421875 0.09765625
32 0.7431640625 0.6689453125 0.236328125 0.083984375