30 0.362415328125 0.482651265625 0.41463166015625 0.473429529296875 0.390513912109375 0.420856458984375 0.337643431640625 0.43003871875 0.362415328125 0.482651265625
11 0.3956722265625 0.47333654296875 0.44629935546875 0.46407402734375 0.41864196484375 0.409708171875 0.368703009765625 0.418086734375 0.3956722265625 0.47333654296875
24 0.426541216796875 0.461358126953125 0.477222396484375 0.45253630859375 0.450391095703125 0.399012966796875 0.399364345703125 0.40827083203125 0.426541216796875 0.461358126953125
6 0.4951171875 0.38661690234375 0.442492380859375 0.3924098359375 0.481172162109375 0.446777166015625 0.4951171875 0.445299861328125 0.4951171875 0.38661690234375
10 0.5107421875 0.1142578125 0.09765625 0.17578125
25 0.5631944444444444 0.09602864583333337 0.13535879629629632 0.17656249999999996
6 0.66015625 0.080078125 0.134765625 0.158203125
1 0.7265625 0.0751953125 0.119140625 0.1484375
1 0.79296875 0.06640625 0.115234375 0.130859375
9 0.18143807870370376 0.96171875 0.056987847222222054 0.02304687499999991
19 0.1181785300925926 0.9805989583333333 0.056987847222222276 0.02304687499999991
7 0.20188802083333335 0.9564453125 0.056987847222222276 0.02304687499999991
3 0.21939380787037033 0.950390625 0.056987847222222054 0.02304687499999991
24 0.13568431712962958 0.9745442708333334 0.056987847222222276 0.02304687499999991
21 0.184546216796875 0.975142494140625 0.182114400390625 0.970461939453125 0.154239412109375 0.972142828125 0.1450838984375 0.9598718359375 0.12711476171875 0.962781283203125 0.138675498046875 0.980966751953125 0.184546216796875 0.975142494140625