19 0.23118489583333335 0.42413194444444446 0.08064236111111112 0.08606770833333321
13 0.19207899305555554 0.4200086805555556 0.08064236111111112 0.08606770833333321
20 0.15493344907407403 0.41677517361111116 0.08064236111111112 0.08606770833333321
9 0.10115740740740742 0.41037326388888884 0.08064236111111112 0.08606770833333321
6 0.06108217592592591 0.4072699652777778 0.08064236111111112 0.08606770833333321
3 0.03125 0.40234375 0.0625 0.0859375
33 1 0 0.948793962890625 0 0.906198642578125 0.225682482421875 1 0.232193390625 1 0
20 0.79881359765625 0 0.751682677734375 0.207526265625 0.93249280859375 0.2286317734375 0.9649507578125 0 0.79881359765625 0
0 0.63829376171875 0 0.590411185546875 0.19795759765625 0.734493314453125 0.21267334375 0.772464380859375 0 0.63829376171875 0
8 0.51512243359375 0 0.465276765625 0.184241326171875 0.6171535 0.205699962890625 0.65648509375 0 0.51512243359375 0
9 0.4326171875 0 0.4326171875 0.190368220703125 0.481154328125 0.20371330078125 0.53558178515625 0 0.4326171875 0
11 0.3779296875 0.6904296875 0.17578125 0.208984375
12 0.2578125 0.6865234375 0.193359375 0.201171875
1 0.1025390625 0.6787109375 0.19140625 0.185546875
2 0.037109375 0.6689453125 0.07421875 0.166015625