13 0.331801177734375 0.3095703125 0.329036505859375 0.297044673828125 0.29440704296875 0.300949953125 0.295967337890625 0.3095703125 0.331801177734375 0.3095703125
0 0.595703125 0.3095703125 0.717039013671875 0.3095703125 0.72480926953125 0.108785673828125 0.595703125 0.11873533984375 0.595703125 0.3095703125
8 0.838357361328125 0.3095703125 0.848091048828125 0.103703314453125 0.71905951953125 0.114310138671875 0.707858919921875 0.3095703125 0.838357361328125 0.3095703125
0 0.9474235078125 0.3095703125 0.97251318359375 0.099891291015625 0.83983183203125 0.103853642578125 0.828942404296875 0.3095703125 0.9474235078125 0.3095703125
5 1 0.092971990234375 0.964181169921875 0.097508328125 0.941999423828125 0.3095703125 1 0.3095703125 1 0.092971990234375
10 0.12405960648148151 0.6879701967592593 0.11219618055555558 0.24341724537037024
10 0.21563946759259256 0.6753110532407407 0.12029803240740744 0.25180844907407396
4 0.45641637731481477 0.6457248263888888 0.12471064814814814 0.26576967592592604
5 0.5498046875 0.6298828125 0.107421875 0.265625
13 0.3120298032407407 0.6603370949074074 0.13064236111111116 0.2681568287037037
5 0.953125 0.47265625 0.09375 0.07421875
5 0.9560546875 0.529296875 0.087890625 0.07421875
1 0.9453125 0.4169921875 0.109375 0.060546875
39 0.9619140625 0.5966796875 0.076171875 0.068359375
23 0.96484375 0.6513671875 0.0703125 0.072265625
23 0.970703125 0.70703125 0.05859375 0.078125