19 0.3554910703125 0.568359375 0.36501011328125 0.5373401328125 0.310956986328125 0.538586962890625 0.303372630859375 0.568359375 0.3554910703125 0.568359375
13 0.376398333984375 0.568359375 0.385855923828125 0.538083818359375 0.3349409296875 0.53850112109375 0.325941935546875 0.568359375 0.376398333984375 0.568359375
20 0.3966728046875 0.568359375 0.408636302734375 0.535399333984375 0.3570335234375 0.537392701171875 0.3477382265625 0.568359375 0.3966728046875 0.568359375
9 0.419259029296875 0.568359375 0.43689119921875 0.53362657421875 0.390926353515625 0.534292517578125 0.37572425390625 0.568359375 0.419259029296875 0.568359375
6 0.4440191171875 0.568359375 0.454612607421875 0.532656736328125 0.412169505859375 0.533653744140625 0.3970240390625 0.568359375 0.4440191171875 0.568359375
3 0.46065758984375 0.568359375 0.473688408203125 0.53071894140625 0.425745939453125 0.532850212890625 0.41557832421875 0.568359375 0.46065758984375 0.568359375
30 0.7432725694444444 0.055881076388888895 0.10047743055555558 0.11011284722222225
10 0.7847222222222222 0.06382378472222222 0.10047743055555558 0.11011284722222225
26 0.8270182291666667 0.06879340277777779 0.1025173611111112 0.11215277777777777
6 0.8841362847222223 0.07701822916666667 0.1029513888888891 0.12191840277777777
2 0.9247395833333334 0.08793402777777781 0.10047743055555536 0.11011284722222214
9 0.9560546875 0.095703125 0.087890625 0.1171875
27 0 0.871990177734375 0.0909124140625 0.767239095703125 0.037990525390625 0.69641534375 0 0.693278205078125 0 0.871990177734375
0 0.2078986171875 1 0.265524076171875 0.757398982421875 0.119466359375 0.71697548046875 0.055954228515625 1 0.2078986171875 1
1 0.332744146484375 1 0.374687421875 0.76837244140625 0.253906009765625 0.759267671875 0.188766083984375 1 0.332744146484375 1
4 0.47336103125 1 0.52734375 0.808057916015625 0.52734375 0.7967384453125 0.38293019140625 0.779587849609375 0.319979650390625 1 0.47336103125 1
20 1 0.586800333984375 0.777877650390625 0.58507512109375 0.775049314453125 0.584668611328125 0.760920650390625 0.67294817578125 1 0.684549306640625 1 0.586800333984375
9 1 0.726916611328125 0.75789796484375 0.70732428515625 0.746899880859375 0.78726388671875 1 0.812726416015625 1 0.726916611328125
8 0.732878173828125 0.894053587890625 0.9966401796875 0.9046021953125 0.999908544921875 0.82730769921875 0.744578478515625 0.810452607421875 0.732878173828125 0.894053587890625
9 0.979997943359375 1 0.985071953125 0.92392722265625 0.72622536328125 0.8953284296875 0.721294578125 0.9786717734375 0.933191396484375 1 0.979997943359375 1