13 0.28607494212962964 0.20728443287037035 0.07776331018518523 0.07009548611111116
28 0.32153501157407405 0.21184172453703703 0.07776331018518512 0.07009548611111116
25 0.3570457175925926 0.21737557870370372 0.07981770833333335 0.07212094907407396
4 0.40740740740740744 0.22627314814814814 0.07776331018518512 0.07009548611111116
7 0.4419921875 0.23281973379629628 0.07786458333333335 0.07204861111111116
9 0.4765769675925926 0.23936631944444442 0.07991898148148158 0.07407407407407418
18 0.640625 0.21484375 0.12890625 0.4296875
30 0.7099609375 0.2529296875 0.267578125 0.443359375
4 1 0.160702248046875 0.873764578125 0.12324442578125 0.76311412890625 0.49435660546875 0.902783787109375 0.552028240234375 1 0.1970779140625 1 0.160702248046875
8 1 0.2124916640625 0.891833537109375 0.569221048828125 1 0.605986369140625 1 0.2124916640625
28 0.1162109375 0.93359375 0.181640625 0.1328125
26 0.255727892578125 1 0.2750140859375 0.87258452734375 0.161265900390625 0.8765807109375 0.145921947265625 1 0.255727892578125 1
14 0.2900390625 0.935546875 0.189453125 0.12890625
0 0.4072265625 0.9453125 0.181640625 0.109375
3 0.4951171875 0.94921875 0.185546875 0.1015625