44 0.4951171875 0.0341796875 0.0546875 0.068359375
44 0.4658203125 0.037109375 0.0390625 0.07421875
44 0.53515625 0.0302734375 0.064453125 0.060546875
20 0.58984375 0.025390625 0.056640625 0.05078125
49 0.673828125 0.0205078125 0.064453125 0.041015625
17 0.6318359375 0.0244140625 0.06640625 0.048828125
10 0.43140200390625 0.35319644921875 0.34577174609375 0.361038076171875 0.33215337109375 0.62946044921875 0.449496544921875 0.62034758203125 0.43140200390625 0.35319644921875
0 0.277349896484375 0.367320162109375 0.159600349609375 0.379488615234375 0.18961783984375 0.631718787109375 0.294333236328125 0.62468582421875 0.277349896484375 0.367320162109375
9 0.19181025390625 0.62219349609375 0.168444052734375 0.3745149609375 0.031871169921875 0.38447522265625 0.093437095703125 0.625388505859375 0.19181025390625 0.62219349609375
8 0 0.6329134296875 0.0832921640625 0.632183705078125 0.038528921875 0.379501568359375 0 0.38357801171875 0 0.6329134296875
6 0.5679904513888889 0.685720486111111 0.11779513888888893 0.19405381944444455
6 0.6465928819444444 0.6715060763888889 0.11779513888888893 0.19405381944444455
3 0.7282552083333333 0.6542317708333334 0.13003472222222223 0.20629340277777786
36 0.8479166666666667 0.6372178819444444 0.11974826388888893 0.19414062499999996
20 0.974609375 0.6162109375 0.05078125 0.208984375
50 0.9264756944444444 0.6239800347222222 0.11992187499999996 0.19804687499999996