28 0.275066443359375 0 0.275717591796875 0.020020310546875 0.327224943359375 0.022457107421875 0.32664438671875 0 0.275066443359375 0
15 0.29946341796875 0 0.300729462890625 0.02309928125 0.352507435546875 0.0230060703125 0.349326935546875 0 0.29946341796875 0
29 0.323153478515625 0 0.32455113671875 0.023133181640625 0.369108826171875 0.024342724609375 0.372417060546875 0 0.323153478515625 0
2 0.366713462890625 0 0.374019771484375 0.008620822265625 0.35711283203125 0.025403203125 0.40234375 0.026276884765625 0.40234375 0 0.366713462890625 0
17 0.4580078125 0.1396484375 0.166015625 0.279296875
30 0.5673828125 0.1455078125 0.212890625 0.291015625
0 0.8193359375 0.15234375 0.201171875 0.3046875
0 0.923828125 0.1533203125 0.15234375 0.306640625
26 0.03125 0.6982421875 0.0625 0.185546875
5 0.10585214120370368 0.7115523726851851 0.11488715277777772 0.1864872685185186
2 0.17832031250000002 0.7181351273148149 0.11333912037037042 0.19422743055555558
3 0.2504340277777778 0.7178819444444444 0.11468460648148149 0.1825810185185186
12 0.862269296875 0.923078798828125 0.852449033203125 0.8366195703125 0.80229406640625 0.839916578125 0.814194822265625 0.935727580078125 0.862269296875 0.923078798828125
20 0.8923346328125 0.9130501640625 0.8801668984375 0.8327109765625 0.83091669921875 0.837254146484375 0.842046935546875 0.91918914453125 0.8923346328125 0.9130501640625
29 0.9172874296875 0.9108735078125 0.913117583984375 0.833239818359375 0.8597475 0.832819234375 0.8738251953125 0.91534374609375 0.9172874296875 0.9108735078125
2 0.955144609375 0.908381234375 0.943016173828125 0.83037683984375 0.89521196484375 0.833280947265625 0.904374052734375 0.91094777734375 0.955144609375 0.908381234375
3 0.981292638671875 0.90511596875 0.965391001953125 0.8269877265625 0.922332755859375 0.83054312109375 0.935825359375 0.90835684765625 0.981292638671875 0.90511596875
3 1 0.8826682421875 0.99269219140625 0.82491731640625 0.94674225 0.82910584765625 0.9618836484375 0.90651177734375 1 0.902388240234375 1 0.8826682421875