8 0 0.38702918359375 0.04199567578125 0.386451125 0.033551560546875 0.333512197265625 0 0.33410822265625 0 0.38702918359375
16 0.072866421875 0.387654548828125 0.06180184375 0.334068208984375 0.000960470703125 0.33375000390625 0.004671041015625 0.3868422890625 0.072866421875 0.387654548828125
29 0.6265914351851852 0.17306857638888895 0.13666087962962958 0.2667100694444444
18 0.6706090856481481 0.18120659722222232 0.109375 0.2685908564814814
11 0.7204716435185186 0.18880208333333337 0.15849247685185186 0.29173900462962954
0 0.8622178819444444 0.20905671296296302 0.1728877314814814 0.34157986111111116
8 0.9267578125 0.2216796875 0.146484375 0.373046875
9 0 0.705047296875 0.013992130859375 0.697963025390625 0.030789408203125 0.686422595703125 0 0.68273211328125 0 0.705047296875
15 0 0.73778893359375 0.0118715703125 0.740255998046875 0.0501333046875 0.69324024609375 0.0093875546875 0.686526185546875 0 0.697342931640625 0 0.73778893359375
12 0.4599609375 0.4853515625 0.134765625 0.154296875
40 0.537109375 0.494140625 0.13671875 0.171875
10 0.6064453125 0.4990234375 0.126953125 0.181640625
6 0.7131799768518519 0.5131293402777778 0.13748553240740735 0.19068287037037046
1 0.7836371527777778 0.5281032986111112 0.11987847222222214 0.18742766203703698
9 0.8570095486111111 0.5423177083333333 0.13754340277777777 0.19458912037037024