28 0.415210125 0.408203125 0.3985834296875 0.382801001953125 0.38238480859375 0.39889362109375 0.388269224609375 0.408203125 0.415210125 0.408203125
24 0.43840343359375 0.408203125 0.4144273828125 0.3724086796875 0.397281171875 0.383988931640625 0.412519923828125 0.408203125 0.43840343359375 0.408203125
0 0.449331326171875 0.405170146484375 0.462114912109375 0.39477090625 0.45462103515625 0.377559861328125 0.434828712890625 0.35109865234375 0.419994564453125 0.363474802734375 0.449331326171875 0.405170146484375
9 0.462022919921875 0.362706451171875 0.457444177734375 0.34925018359375 0.451273724609375 0.34381089453125 0.437513373046875 0.3440441328125 0.434269326171875 0.351064771484375 0.462320787109375 0.392669267578125 0.4708326328125 0.384903818359375 0.468884130859375 0.372998921875 0.462022919921875 0.362706451171875
15 0.48758462109375 0.37021098046875 0.461665142578125 0.325754798828125 0.44794558984375 0.340314318359375 0.475343818359375 0.383397669921875 0.48758462109375 0.37021098046875
16 0.23937355324074072 0.6662326388888888 0.05530960648148153 0.08774594907407396
15 0.27944878472222223 0.6643156828703703 0.05727719907407414 0.08984375
29 0.3244285300925926 0.6598307291666667 0.059230324074074026 0.08998842592592604
5 0.38797743055555556 0.6547670717592593 0.05923032407407414 0.08998842592592604
5 0.43198061342592586 0.6502097800925926 0.05727719907407414 0.08984375
7 0.4769458912037037 0.6476779513888888 0.05726273148148153 0.087890625