6 0.42578125 0.4716796875 0.0859375 0.0625
9 0.39335937499999996 0.47773437500000004 0.0864583333333333 0.06341145833333339
6 0.35963541666666665 0.4822916666666667 0.09049479166666674 0.06562500000000004
28 1 0.01110559375 0.928856845703125 0.01721979296875 1 0.215852177734375 1 0.01110559375
23 0.9150390625 0.123046875 0.169921875 0.234375
16 0.8340494791666666 0.1365234375 0.1766927083333334 0.22109374999999998
5 0.7149739583333333 0.14414062499999997 0.17265624999999996 0.21888020833333333
0 0.63125 0.15703124999999996 0.17500000000000004 0.22486979166666665
8 0.5484375 0.16901041666666666 0.1684895833333333 0.21471354166666667
11 1 0.5927734375 0.98367223828125 0.5927734375 0.887923966796875 0.60399754296875 0.9522796171875 0.904000576171875 1 0.901786443359375 1 0.5927734375
26 0.71663803515625 0.620046541015625 0.81452487890625 0.92881875 0.969864283203125 0.90749925390625 0.9111715625 0.602111734375 0.908772328125 0.6023329296875 0.71663803515625 0.620046541015625
5 0.693947244140625 0.614442751953125 0.5047448671875 0.636374828125 0.630636494140625 0.95521909375 0.7816295859375 0.93126355859375 0.693947244140625 0.614442751953125
4 0.531464009765625 0.64440620703125 0.533521087890625 0.647019625 0.4296875 0.65992775 0.4296875 0.80959017578125 0.49025115234375 0.967203216796875 0.6431624296875 0.9493925546875 0.536009275390625 0.6467980703125 0.531464009765625 0.64440620703125