22 0.1162109375 0.5654296875 0.072265625 0.04296875
33 0.1533203125 0.564453125 0.072265625 0.044921875
32 0.1904296875 0.5634765625 0.072265625 0.046875
5 0.2431640625 0.5634765625 0.072265625 0.046875
8 0.28125 0.5634765625 0.0703125 0.046875
6 0.3173828125 0.5625 0.072265625 0.048828125
26 0.564453125 0.5869140625 0.69658606640625 0.5869140625 0.698774890625 0.337368228515625 0.564453125 0.334999390625 0.564453125 0.5869140625
4 0.851753826171875 0.5869140625 0.86070065625 0.341281970703125 0.730813939453125 0.340044345703125 0.71016237890625 0.5869140625 0.851753826171875 0.5869140625
4 0.9617444921875 0.5869140625 0.97593975 0.350528978515625 0.842808751953125 0.35058755859375 0.82945363671875 0.5869140625 0.9617444921875 0.5869140625
7 1 0.3516309921875 0.975652775390625 0.3505201640625 0.949425857421875 0.5869140625 1 0.5869140625 1 0.3516309921875
12 0.58519528515625 0.5927734375 0.38212715234375 0.5927734375 0.5479805703125 0.68129134375 0.591796875 0.61914299609375 0.591796875 0.595380296875 0.58519528515625 0.5927734375
8 0.51869946875 0.77257695703125 0.55109581640625 0.699515060546875 0.35932215234375 0.60640853125 0.315121537109375 0.66940062890625 0.51869946875 0.77257695703125
6 0.480885353515625 0.848219474609375 0.530273529296875 0.77007044921875 0.315014078125 0.679447720703125 0.265617837890625 0.74499589453125 0.480885353515625 0.848219474609375
0 0.444583994140625 0.918646662109375 0.48859282421875 0.845467150390625 0.2799957109375 0.744658134765625 0.244788322265625 0.80269719921875 0.444583994140625 0.918646662109375
18 0.702458373046875 0.96953230859375 0.699816642578125 0.699831115234375 0.573133314453125 0.6960552421875 0.579245326171875 0.969585046875 0.702458373046875 0.96953230859375
4 0.87361850390625 0.972869388671875 0.864604044921875 0.703235564453125 0.735447619140625 0.7024518359375 0.737240466796875 0.9687285078125 0.87361850390625 0.972869388671875
3 0.852187201171875 0.9685751953125 0.982660796875 0.967678125 0.992021708984375 0.702279177734375 0.849015798828125 0.700191994140625 0.852187201171875 0.9685751953125