5 0.36210937499999996 0.39772135416666665 0.05364583333333339 0.07504340277777777
7 0.3263020833333333 0.390697337962963 0.04947916666666674 0.0709056712962961
9 0.2904947916666667 0.3836733217592593 0.049609374999999956 0.07285879629629632
35 0.6940755208333333 0.2537905092592593 0.07890624999999996 0.13295717592592582
16 0.6408854166666667 0.24279513888888893 0.07460937500000009 0.12686631944444438
24 0.5857421875 0.23168402777777786 0.0747395833333333 0.12881944444444438
4 0.5111328125 0.21843894675925923 0.0727864583333333 0.12870370370370376
4 0.45677083333333335 0.21031539351851847 0.07291666666666674 0.13065682870370376
4 0.4130859375 0.201171875 0.05078125 0.12890625
0 0.3076171875 0.6650390625 0.1640625 0.251953125
1 0.189453125 0.6572265625 0.201171875 0.236328125
4 0.076171875 0.6435546875 0.15234375 0.208984375
33 0.87890625 0.580078125 0.115234375 0.08203125
35 0.796875 0.5791015625 0.115234375 0.080078125
15 0.71875 0.5771484375 0.123046875 0.076171875
9 0.603515625 0.580078125 0.123046875 0.08203125
4 0.472778869140625 0.5390625 0.467042810546875 0.610688251953125 0.557414498046875 0.608519248046875 0.561672283203125 0.5390625 0.472778869140625 0.5390625
8 0.3876953125 0.5390625 0.3876953125 0.61600759765625 0.469404609375 0.61361312890625 0.4735395 0.5390625 0.3876953125 0.5390625