28 0.1235021953125 0.44921875 0.127829091796875 0.44188868359375 0.0717730390625 0.43880406640625 0.065500341796875 0.44921875 0.1235021953125 0.44921875
15 0.100634681640625 0.44921875 0.107318080078125 0.4380557265625 0.051936546875 0.43404469140625 0.04449255078125 0.44921875 0.100634681640625 0.44921875
29 0.0218875546875 0.44921875 0.07809184375 0.44921875 0.086194583984375 0.435118265625 0.0836560546875 0.43432341015625 0.030020296875 0.43121005078125 0.0218875546875 0.44921875
2 0 0.44921875 0.036763921875 0.44921875 0.053174029296875 0.431490908203125 0.002154646484375 0.426688611328125 0 0.429658974609375 0 0.44921875
5 0 0.44921875 0.005059791015625 0.44921875 0.031528423828125 0.426832041015625 0 0.42477831640625 0 0.44921875
49 0.0629557291666667 0.9021918402777778 0.07621527777777781 0.07690972222222214
37 0.0341796875 0.90234375 0.068359375 0.07421875
42 0.01953125 0.90234375 0.0390625 0.07421875
37 0.9189453125 0.8115234375 0.162109375 0.330078125
50 0.8133897569444444 0.8093532986111112 0.1938368055555557 0.31362847222222223
51 0.6829861111111111 0.8034722222222223 0.18952546296296302 0.3057291666666666
6 0.5283203125 0.8125 0.138671875 0.31640625