28 0.5741102430555556 0.201685474537037 0.13933738425925934 0.20234375000000004
23 0.6555844907407408 0.2148582175925926 0.14560185185185182 0.21032986111111107
13 0.7374131944444444 0.2211950231481481 0.1376880787037038 0.20814525462962963
0 0.8511140046296296 0.2353226273148148 0.14149305555555558 0.20630787037037046
3 0.9306640625 0.2470703125 0.138671875 0.208984375
8 0.9736328125 0.2548828125 0.052734375 0.208984375
10 0.1106522578125 0.4208984375 0.295085150390625 0.58488703125 0.39142995703125 0.4885068828125 0.2960386640625 0.4208984375 0.1106522578125 0.4208984375
52 0 0.5029809140625 0.213254751953125 0.669932271484375 0.297679451171875 0.5715996171875 0.10786855078125 0.4208984375 0 0.4208984375 0 0.5029809140625
23 0 0.683725400390625 0.1045350703125 0.76767194921875 0.206497248046875 0.65546795703125 0 0.49446245703125 0 0.683725400390625
10 0.498046875 0.9603168671875 0.54383085546875 0.964970494140625 0.586979802734375 0.74502278125 0.498046875 0.7398535546875 0.498046875 0.9603168671875
31 0.611055123046875 0.966971775390625 0.67359948828125 0.76635851953125 0.571732673828125 0.75073551171875 0.5314174921875 0.966952658203125 0.611055123046875 0.966971775390625
0 0.73833885546875 0.99556605078125 0.784941109375 0.7916107109375 0.692011435546875 0.77908134375 0.63899634765625 0.976162931640625 0.73833885546875 0.99556605078125
6 0.77466330859375 0.788288599609375 0.77142714453125 0.789223259765625 0.71979763671875 0.995877419921875 0.744561296875 0.9990234375 0.814719919921875 0.9990234375 0.8626211875 0.797446333984375 0.77466330859375 0.788288599609375
9 0.848427796875 0.806427908203125 0.796849763671875 0.9990234375 0.893231958984375 0.9990234375 0.934639236328125 0.815275466796875 0.848427796875 0.806427908203125