23 0.551167896484375 0.205512326171875 0.55177999609375 0.14677804296875 0.498043095703125 0.14834015625 0.49764751953125 0.2064042578125 0.551167896484375 0.205512326171875
23 0.517973140625 0.207044412109375 0.51783981640625 0.148658955078125 0.464159810546875 0.150755642578125 0.4642430703125 0.20793634375 0.517973140625 0.207044412109375
35 0.48435540234375 0.208426640625 0.484191775390625 0.151149697265625 0.43029450390625 0.153697087890625 0.431172267578125 0.210313439453125 0.48435540234375 0.208426640625
2 0.436484765625 0.2117450703125 0.43472732421875 0.15467853515625 0.38160537109375 0.157617892578125 0.38222878125 0.21459169140625 0.436484765625 0.2117450703125
4 0.401780115234375 0.214950859375 0.400354443359375 0.15871060546875 0.35136641796875 0.160611962890625 0.348757873046875 0.216780900390625 0.401780115234375 0.214950859375
3 0.368532974609375 0.217647296875 0.3686634375 0.15977140625 0.314142853515625 0.1622796328125 0.317079982421875 0.21977733984375 0.368532974609375 0.217647296875
3 0.904296875 0.259765625 0.150390625 0.19921875
0 0.8056640625 0.2744140625 0.140625 0.169921875
6 0.73828125 0.283203125 0.080078125 0.15234375
12 0.525123291015625 1 0.67057473046875 0.7874507109375 0.570177341796875 0.73622991015625 0.4480917265625 0.952516595703125 0.515780783203125 1 0.525123291015625 1
40 0.572679443359375 0.74891512890625 0.494880619140625 0.705312869140625 0.348816056640625 0.92403534375 0.474337419921875 0.956866283203125 0.572679443359375 0.74891512890625
31 0.503966193359375 0.699191697265625 0.378240833984375 0.6584944375 0.274529048828125 0.88087595703125 0.3642952421875 0.909383544921875 0.503966193359375 0.699191697265625
2 0.37174040234375 0.652621041015625 0.27454119140625 0.61297827734375 0.14451933203125 0.8380170234375 0.268187712890625 0.878935716796875 0.37174040234375 0.652621041015625
5 0.281515564453125 0.6092665546875 0.1641944296875 0.573583294921875 0.06489733203125 0.805354837890625 0.1546856015625 0.825996111328125 0.281515564453125 0.6092665546875
8 0 0.78328537109375 0.0806581953125 0.7928910546875 0.16971140625 0.582113919921875 0.175472283203125 0.56768355859375 0.08573576171875 0.538954529296875 0 0.7367625078125 0 0.78328537109375
2 0.6982421875 0.7485405546875 0.82257047265625 0.65729987890625 0.75691718359375 0.5826119453125 0.6982421875 0.620015875 0.6982421875 0.7485405546875
8 0.6982421875 0.90448479296875 0.91035447265625 0.754683763671875 0.8263306796875 0.67689216015625 0.6982421875 0.77042391796875 0.6982421875 0.90448479296875
0 0.783036521484375 1 0.974033935546875 0.87076412890625 0.914211380859375 0.7783722890625 0.6982421875 0.91251484765625 0.6982421875 1 0.783036521484375 1