13 0.4755859375 0.2421875 0.095703125 0.484375
8 0.59375 0.2392578125 0.23046875 0.478515625
8 0.7294921875 0.2470703125 0.216796875 0.494140625
9 0.8725405092592593 0.2524305555555556 0.22837094907407396 0.4898871527777777
3 0 0.637168890625 0.077804869140625 0.639440130859375 0.05374955859375 0.513671875 0 0.513671875 0 0.637168890625
4 0.0214947265625 0.513671875 0.0454318515625 0.6336104453125 0.1432156953125 0.636391662109375 0.10777213671875 0.513671875 0.0214947265625 0.513671875
5 0.0814231484375 0.513671875 0.114944802734375 0.632870478515625 0.20506561328125 0.6319681328125 0.18124907421875 0.513671875 0.0814231484375 0.513671875
47 0.4990234375 0.876953125 0.142578125 0.24609375
20 0.5810546875 0.8740234375 0.212890625 0.251953125
9 0.763671875 0.8603515625 0.2265625 0.279296875
9 0.900390625 0.8681640625 0.19921875 0.263671875
2 0.962890625 0.8662109375 0.07421875 0.267578125