22 0.24691116898148147 0.182566550925926 0.09513888888888888 0.05222800925925908
33 0.27960792824074077 0.19134837962962958 0.09318576388888888 0.052170138888888884
32 0.31132812499999996 0.2001591435185185 0.09328703703703711 0.054123263888888884
2 0.35666956018518514 0.20954137731481481 0.09534143518518512 0.0561342592592593
4 0.38946759259259256 0.2163700810185185 0.09534143518518512 0.0561342592592593
8 0.4072265625 0.2255859375 0.068359375 0.0546875
27 0.3984375 0.4423828125 0.46209202734375 0.4423828125 0.473135501953125 0.435509638671875 0.3984375 0.43224452734375 0.3984375 0.4423828125
17 0.4619140625 0.4404296875 0.095703125 0.00390625
14 0.55324119921875 0.735992970703125 0.5598255546875 0.72337259765625 0.507274501953125 0.724248833984375 0.49870397265625 0.736847751953125 0.55324119921875 0.735992970703125
28 0.514441115234375 0.7351669375 0.5657518828125 0.73410882421875 0.5720246328125 0.729817150390625 0.57424201171875 0.723505072265625 0.5242287578125 0.72410187890625 0.514441115234375 0.7351669375
24 0.560699955078125 0.73313683203125 0.5886556171875 0.732245318359375 0.589029103515625 0.72255265234375 0.588624056640625 0.721415005859375 0.536311216796875 0.722629783203125 0.529527052734375 0.732944103515625 0.560699955078125 0.73313683203125
7 0.5617113125 0.72979133203125 0.5776675390625 0.730448177734375 0.59119152734375 0.7303924140625 0.614823203125 0.718687830078125 0.55435683203125 0.71950213671875 0.55948663671875 0.72725375390625 0.5617113125 0.72979133203125
6 0.56777353125 0.729623078125 0.6268169140625 0.728934552734375 0.628356548828125 0.7178453515625 0.58069004296875 0.718057896484375 0.5817855625 0.7182737734375 0.56777353125 0.729623078125
16 0.642669869140625 0.72765005078125 0.644284525390625 0.7169721796875 0.590182615234375 0.71719059765625 0.584438708984375 0.728775630859375 0.642669869140625 0.72765005078125