28 0.254040251953125 0.2513382890625 0.224851685546875 0.244572734375 0.197874578125 0.2638980078125 0.226776478515625 0.2706404609375 0.254040251953125 0.2513382890625
15 0.2121388671875 0.262331892578125 0.23916115625 0.242550123046875 0.209665658203125 0.236235802734375 0.187953029296875 0.2548160859375 0.2121388671875 0.262331892578125
29 0.202023412109375 0.253087771484375 0.2258227890625 0.233810046875 0.19357631640625 0.228270994140625 0.174875740234375 0.248134638671875 0.202023412109375 0.253087771484375
2 0.181762736328125 0.241368810546875 0.204183375 0.2215392265625 0.178114896484375 0.217083955078125 0.14980273046875 0.234228712890625 0.181762736328125 0.241368810546875
5 0.162981181640625 0.23277078515625 0.19151714453125 0.213893033203125 0.164328740234375 0.2079910703125 0.137182015625 0.226303208984375 0.162981181640625 0.23277078515625
13 0.15145030859375 0.22634259765625 0.178468591796875 0.205280853515625 0.15213421875 0.2005298828125 0.12414860546875 0.217676478515625 0.15145030859375 0.22634259765625
20 0.4443359375 0.9345703125 0.2109375 0.125
0 0.2646484375 0.9140625 0.2109375 0.166015625
4 0.13671875 0.9013671875 0.212890625 0.19140625
2 0.0546875 0.890625 0.109375 0.2109375
28 0.838151548828125 0.6123046875 0.815489291015625 0.818237611328125 0.867427119140625 0.8224318671875 0.889316970703125 0.6123046875 0.838151548828125 0.6123046875
26 0.80971699609375 0.6123046875 0.78562317578125 0.82303408984375 0.837709009765625 0.82277855078125 0.859850380859375 0.6123046875 0.80971699609375 0.6123046875
15 0.762386548828125 0.6123046875 0.76141028125 0.822116892578125 0.8052634609375 0.825027033203125 0.8292896484375 0.6123046875 0.762386548828125 0.6123046875
2 0.722806021484375 0.6123046875 0.707871423828125 0.82401829296875 0.765830185546875 0.82796265234375 0.785321484375 0.6123046875 0.722806021484375 0.6123046875
6 0.69733507421875 0.6123046875 0.671873341796875 0.82519760546875 0.732812326171875 0.828911091796875 0.744547861328125 0.6123046875 0.69733507421875 0.6123046875
0 0.661986662109375 0.6123046875 0.6430129765625 0.824029630859375 0.699706904296875 0.83170930078125 0.715356501953125 0.6123046875 0.661986662109375 0.6123046875