11 0.8349103009259259 0.14522569444444444 0.02546296296296302 0.04010416666666661
13 0.8572699652777778 0.14427083333333335 0.02556423611111125 0.04205729166666661
21 0.8806568287037038 0.14433593749999996 0.02556423611111125 0.04205729166666661
1 0.9127314814814815 0.14283854166666665 0.02165798611111125 0.04188368055555558
0 0.9352430555555555 0.14481336805555556 0.02751736111111125 0.04214409722222223
4 0.9606336805555555 0.1459418402777778 0.025665509259259256 0.04401041666666661
15 0.32364244921875 0.691738890625 0.320577208984375 0.573285318359375 0.260899521484375 0.57059017578125 0.277699328125 0.6921238828125 0.32364244921875 0.691738890625
13 0.35379050925925926 0.6337890625 0.06877893518518519 0.12387152777777777
28 0.638208912037037 0.6400390625 0.10078125000000004 0.21493055555555562
35 0.7281539351851851 0.6459852430555555 0.10684317129629628 0.21909722222222205
23 0.8202039930555556 0.6549479166666666 0.10499131944444451 0.22096354166666665
4 0.947265625 0.666015625 0.10546875 0.22265625