10 0 0.80654210546875 0.088196400390625 0.80029966015625 0.07830887890625 0.6642323359375 0.0046817265625 0.668823193359375 0 0.7792195390625 0 0.80654210546875
10 0.154559951171875 0.796855583984375 0.1367707265625 0.66183086328125 0.067087720703125 0.665287751953125 0.062750203125 0.802444677734375 0.154559951171875 0.796855583984375
6 0.23854146875 0.79344646875 0.248605310546875 0.6543020546875 0.155367740234375 0.65870010546875 0.1523144765625 0.797249541015625 0.23854146875 0.79344646875
6 0.30021702734375 0.788073912109375 0.316538966796875 0.653664779296875 0.222868486328125 0.65603948046875 0.215458494140625 0.7910442578125 0.30021702734375 0.788073912109375
6 0.274906603515625 0.7845752265625 0.36051247265625 0.781956859375 0.380928759765625 0.647074708984375 0.297932814453125 0.652456927734375 0.274906603515625 0.7845752265625
16 0.443785708984375 0.79962232421875 0.519575912109375 0.795470515625 0.503799474609375 0.736388236328125 0.419550904296875 0.739327775390625 0.443785708984375 0.79962232421875
26 0.497608904296875 0.800588703125 0.5796876328125 0.800697998046875 0.559428677734375 0.738760236328125 0.48423085546875 0.739548369140625 0.497608904296875 0.800588703125
22 0.55862144921875 0.799934015625 0.652774060546875 0.794809478515625 0.64258514453125 0.72845509375 0.54583293359375 0.736590591796875 0.55862144921875 0.799934015625
9 0.662569607421875 0.79330975 0.74805376171875 0.789276162109375 0.746919572265625 0.724402623046875 0.651982525390625 0.727618611328125 0.662569607421875 0.79330975
7 0.740806595703125 0.78957560546875 0.81754811328125 0.78612040234375 0.824115068359375 0.7185031015625 0.721232119140625 0.72312753125 0.740806595703125 0.78957560546875
10 0.796643009765625 0.71734731640625 0.794992181640625 0.71593101171875 0.8054335859375 0.781582439453125 0.894997919921875 0.772627076171875 0.877608328125 0.71121840625 0.797520078125 0.716587365234375 0.796643009765625 0.71734731640625