12 0.070207416015625 0.312141529296875 0.13054646484375 0.315698029296875 0.1409568359375 0.254942919921875 0.08164009765625 0.250604361328125 0.070207416015625 0.312141529296875
32 0.103499890625 0.3167275390625 0.15736529296875 0.321073455078125 0.175524498046875 0.259738115234375 0.11528438671875 0.25478162109375 0.103499890625 0.3167275390625
27 0.193659609375 0.326009302734375 0.208762728515625 0.264642947265625 0.151487375 0.25956033984375 0.134394763671875 0.32256083203125 0.193659609375 0.326009302734375
4 0.239942744140625 0.33268667578125 0.254027080078125 0.2707553359375 0.19788116796875 0.26612128515625 0.181929630859375 0.328170322265625 0.239942744140625 0.33268667578125
2 0.273003162109375 0.338159015625 0.28809688671875 0.275906705078125 0.23008084765625 0.2719591484375 0.214439412109375 0.333503296875 0.273003162109375 0.338159015625
7 0.25025143359375 0.337408669921875 0.304519873046875 0.34097279296875 0.32333826171875 0.280593494140625 0.262231521484375 0.275330443359375 0.25025143359375 0.337408669921875
19 0.6552734375 0.083984375 0.142578125 0.16796875
20 0.7265625 0.099609375 0.19140625 0.19921875
34 0.814453125 0.1083984375 0.18359375 0.216796875
1 0.92578125 0.119140625 0.1484375 0.23828125
2 0.9677734375 0.126953125 0.064453125 0.25390625
35 0.66015625 0.44140625 0.15234375 0.15625
29 0.728515625 0.4521484375 0.19140625 0.134765625
5 0.859375 0.466796875 0.19140625 0.10546875
0 0.9306640625 0.474609375 0.138671875 0.08984375
19 0.873537876953125 0.876099626953125 0.889570025390625 0.814082158203125 0.827117859375 0.809706490234375 0.81361390625 0.87267690234375 0.873537876953125 0.876099626953125
15 0.849677013671875 0.878356599609375 0.90721225390625 0.881670322265625 0.923456919921875 0.81869601953125 0.867431734375 0.81408584375 0.849677013671875 0.878356599609375
25 0.88425878515625 0.881666431640625 0.940961353515625 0.88570721484375 0.95990016796875 0.82491041796875 0.9004414453125 0.819637724609375 0.88425878515625 0.881666431640625
4 1 0.830384021484375 0.950915333984375 0.82644687109375 0.933615169921875 0.888581439453125 0.992331318359375 0.8937676328125 1 0.8655868046875 1 0.830384021484375
7 1 0.830914015625 0.998842619140625 0.83086443359375 0.97102233203125 0.893299771484375 1 0.89458991015625 1 0.830914015625