16 0.4970703125 0.063956865234375 0.45448746484375 0.058850419921875 0.4109172578125 0.11639511328125 0.4970703125 0.128142796875 0.4970703125 0.063956865234375
26 0.47031288671875 0.06218659765625 0.39161487109375 0.0526253828125 0.3503608046875 0.11250524609375 0.436572828125 0.121967041015625 0.47031288671875 0.06218659765625
22 0.410183333984375 0.05026869921875 0.310939515625 0.03051278125 0.279482748046875 0.095665236328125 0.376932720703125 0.112097060546875 0.410183333984375 0.05026869921875
9 0.3073543046875 0.025457609375 0.208767251953125 0.01122013671875 0.186636787109375 0.07603171875 0.27504023828125 0.0899906015625 0.3073543046875 0.025457609375
7 0.130441376953125 0 0.1171141640625 0.062312853515625 0.197816431640625 0.0749093125 0.239985537109375 0.010573193359375 0.1722129921875 0 0.130441376953125 0
10 0.06879973828125 0 0.045273224609375 0.0372080078125 0.137522056640625 0.057066560546875 0.165547345703125 0 0.06879973828125 0
21 0.8994140625 0.154296875 0.201171875 0.30859375
22 0.7861328125 0.1396484375 0.244140625 0.279296875
10 0.6513671875 0.125 0.236328125 0.25
6 0.521484375 0.1025390625 0.125 0.205078125
15 0.4306640625 0.5986328125 0.1328125 0.287109375
21 0.35427517361111116 0.5809100115740741 0.21315104166666687 0.2855902777777777
20 0.2451171875 0.5693359375 0.203125 0.263671875
2 0.0986328125 0.5576171875 0.197265625 0.240234375
1 0.044921875 0.546875 0.08984375 0.21875
31 0.904296875 0.4775390625 0.095703125 0.080078125
22 0.8662109375 0.4775390625 0.09765625 0.080078125
30 0.8271484375 0.47265625 0.09765625 0.0703125
2 0.7724609375 0.4697265625 0.1015625 0.064453125
5 0.732421875 0.4658203125 0.099609375 0.056640625
5 0.6943359375 0.46484375 0.09765625 0.0546875