12 0.525390625 0.1064453125 0.1015625 0.212890625
31 0.4267578125 0.1064453125 0.197265625 0.212890625
34 0.2841796875 0.1044921875 0.197265625 0.208984375
0 0.087890625 0.1025390625 0.17578125 0.205078125
11 0.44246854296875 1 0.473221048828125 0.849114525390625 0.370604931640625 0.841910966796875 0.3390008125 0.94112742578125 0.329516044921875 1 0.44246854296875 1
11 0.3515338671875 1 0.37669421875 0.83919710546875 0.272247193359375 0.83002952734375 0.2349002578125 0.935226802734375 0.22728639453125 1 0.3515338671875 1
20 0.24802075390625 1 0.2783897890625 0.82796161328125 0.1441996875 0.818467974609375 0.179807318359375 0.939774509765625 0.13675741796875 1 0.24802075390625 1
2 0.1184166484375 1 0.136937345703125 0.814165451171875 0 0.814240634765625 0 0.850044525390625 0.017972958984375 0.952505048828125 0 0.98656673828125 0 1 0.1184166484375 1
2 0.91015625 0.8974609375 0.1796875 0.205078125
9 0.798828125 0.90234375 0.16015625 0.1953125
6 0.6845703125 0.9052734375 0.173828125 0.189453125