46 0.8994140625 0.09375 0.197265625 0.18359375
22 0.767578125 0.1171875 0.20703125 0.23046875
40 0.6201171875 0.119140625 0.216796875 0.234375
0 0.478515625 0.1396484375 0.12890625 0.275390625
30 0.2621744791666667 0.5587890625 0.17439236111111112 0.2065104166666667
26 0.14175347222222223 0.58046875 0.1684461805555555 0.2022135416666666
13 0.0537109375 0.591796875 0.107421875 0.203125
1 1 0.451171875 0.902308765625 0.451171875 0.8663607109375 0.744415083984375 0.988112189453125 0.73276863671875 1 0.64203133984375 1 0.451171875
2 0.9176688125 0.453376921875 0.76200621875 0.470055052734375 0.733257798828125 0.772415916015625 0.878429818359375 0.76152077734375 0.9176688125 0.453376921875
42 0.60067563671875 0.488840875 0.573855138671875 0.792427732421875 0.70373069140625 0.773059330078125 0.75486744921875 0.47680567578125 0.7583639296875 0.4748781171875 0.60067563671875 0.488840875
20 0.616778091796875 0.48913985546875 0.47244920703125 0.504223646484375 0.44026333984375 0.812981658203125 0.5820554140625 0.789296279296875 0.616778091796875 0.48913985546875
47 0.4140625 0.80648184765625 0.431788 0.80488644140625 0.4907892265625 0.5100284453125 0.4140625 0.51852575390625 0.4140625 0.80648184765625