9 0.34407552083333326 0.2490234375 0.04079861111111116 0.029296875
19 0.27799479166666663 0.240234375 0.04065393518518512 0.02734375
7 0.3638237847222222 0.251953125 0.04065393518518512 0.02734375
3 0.3824508101851851 0.2529296875 0.04079861111111116 0.029296875
24 0.29669415509259256 0.2421875 0.04065393518518512 0.02734375
21 0.334946712890625 0.259077029296875 0.335862412109375 0.25253021875 0.31428253125 0.248696197265625 0.314628201171875 0.230934337890625 0.299658623046875 0.230812615234375 0.29766229296875 0.25670355078125 0.334946712890625 0.259077029296875
14 1 0 0.95592188671875 0 0.95648022265625 0.010582576171875 1 0.012769771484375 1 0
13 0.085805556640625 0.828258283203125 0.1035265625 0.62352843359375 0.02759358984375 0.61906545703125 0.0098037421875 0.818628515625 0.085805556640625 0.828258283203125
12 0.142202390625 0.8373559609375 0.1634736796875 0.6366144765625 0.0882516796875 0.627882181640625 0.070341798828125 0.82861706640625 0.142202390625 0.8373559609375
12 0.2042958046875 0.84556945703125 0.22513969140625 0.641262955078125 0.148648392578125 0.635062537109375 0.127302806640625 0.8397069140625 0.2042958046875 0.84556945703125
8 0.214206060546875 0.851651595703125 0.29660980859375 0.862996990234375 0.316638767578125 0.757126193359375 0.3100010859375 0.649286802734375 0.2373331015625 0.64583649609375 0.214206060546875 0.851651595703125
3 0.358116474609375 0.87410060546875 0.389444712890625 0.66186573046875 0.30113612109375 0.652897251953125 0.28190480859375 0.8653877578125 0.358116474609375 0.87410060546875
9 0.4072265625 0.663294921875 0.378015439453125 0.660433888671875 0.34601991796875 0.874406724609375 0.4072265625 0.87925319921875 0.4072265625 0.663294921875
31 0.462586275390625 0.717336662109375 0.471090953125 0.598240162109375 0.413036919921875 0.60498784375 0.419214919921875 0.719247826171875 0.462586275390625 0.717336662109375
20 0.51981762109375 0.714232240234375 0.5108913828125 0.59204169921875 0.45445033203125 0.599522216796875 0.450506349609375 0.7216413984375 0.51981762109375 0.714232240234375
26 0.561865078125 0.713416435546875 0.557701515625 0.5939586171875 0.49780275390625 0.59726966015625 0.500446955078125 0.713899966796875 0.561865078125 0.713416435546875
1 0.616969609375 0.71349503125 0.605966208984375 0.59173501953125 0.552652544921875 0.59640097265625 0.55805696484375 0.711568603515625 0.616969609375 0.71349503125
6 0.66111339453125 0.714547599609375 0.654833939453125 0.589472154296875 0.5964748515625 0.59258712109375 0.598155806640625 0.71484459765625 0.66111339453125 0.714547599609375
8 0.699662537109375 0.7080748359375 0.695722861328125 0.594499484375 0.640939427734375 0.593552134765625 0.640928 0.710393212890625 0.699662537109375 0.7080748359375