14 0.21221238671875 0.35065504296875 0.242588931640625 0.334591271484375 0.233184712890625 0.3277437578125 0.20323426953125 0.34363037890625 0.21221238671875 0.35065504296875
28 0.205666330078125 0.344143080078125 0.236822427734375 0.327845095703125 0.229820390625 0.322049939453125 0.1991451875 0.337201654296875 0.205666330078125 0.344143080078125
24 0.202653998046875 0.338080482421875 0.231812619140625 0.32305943359375 0.2232612109375 0.31665687890625 0.193841546875 0.3312434453125 0.202653998046875 0.338080482421875
7 0.19427025 0.32738390625 0.223745359375 0.31367958984375 0.215250408203125 0.30619892578125 0.186372013671875 0.3228943359375 0.19427025 0.32738390625
6 0.18927834375 0.32280044140625 0.21725275390625 0.306253296875 0.21110428515625 0.3015242890625 0.181325712890625 0.315856291015625 0.18927834375 0.32280044140625
16 0.21338437890625 0.301380529296875 0.21249873046875 0.298900755859375 0.20349666796875 0.297029158203125 0.17770815625 0.309959923828125 0.182874484375 0.31697090625 0.21338437890625 0.301380529296875
21 0.9248046875 0.423828125 0.150390625 0.2421875
15 0.8297960069444444 0.40742910879629624 0.13449074074074074 0.23003472222222232
11 0.7349826388888889 0.3929036458333333 0.13451967592592595 0.2339409722222222
6 0.597142650462963 0.36929253472222223 0.15211226851851856 0.23641493055555562
4 0.5234375 0.35546875 0.0859375 0.23828125
31 0.2777396171875 0.968511037109375 0.310680505859375 0.863744205078125 0.262111859375 0.845170287109375 0.240698642578125 0.957540494140625 0.2777396171875 0.968511037109375
20 0.248086662109375 0.9607610390625 0.272830224609375 0.846110205078125 0.224734046875 0.826330390625 0.18861238671875 0.9381262734375 0.248086662109375 0.9607610390625
26 0.201226318359375 0.9382410859375 0.23051448046875 0.830596216796875 0.179584357421875 0.814305744140625 0.14833016015625 0.924239150390625 0.201226318359375 0.9382410859375
1 0.1465411015625 0.91876523828125 0.17786113671875 0.813006580078125 0.132916228515625 0.796891001953125 0.0952369375 0.907534439453125 0.1465411015625 0.91876523828125
6 0.106696583984375 0.909365919921875 0.136383333984375 0.79603552734375 0.08680382421875 0.780216923828125 0.052502814453125 0.89514991796875 0.106696583984375 0.909365919921875
8 0.065866208984375 0.89187618359375 0.093334783203125 0.783597556640625 0.04667404296875 0.77280099609375 0.016624283203125 0.877211298828125 0.065866208984375 0.89187618359375
23 0.98046875 0.7451171875 0.0390625 0.115234375
11 0.9536241319444444 0.7375144675925926 0.07894965277777777 0.113179976851852
7 0.8920283564814815 0.725925925925926 0.08093171296296298 0.11714409722222219
4 0.8421657986111111 0.7166377314814815 0.07701099537037037 0.11507523148148158
3 0.794921875 0.7060546875 0.078125 0.115234375