19 0.1064453125 0.27568721064814816 0.06406249999999991 0.030512152777777857
9 0.033723958333333304 0.27167245370370374 0.06406249999999991 0.030512152777777857
7 0.021484375 0.26953125 0.04296875 0.03125
24 0.08509114583333333 0.2748480902777778 0.06419270833333335 0.03246527777777786
21 0.06380208333333337 0.2730324074074074 0.06419270833333335 0.03246527777777786
22 0.6876942265625 0 0.66880269140625 0.147001013671875 0.8051954453125 0.1421246484375 0.82215708984375 0 0.6876942265625 0
10 0.6024879453125 0 0.566895365234375 0.152874173828125 0.697919517578125 0.156056970703125 0.71604416015625 0 0.6024879453125 0
26 0.490933515625 0 0.48046875 0.049779916015625 0.48046875 0.15394039453125 0.602759271484375 0.14758714453125 0.626663896484375 0 0.490933515625 0
28 0.380466052734375 0.781149388671875 0.40861603515625 0.735658462890625 0.364470791015625 0.730785947265625 0.3361153671875 0.775972046875 0.380466052734375 0.781149388671875
15 0.358190291015625 0.777506205078125 0.388741134765625 0.730714046875 0.343466587890625 0.724821939453125 0.317961837890625 0.769518052734375 0.358190291015625 0.777506205078125
29 0.368169388671875 0.7265593359375 0.366186373046875 0.72559365625 0.321214525390625 0.72069187109375 0.29642408203125 0.766332154296875 0.33915858984375 0.772003580078125 0.368169388671875 0.7265593359375
2 0.335912640625 0.721128828125 0.293384294921875 0.71428059375 0.259849869140625 0.759343412109375 0.31079421484375 0.765130923828125 0.314993259765625 0.744321642578125 0.335912640625 0.721128828125
5 0.282054751953125 0.76095469921875 0.315001154296875 0.715302263671875 0.27083921875 0.707126638671875 0.24113884375 0.7537484140625 0.282054751953125 0.76095469921875
13 0.2650897578125 0.75662943359375 0.293931140625 0.710467462890625 0.247969158203125 0.702979779296875 0.217943111328125 0.748821830078125 0.2650897578125 0.75662943359375
47 0.8690755208333334 0.6521050347222223 0.17851562500000018 0.2583333333333333
27 0.7695963541666666 0.6553168402777778 0.18476562499999982 0.26449652777777777
39 0.6782552083333333 0.6532407407407408 0.1703125000000001 0.25206886574074083
0 0.55078125 0.6533203125 0.140625 0.2421875