14 1 0.26229921875 0.9918949375 0.25451683203125 0.96529906640625 0.276040626953125 0.97465509765625 0.285552607421875 1 0.265137896484375 1 0.26229921875
28 0.991672494140625 0.254763142578125 0.982653546875 0.24732639453125 0.968868810546875 0.2585446953125 0.958161732421875 0.26859082421875 0.964177205078125 0.277045556640625 0.991672494140625 0.254763142578125
24 0.9574223203125 0.2679032421875 0.982794310546875 0.247371609375 0.973642654296875 0.23968136328125 0.948575345703125 0.2595328046875 0.9574223203125 0.2679032421875
7 0.969899888671875 0.23582813671875 0.960267888671875 0.225890109375 0.937067263671875 0.248229134765625 0.943535130859375 0.25411630859375 0.954563408203125 0.2449121171875 0.969899888671875 0.23582813671875
6 0.960237888671875 0.225539236328125 0.951805580078125 0.219778671875 0.943005681640625 0.227606349609375 0.9276842421875 0.238838080078125 0.93597615234375 0.247967041015625 0.960237888671875 0.225539236328125
16 0.94969961328125 0.2160866015625 0.943272861328125 0.214542841796875 0.9273843828125 0.226020587890625 0.921259091796875 0.23219638671875 0.9282629296875 0.239104490234375 0.93676230859375 0.23260678125 0.9521134140625 0.21976309375 0.94969961328125 0.2160866015625
36 0.18417245370370372 0.6700954861111111 0.1273437500000001 0.2163194444444445
38 0.0937572337962963 0.6523871527777778 0.12349537037037028 0.21809895833333326
40 0.03515625 0.630859375 0.0703125 0.203125
22 0.9453125 0.7119140625 0.109375 0.345703125
0 0.776439525462963 0.6708550347222222 0.18107638888888888 0.318185763888889
8 0.6560980902777778 0.6400824652777778 0.155222800925926 0.30143229166666674
0 0.5395182291666667 0.6143663194444444 0.1665364583333333 0.28828125000000004
5 0.419921875 0.731301521484375 0.476499681640625 0.735757314453125 0.48973297265625 0.463741734375 0.419921875 0.45323140234375 0.419921875 0.731301521484375