6 0.4027416087962963 0.2055121527777778 0.06331018518518516 0.0571469907407407
16 0.3743778935185185 0.20634403935185186 0.06328124999999996 0.0551938657407407
28 0.5317398203125 0.236355365234375 0.5299221171875 0.185885916015625 0.47365475 0.183365076171875 0.47879312109375 0.234174986328125 0.5317398203125 0.236355365234375
14 0.560925814453125 0.186006505859375 0.560002775390625 0.186202107421875 0.501565724609375 0.184739466796875 0.5019583515625 0.23893782421875 0.56130134765625 0.23965023828125 0.560925814453125 0.186006505859375
24 0.503200244140625 0.23573291015625 0.50368891015625 0.185386556640625 0.448586478515625 0.18065614453125 0.44569423828125 0.2331143671875 0.503200244140625 0.23573291015625
7 0.4508522734375 0.23457469921875 0.461950796875 0.1815022421875 0.400953294921875 0.181263953125 0.4137578671875 0.23332903125 0.4508522734375 0.23457469921875
0 0.246043113425926 0.5820674189814815 0.1176070601851853 0.1665219907407407
0 0.17172309027777777 0.5834056712962963 0.11370081018518519 0.16623263888888884
46 0.39870515046296295 0.5718677662037037 0.11772280092592591 0.1743344907407407
37 0.3369936342592592 0.580005787037037 0.11961805555555571 0.17057291666666652
7 0.11397569444444444 0.5879267939814815 0.12369791666666663 0.1825810185185186
47 0.46812789351851847 0.5711443865740741 0.1256221064814813 0.18077256944444442