7 0.0302734375 0.453125 0.060546875 0.0234375
9 0.048625578703703765 0.45088252314814814 0.06176215277777786 0.023611111111111027
3 0.01953125 0.4580078125 0.0390625 0.025390625
24 0.09391637731481484 0.439503761574074 0.06176215277777786 0.02361111111111125
19 0.11124131944444438 0.43475115740740744 0.06186342592592586 0.025564236111111027
21 0.07561487268518519 0.4442491319444444 0.06176215277777786 0.02361111111111125
22 0.8798828125 0.08984375 0.240234375 0.1796875
17 0.7666015625 0.1103515625 0.265625 0.220703125
0 0.5966796875 0.123046875 0.265625 0.24609375
3 0.4912109375 0.1435546875 0.22265625 0.287109375
3 0.4228515625 0.1533203125 0.0859375 0.306640625
10 0.3330078125 0.736328125 0.16796875 0.35546875
20 0.2646484375 0.7529296875 0.3046875 0.388671875
5 0.1162109375 0.7724609375 0.232421875 0.427734375
7 0.052734375 0.779296875 0.10546875 0.44140625
12 0.937172693359375 0.68298924609375 0.8122414609375 0.643793314453125 0.74079551171875 0.8707367890625 0.836970158203125 0.913583345703125 0.937172693359375 0.68298924609375
40 0.831738220703125 0.657193724609375 0.733625345703125 0.6229710859375 0.636357275390625 0.855024375 0.78380269140625 0.873256236328125 0.831738220703125 0.657193724609375
31 0.752420658203125 0.616735412109375 0.602814888671875 0.590808685546875 0.553088626953125 0.82173079296875 0.659746861328125 0.83970025 0.752420658203125 0.616735412109375
2 0.611295421875 0.58729458203125 0.492965892578125 0.559176416015625 0.4150153671875 0.79567286328125 0.562817947265625 0.82206412109375 0.611295421875 0.58729458203125
5 0.3798828125 0.55859375 0.3798828125 0.779585078125 0.42661391015625 0.783666044921875 0.51152705078125 0.55859375 0.3798828125 0.55859375