9 0.3443793402777777 0.4575376157407407 0.056872106481481666 0.04091435185185199
19 0.24665075231481481 0.4730902777777778 0.054918981481481444 0.04079861111111116
3 0.40106336805555554 0.4483217592592592 0.056872106481481444 0.04091435185185199
7 0.3727141203703703 0.45390624999999996 0.05688657407407405 0.04286747685185199
24 0.2749927662037037 0.46848234953703705 0.056872106481481444 0.04091435185185177
21 0.3033347800925926 0.4638744212962963 0.056872106481481444 0.04091435185185177
44 0.3603515625 0.7314453125 0.11328125 0.091796875
44 0.4296875 0.728515625 0.115234375 0.0859375
42 0.271484375 0.7333984375 0.119140625 0.095703125
31 0.1357421875 0.740234375 0.109375 0.109375
20 0.201171875 0.7373046875 0.115234375 0.103515625
44 0.4951171875 0.728515625 0.12109375 0.0859375
44 0.7724609375 0.951171875 0.162109375 0.09765625