19 0.09756221064814818 0.1105685763888889 0.03266782407407409 0.02633101851851849
9 0.16688368055555558 0.13165509259259256 0.03266782407407409 0.0263310185185186
7 0.18666811342592593 0.1372612847222222 0.03266782407407409 0.0263310185185186
3 0.2094328703703704 0.14395254629629634 0.03462094907407409 0.02640335648148151
24 0.11734664351851853 0.11617476851851849 0.03266782407407409 0.0263310185185186
21 0.137181712962963 0.12275752314814814 0.03266782407407409 0.02633101851851849
23 0.6357421875 0.365267841796875 0.685501244140625 0.386399470703125 0.74330622265625 0.143780767578125 0.6357421875 0.098541775390625 0.6357421875 0.365267841796875
29 0.78052441015625 0.431116052734375 0.844093279296875 0.198306228515625 0.74436021484375 0.15009379296875 0.684947421875 0.386050896484375 0.78052441015625 0.431116052734375
30 0.80830470703125 0.4482421875 0.90409876171875 0.4482421875 0.949740310546875 0.25815165234375 0.843941908203125 0.203654408203125 0.7845170625 0.436741373046875 0.80830470703125 0.4482421875
33 0.425004455078125 0.982768103515625 0.4591911171875 0.993113283203125 0.479732525390625 0.9108232109375 0.443804521484375 0.901103732421875 0.425004455078125 0.982768103515625
29 0.47912576953125 0.91113168359375 0.45807428125 0.99453072265625 0.479196060546875 0.9990234375 0.495753896484375 0.9990234375 0.515172546875 0.92092005859375 0.47912576953125 0.91113168359375
19 0.51272809765625 0.921876755859375 0.494384685546875 0.9990234375 0.53919041796875 0.9990234375 0.551594720703125 0.929146767578125 0.51272809765625 0.921876755859375
2 0.56008151171875 0.934541244140625 0.54635253515625 0.9990234375 0.58750678125 0.9990234375 0.596182830078125 0.94518367578125 0.56008151171875 0.934541244140625
3 0.593141271484375 0.946325302734375 0.58461025 0.9990234375 0.62469876171875 0.9990234375 0.633841615234375 0.9567256640625 0.593141271484375 0.946325302734375
22 0.7850558125 0.711431767578125 0.89013026171875 0.741640056640625 0.890552708984375 0.5353795703125 0.777263904296875 0.502368529296875 0.7850558125 0.711431767578125
3 1 0.5703856796875 0.929007419921875 0.552216103515625 0.922531853515625 0.752372869140625 1 0.773789416015625 1 0.5703856796875