9 0.3438368055555556 0.156712962962963 0.03256655092592586 0.026895254629629717
7 0.36547309027777786 0.15836950231481484 0.03256655092592586 0.026895254629629717
3 0.3872106481481481 0.16197916666666667 0.03256655092592586 0.026895254629629606
19 0.2718894675925926 0.1482421875 0.03256655092592586 0.026895254629629606
24 0.29357638888888893 0.15087528935185185 0.03256655092592586 0.026895254629629606
21 0.31428674768518516 0.15356626157407405 0.03256655092592586 0.026895254629629717
28 0.944798716796875 0.346366634765625 0.95249661328125 0.2413142265625 0.901871408203125 0.23750462109375 0.8929022421875 0.343716150390625 0.944798716796875 0.346366634765625
23 0.9903342578125 0.355103669921875 0.99999701953125 0.24766848828125 0.949070244140625 0.24286706640625 0.937886392578125 0.34874945703125 0.9903342578125 0.355103669921875
8 0.416748357421875 0.509765625 0.4021941796875 0.5381304921875 0.447492130859375 0.570560837890625 0.478051623046875 0.509765625 0.416748357421875 0.509765625
2 0.47375280078125 0.509765625 0.445417427734375 0.566491359375 0.497081828125 0.593431306640625 0.541990296875 0.509765625 0.47375280078125 0.509765625
33 0.6274101953125 0.509765625 0.635531404296875 0.70347184765625 0.737059466796875 0.673729376953125 0.73264396484375 0.509765625 0.6274101953125 0.509765625
30 0.7319907734375 0.509765625 0.73759841796875 0.66312946875 0.8229166484375 0.650257228515625 0.8269079609375 0.509765625 0.7319907734375 0.509765625
15 0.8260051328125 0.509765625 0.823364736328125 0.64498232421875 0.901339880859375 0.634197501953125 0.913762912109375 0.509765625 0.8260051328125 0.509765625
4 1 0.509765625 0.956512869140625 0.509765625 0.9541737578125 0.61151437109375 0.95526989453125 0.615446556640625 1 0.606788109375 1 0.509765625