9 0.3404296875 0.40151186342592593 0.03971354166666674 0.03233506944444442
19 0.42209201388888884 0.4150752314814815 0.03971354166666652 0.03233506944444442
7 0.31612413194444444 0.39753327546296297 0.03776041666666663 0.03226273148148151
3 0.29181857638888886 0.3935546875 0.03971354166666674 0.03233506944444442
24 0.39778645833333326 0.4110966435185185 0.03971354166666652 0.03233506944444442
21 0.3744574652777778 0.40708188657407407 0.03971354166666674 0.03233506944444442
29 1 0.336553908203125 0.984473841796875 0.33384050390625 0.9387578515625 0.550279681640625 1 0.5586003515625 1 0.336553908203125
16 0.986581955078125 0.3382454375 0.905200966796875 0.31593597265625 0.848335787109375 0.5301526953125 0.94277430078125 0.54267813671875 0.986581955078125 0.3382454375
22 0.908475271484375 0.31423425390625 0.80651455859375 0.2975506953125 0.754533349609375 0.51239963671875 0.850565169921875 0.528198220703125 0.908475271484375 0.31423425390625
1 0.791976439453125 0.288543591796875 0.697113525390625 0.274382328125 0.6378546171875 0.480826828125 0.726013916015625 0.504239919921875 0.791976439453125 0.288543591796875
0 0.703426318359375 0.27312692578125 0.586561462890625 0.255645857421875 0.544592541015625 0.4807731640625 0.641519861328125 0.4850191640625 0.703426318359375 0.27312692578125
4 0.5146484375 0.463324806640625 0.551290861328125 0.469573734375 0.59821480078125 0.25502373046875 0.5146484375 0.240506970703125 0.5146484375 0.463324806640625
0 0.537109375 0.8310546875 0.044921875 0.23046875
46 0.7095920138888889 0.863353587962963 0.1455729166666666 0.2294560185185186
47 0.8088107638888888 0.8772424768518519 0.15355902777777786 0.23755787037037024
12 0.6122395833333334 0.853298611111111 0.15125868055555536 0.22186053240740744