9 0.431640625 0.29950810185185184 0.042447916666666696 0.026504629629629628
19 0.4930989583333334 0.28064236111111107 0.04453124999999991 0.028559027777777857
3 0.3951171875 0.31022135416666663 0.04453124999999991 0.028559027777777857
24 0.47480468750000004 0.2855107060185185 0.04453124999999991 0.028559027777777746
7 0.4124348958333333 0.30540364583333335 0.04453125000000002 0.028559027777777857
21 0.4575520833333333 0.29130497685185186 0.04453124999999991 0.028559027777777857
0 0.8974609375 0.0185546875 0.134765625 0.037109375
7 0.8330078125 0.0263671875 0.134765625 0.052734375
31 0.40256390625 0.7895040234375 0.373472759765625 0.67874475390625 0.319220181640625 0.678787638671875 0.3629816484375 0.792551025390625 0.40256390625 0.7895040234375
20 0.370398591796875 0.797085517578125 0.330845544921875 0.679712802734375 0.276167205078125 0.6792929921875 0.303774203125 0.79828495703125 0.370398591796875 0.797085517578125
26 0.31990732421875 0.797019078125 0.28759727734375 0.68459283203125 0.2315147890625 0.688424310546875 0.263269560546875 0.803746560546875 0.31990732421875 0.797019078125
1 0.263210326171875 0.8036418671875 0.2331628203125 0.692244130859375 0.18146669140625 0.69400740234375 0.20824629296875 0.812401912109375 0.263210326171875 0.8036418671875
6 0.223380017578125 0.813234869140625 0.188547763671875 0.69543362109375 0.13393853515625 0.699283654296875 0.165379306640625 0.820335087890625 0.223380017578125 0.813234869140625
8 0.179602701171875 0.815705474609375 0.144350435546875 0.703459490234375 0.095295548828125 0.710569369140625 0.126004234375 0.82012516796875 0.179602701171875 0.815705474609375
23 1 0.4151575625 0.9149813515625 0.447874552734375 1 0.65833235546875 1 0.4151575625
29 1 0.651158486328125 0.926204453125 0.44814565625 0.819175986328125 0.495678140625 0.9183157578125 0.746293412109375 1 0.70979234765625 1 0.651158486328125
30 0.921056048828125 0.7555231484375 0.831470513671875 0.504180181640625 0.72336883984375 0.561868404296875 0.807389845703125 0.807680359375 0.921056048828125 0.7555231484375
1 0.6484375 0.5938016015625 0.6484375 0.828982521484375 0.66885075 0.885232873046875 0.778834640625 0.835846904296875 0.681678275390625 0.58066637890625 0.6484375 0.5938016015625