19 0.4038628472222222 0.3326822916666667 0.057204861111111116 0.03281250000000002
9 0.33179253472222225 0.3462890625 0.057204861111111116 0.03281249999999991
7 0.31039496527777777 0.35162760416666666 0.059157986111111116 0.03294270833333335
3 0.2889539930555556 0.3550130208333333 0.057204861111111116 0.03281249999999991
24 0.38244357638888893 0.3370442708333333 0.057161458333333304 0.030859375000000022
21 0.36102430555555554 0.34140625 0.057204861111111116 0.03281249999999991
32 0.678799318359375 0.067913412109375 0.574114375 0.1221575546875 0.69214130859375 0.3395700234375 0.78253037109375 0.29369678515625 0.678799318359375 0.067913412109375
23 0.5029296875 0.16068290234375 0.5029296875 0.216269689453125 0.5839130234375 0.383227990234375 0.69322919921875 0.334918873046875 0.58058043359375 0.12435708203125 0.5029296875 0.16068290234375
10 0.599194724609375 0.38231134375 0.5029296875 0.22727066015625 0.5029296875 0.417039525390625 0.599194724609375 0.38231134375
12 0.46777962109375 0.634355744140625 0.406437857421875 0.640665015625 0.41630197265625 0.7065819296875 0.478688388671875 0.701097466796875 0.46777962109375 0.634355744140625
32 0.434088353515625 0.64001208203125 0.37183126953125 0.647032896484375 0.389690990234375 0.713284951171875 0.445358677734375 0.70710075390625 0.434088353515625 0.64001208203125
27 0.414416755859375 0.7143616015625 0.39768036328125 0.646294822265625 0.338553279296875 0.65340858984375 0.353261359375 0.7197525859375 0.414416755859375 0.7143616015625
4 0.36683616015625 0.7219781171875 0.351265064453125 0.654911873046875 0.2932392734375 0.66147026171875 0.30688457421875 0.72845894140625 0.36683616015625 0.7219781171875
2 0.33428324609375 0.72872656640625 0.319023486328125 0.66218226953125 0.259127734375 0.6680721171875 0.273812515625 0.73540210546875 0.33428324609375 0.72872656640625
7 0.286965951171875 0.66703537890625 0.223848271484375 0.67443718359375 0.242400826171875 0.73967488671875 0.2984393125 0.734310119140625 0.286965951171875 0.66703537890625
6 0.974609375 0.6416015625 0.05078125 0.072265625
8 0.9596788194444444 0.648828125 0.06584201388888888 0.07044270833333344
2 0.9353298611111112 0.6533854166666666 0.06775173611111107 0.06861979166666665