19 0.493403263671875 0.330615123046875 0.443788830078125 0.332895748046875 0.45187916015625 0.342651080078125 0.45600077734375 0.346149416015625 0.50031027734375 0.343879109375 0.493403263671875 0.330615123046875
24 0.427433947265625 0.3393024296875 0.4321395625 0.34949024609375 0.481417072265625 0.34698748046875 0.4707600078125 0.333760822265625 0.46904988671875 0.33359973828125 0.42644352734375 0.336116541015625 0.427433947265625 0.3393024296875
21 0.4079087890625 0.349031423828125 0.408534068359375 0.35291925 0.4625789765625 0.35067671875 0.454457205078125 0.33741545703125 0.4329425546875 0.3377797421875 0.42974633203125 0.34776710546875 0.4079087890625 0.349031423828125
9 0.385020228515625 0.34419291015625 0.382076583984375 0.348113494140625 0.392297923828125 0.3565929609375 0.436467228515625 0.35463925 0.426745029296875 0.3490788125 0.43250115234375 0.347081548828125 0.4305633515625 0.342466703125 0.385020228515625 0.34419291015625
7 0.418782546875 0.358403759765625 0.4091322421875 0.345479017578125 0.362778765625 0.347388603515625 0.3751988203125 0.3605270078125 0.418782546875 0.358403759765625
3 0.40074423046875 0.361291203125 0.388758845703125 0.348663384765625 0.344675771484375 0.350939494140625 0.351436572265625 0.36334493359375 0.40074423046875 0.361291203125
4 0.9833984375 0.0625 0.033203125 0.08203125
0 0.966796875 0.068359375 0.06640625 0.078125
8 0.9429976851851852 0.07895688657407407 0.08658854166666674 0.07884837962962954
2 0.3578703703703703 0.7275245949074074 0.09049479166666652 0.07890624999999996
50 0.4913194444444444 0.7001374421296296 0.10056423611111098 0.084910300925926
2 0.3233723958333333 0.7407407407407407 0.09049479166666674 0.07890625000000018
10 0.4498336226851851 0.7105251736111111 0.09254918981481497 0.08088831018518516
12 0.4129774305555556 0.7159577546296296 0.08844039351851851 0.07692418981481475
9 0.2893952546296297 0.7451533564814814 0.08473668981481475 0.08077256944444455
4 0.95703125 0.873046875 0.0859375 0.20703125
8 0.9179470486111111 0.8911675347222222 0.15546875000000004 0.20282118055555554