28 0.400190236328125 0.4174942109375 0.2916408671875 0.249375306640625 0.212470265625 0.291911490234375 0.324417138671875 0.465306048828125 0.400190236328125 0.4174942109375
23 0.4733344375 0.36973315625 0.364156875 0.199548423828125 0.278074984375 0.247284333984375 0.396572138671875 0.419159693359375 0.4733344375 0.36973315625
13 0.538507876953125 0.322295314453125 0.43589253515625 0.157083701171875 0.355292787109375 0.197599716796875 0.462813302734375 0.36718695703125 0.538507876953125 0.322295314453125
0 0.640912763671875 0.250618900390625 0.53429021484375 0.08955719921875 0.454527482421875 0.138507072265625 0.56389537109375 0.296387056640625 0.640912763671875 0.250618900390625
3 0.713842986328125 0.20145106640625 0.60295354296875 0.03656072265625 0.52069907421875 0.088045638671875 0.634442509765625 0.250446974609375 0.713842986328125 0.20145106640625
8 0.704386591796875 0.19867796484375 0.7842351328125 0.15476715625 0.678485056640625 0.0029296875 0.664014296875 0.0029296875 0.59859293359375 0.033497220703125 0.704386591796875 0.19867796484375
6 0.0341796875 0.8798828125 0.068359375 0.232421875
13 0.90424536328125 0.886054193359375 0.890189830078125 0.85025885546875 0.85770464453125 0.8548427890625 0.87070354296875 0.891759509765625 0.90424536328125 0.886054193359375
16 0.920318111328125 0.88065864453125 0.905952095703125 0.84349005859375 0.8748421328125 0.849280736328125 0.890084291015625 0.885340193359375 0.920318111328125 0.88065864453125
25 0.92451586328125 0.874916708984375 0.91853094140625 0.865689693359375 0.929212265625 0.856982962890625 0.93172950390625 0.849444744140625 0.928930037109375 0.841558302734375 0.91968346484375 0.83713355078125 0.890264125 0.84266423046875 0.907926740234375 0.88033812890625 0.92451586328125 0.874916708984375
0 0.95855648828125 0.86445827734375 0.94070755859375 0.829326306640625 0.91354623828125 0.835948423828125 0.92813211328125 0.86939353125 0.95855648828125 0.86445827734375
7 0.971721666015625 0.859475326171875 0.9598443828125 0.824765806640625 0.929149068359375 0.8293288671875 0.944822958984375 0.864848419921875 0.971721666015625 0.859475326171875
3 0.987692244140625 0.852858802734375 0.974077001953125 0.819459484375 0.944273599609375 0.823606435546875 0.957458994140625 0.8582629921875 0.987692244140625 0.852858802734375